194,56	-215,81538
194,83	-215,81538
195,09	-205,54872
195,36	-135,26538
195,63	-65,04872
195,90	-8,99872
196,17	-18,44872
196,44	-30,06538
196,71	-18,73205
196,97	-7,53205
197,24	15,73462
197,51	-6,59872
197,78	6,35128
198,05	8,56795
198,32	24,50128
198,59	6,81795
198,86	7,48462
199,12	-0,43205
199,39	7,25128
199,66	9,55128
199,93	23,83462
200,20	23,48462
200,47	2,86795
200,74	0,53462
201,00	-4,04872
201,27	5,36795
201,54	-8,19872
201,81	11,23462
202,08	-9,33205
202,35	3,63462
202,61	-3,11538
202,88	49,60128
203,15	31,53462
203,42	23,55128
203,69	-11,36538
203,96	-1,24872
204,23	-3,64872
204,49	-8,36538
204,76	17,03462
205,03	31,53462
205,30	36,28462
205,57	18,00128
205,84	19,38462
206,10	39,03462
206,37	42,40128
206,64	45,56795
206,91	40,23462
207,18	29,95128
207,45	23,98462
207,71	9,96795
207,98	25,38462
208,25	14,91795
208,52	8,23462
208,79	-2,61538
209,06	4,38462
209,32	16,71795
209,59	23,80128
209,86	-2,08205
210,13	2,25128
210,40	10,76795
210,67	43,01795
210,93	36,38462
211,20	13,18462
211,47	5,95128
211,74	30,10128
212,01	32,41795
212,28	44,73462
212,54	45,78462
212,81	49,61795
213,08	40,85128
213,35	31,58462
213,62	45,01795
213,88	51,38462
214,15	37,78462
214,42	26,10128
214,69	30,63462
214,96	35,05128
215,23	60,53462
215,49	50,43462
215,76	49,63462
216,03	40,83462
216,30	22,38462
216,57	7,78462
216,83	2,33462
217,10	12,75128
217,37	32,46795
217,64	54,65128
217,91	62,65128
218,17	29,06795
218,44	-14,86538
218,71	-12,08205
218,98	12,88462
219,25	46,13462
219,51	46,23462
219,78	43,75128
220,05	27,28462
220,32	16,25128
220,59	23,03462
220,85	24,66795
221,12	40,43462
221,39	53,05128
221,66	52,71795
221,93	31,51795
222,19	8,41795
222,46	22,98462
222,73	40,11795
223,00	59,00128
223,27	41,91795
223,53	37,58462
223,80	30,16795
224,07	39,08462
224,34	53,81795
224,61	46,56795
224,87	28,95128
225,14	1,76795
225,41	5,05128
225,68	26,48462
225,94	41,06795
226,21	44,88462
226,48	28,93462
226,75	29,83462
227,02	13,28462
227,28	20,45128
227,55	6,36795
227,82	18,45128
228,09	-4,29872
228,36	-6,81538
228,62	-2,68205
228,89	18,78462
229,16	29,53462
229,43	26,53462
229,69	23,53462
229,96	23,75128
230,23	13,23462
230,50	20,30128
230,76	11,10128
231,03	17,46795
231,30	17,93462
231,57	27,96795
231,84	27,08462
232,10	14,98462
232,37	13,76795
232,64	2,73462
232,91	8,28462
233,17	18,31795
233,44	29,46795
233,71	31,76795
233,98	10,73462
234,24	11,78462
234,51	29,31795
234,78	42,00128
235,05	55,11795
235,31	37,50128
235,58	29,78462
235,85	9,26795
236,12	-4,78205
236,39	19,26795
236,65	28,56795
236,92	73,05128
237,19	64,76795
237,46	99,98462
237,72	65,56795
237,99	45,36795
238,26	12,98462
238,53	37,16795
238,79	39,55128
239,06	35,90128
239,33	6,96795
239,60	1,26795
239,86	-9,61538
240,13	-11,53205
240,40	-12,91538
240,67	15,01795
240,93	25,08462
241,20	27,33462
241,47	2,66795
241,73	3,26795
242,00	6,58462
242,27	16,86795
242,54	18,16795
242,80	21,20128
243,07	26,53462
243,34	27,20128
243,61	59,96795
243,87	41,13462
244,14	35,76795
244,41	-1,63205
244,68	8,81795
244,94	11,56795
245,21	21,03462
245,48	29,63462
245,74	24,68462
246,01	36,28462
246,28	26,05128
246,55	21,56795
246,81	-2,76538
247,08	0,91795
247,35	14,46795
247,62	17,38462
247,88	0,76795
248,15	5,58462
248,42	41,81795
248,68	48,06795
248,95	32,70128
249,22	5,26795
249,49	14,88462
249,75	16,91795
250,02	24,75128
250,29	14,96795
250,56	29,46795
250,82	38,33462
251,09	48,10128
251,36	51,63462
251,62	25,93462
251,89	27,26795
252,16	42,95128
252,43	68,23462
252,69	59,23462
252,96	27,00128
253,23	21,76795
253,49	27,71795
253,76	37,55128
254,03	55,35128
254,29	57,50128
254,56	56,13462
254,83	28,00128
255,10	8,53462
255,36	5,35128
255,63	19,00128
255,90	43,95128
256,16	46,60128
256,43	20,61795
256,70	23,71795
256,96	22,03462
257,23	32,68462
257,50	22,68462
257,77	31,00128
258,03	32,03462
258,30	41,18462
258,57	19,76795
258,83	22,53462
259,10	12,58462
259,37	16,71795
259,63	6,95128
259,90	23,40128
260,17	22,63462
260,43	30,46795
260,70	13,18462
260,97	34,80128
261,24	39,36795
261,50	42,66795
261,77	28,26795
262,04	15,50128
262,30	6,13462
262,57	3,05128
262,84	13,71795
263,10	39,36795
263,37	52,21795
263,64	35,81795
263,90	14,13462
264,17	2,83462
264,44	8,83462
264,70	6,50128
264,97	18,85128
265,24	42,71795
265,50	57,21795
265,77	56,56795
266,04	41,21795
266,30	28,30128
266,57	8,25128
266,84	5,36795
267,10	7,83462
267,37	38,20128
267,64	43,20128
267,90	58,28462
268,17	46,68462
268,44	37,05128
268,70	13,13462
268,97	-11,43205
269,24	-4,71538
269,50	9,58462
269,77	30,80128
270,04	44,33462
270,30	36,23462
270,57	40,88462
270,84	15,21795
271,10	29,91795
271,37	19,26795
271,64	46,80128
271,90	72,45128
272,17	76,83462
272,44	63,81795
272,70	32,25128
272,97	24,31795
273,24	15,41795
273,50	21,81795
273,77	29,93462
274,04	37,23462
274,30	29,18462
274,57	23,78462
274,84	36,78462
275,10	39,25128
275,37	40,26795
275,64	19,16795
275,90	2,11795
276,17	-2,86538
276,43	11,00128
276,70	12,83462
276,97	6,41795
277,23	16,48462
277,50	18,11795
277,77	11,48462
278,03	-24,09872
278,30	-9,39872
278,57	-5,51538
278,83	6,18462
279,10	9,30128
279,37	4,41795
279,63	5,48462
279,90	12,71795
280,16	32,86795
280,43	47,26795
280,70	38,05128
280,96	55,73462
281,23	52,11795
281,50	39,33462
281,76	17,35128
282,03	15,98462
282,29	23,11795
282,56	24,11795
282,83	12,85128
283,09	2,88462
283,36	7,60128
283,63	16,10128
283,89	25,06795
284,16	27,55128
284,42	31,46795
284,69	35,53462
284,96	27,95128
285,22	21,43462
285,49	23,56795
285,76	26,60128
286,02	50,88462
286,29	57,80128
286,55	54,88462
286,82	30,38462
287,09	9,88462
287,35	24,01795
287,62	17,00128
287,88	24,10128
288,15	-0,23205
288,42	-4,28205
288,68	7,53462
288,95	19,08462
289,22	37,25128
289,48	34,98462
289,75	37,58462
290,01	38,70128
290,28	17,40128
290,55	22,03462
290,81	6,00128
291,08	26,13462
291,34	34,20128
291,61	52,16795
291,88	50,10128
292,14	22,25128
292,41	15,26795
292,67	32,81795
292,94	50,36795
293,21	49,18462
293,47	38,03462
293,74	39,51795
294,00	24,18462
294,27	3,76795
294,54	-9,31538
294,80	5,53462
295,07	27,30128
295,33	23,66795
295,60	27,63462
295,86	10,25128
296,13	5,60128
296,40	-10,31538
296,66	2,01795
296,93	43,21795
297,19	62,21795
297,46	54,85128
297,73	32,36795
297,99	17,23462
298,26	3,73462
298,52	-10,08205
298,79	-7,68205
299,05	-15,99872
299,32	1,38462
299,59	16,53462
299,85	32,90128
300,12	19,71795
300,38	2,03462
300,65	-5,14872
300,92	5,30128
301,18	8,45128
301,45	26,33462
301,71	7,50128
301,98	16,93462
302,24	24,53462
302,51	38,53462
302,78	37,98462
303,04	16,98462
303,31	23,71795
303,57	30,20128
303,84	31,31795
304,10	7,66795
304,37	2,18462
304,63	13,15128
304,90	33,45128
305,17	36,16795
305,43	24,10128
305,70	39,43462
305,96	35,06795
306,23	35,20128
306,49	25,63462
306,76	23,48462
307,03	24,86795
307,29	9,85128
307,56	16,85128
307,82	22,13462
308,09	30,01795
308,35	24,43462
308,62	37,90128
308,88	25,15128
309,15	28,83462
309,42	15,58462
309,68	23,21795
309,95	21,31795
310,21	6,48462
310,48	4,55128
310,74	2,90128
311,01	26,31795
311,27	16,68462
311,54	1,58462
311,80	-15,88205
312,07	8,23462
312,34	26,41795
312,60	15,98462
312,87	8,18462
313,13	15,91795
313,40	20,41795
313,66	24,56795
313,93	4,83462
314,19	30,83462
314,46	23,55128
314,72	38,01795
314,99	20,61795
315,25	10,25128
315,52	-7,48205
315,78	-9,04872
316,05	-5,39872
316,32	2,01795
316,58	1,88462
316,85	12,48462
317,11	13,91795
317,38	13,05128
317,64	10,31795
317,91	6,40128
318,17	6,13462
318,44	4,75128
318,70	-3,71538
318,97	4,86795
319,23	22,73462
319,50	27,95128
319,76	19,08462
320,03	-5,93205
320,29	4,63462
320,56	10,21795
320,82	21,41795
321,09	18,41795
321,36	30,00128
321,62	23,55128
321,89	14,41795
322,15	-3,53205
322,42	-2,88205
322,68	11,05128
322,95	29,23462
323,21	41,50128
323,48	31,51795
323,74	19,55128
324,01	11,16795
324,27	3,43462
324,54	-1,49872
324,80	7,58462
325,07	20,51795
325,33	34,96795
325,60	18,76795
325,86	21,60128
326,13	14,28462
326,39	22,55128
326,66	16,13462
326,92	16,20128
327,19	14,70128
327,45	10,73462
327,72	13,00128
327,98	11,76795
328,25	24,10128
328,51	13,85128
328,78	13,75128
329,04	8,06795
329,31	5,56795
329,57	-2,14872
329,84	-4,76538
330,10	8,13462
330,37	31,81795
330,63	29,51795
330,90	23,95128
331,16	17,65128
331,43	22,31795
331,69	35,36795
331,96	40,71795
332,22	42,66795
332,49	47,45128
332,75	33,48462
333,01	21,05128
333,28	1,75128
333,54	0,78462
333,81	25,28462
334,07	28,18462
334,34	18,70128
334,60	8,95128
334,87	15,93462
335,13	44,63462
335,40	33,43462
335,66	23,73462
335,93	5,06795
336,19	6,50128
336,46	17,30128
336,72	3,60128
336,99	2,95128
337,25	-6,41538
337,52	4,13462
337,78	19,45128
338,05	10,91795
338,31	20,76795
338,57	20,61795
338,84	18,18462
339,10	13,88462
339,37	2,35128
339,63	18,21795
339,90	20,88462
340,16	19,76795
340,43	7,36795
340,69	12,38462
340,96	2,93462
341,22	15,96795
341,49	-8,71538
341,75	-4,19872
342,01	-6,86538
342,28	7,11795
342,54	32,10128
342,81	37,28462
343,07	47,53462
343,34	19,28462
343,60	16,93462
343,87	-14,71538
344,13	-14,39872
344,40	-8,73205
344,66	8,86795
344,92	32,70128
345,19	13,05128
345,45	9,36795
345,72	10,05128
345,98	23,05128
346,25	29,56795
346,51	25,11795
346,78	23,40128
347,04	34,18462
347,30	20,26795
347,57	21,93462
347,83	9,86795
348,10	18,98462
348,36	20,48462
348,63	32,66795
348,89	29,30128
349,15	27,71795
349,42	15,86795
349,68	7,28462
349,95	4,10128
350,21	17,15128
350,48	27,40128
350,74	32,30128
351,01	18,35128
351,27	16,05128
351,53	3,85128
351,80	-4,68205
352,06	-6,59872
352,33	-4,99872
352,59	-8,96538
352,86	-11,09872
353,12	-2,96538
353,38	35,23462
353,65	25,45128
353,91	22,41795
354,18	14,81795
354,44	47,25128
354,70	41,65128
354,97	15,60128
355,23	-1,28205
355,50	-10,58205
355,76	2,06795
356,03	-5,59872
356,29	18,66795
356,55	14,73462
356,82	10,83462
357,08	-6,19872
357,35	-6,43205
357,61	15,70128
357,87	27,73462
358,14	22,15128
358,40	1,73462
358,67	3,21795
358,93	3,11795
359,20	13,05128
359,46	7,51795
359,72	9,56795
359,99	3,33462
360,25	22,10128
360,52	38,43462
360,78	52,83462
361,04	49,86795
361,31	27,35128
361,57	5,28462
361,84	-9,51538
362,10	-3,16538
362,36	3,75128
362,63	13,83462
362,89	16,88462
363,16	26,83462
363,42	31,83462
363,68	29,43462
363,95	29,96795
364,21	10,08462
364,47	24,35128
364,74	25,80128
365,00	30,55128
365,27	13,60128
365,53	9,23462
365,79	22,75128
366,06	43,55128
366,32	62,61795
366,59	39,98462
366,85	32,95128
367,11	17,58462
367,38	35,41795
367,64	36,00128
367,91	34,71795
368,17	24,45128
368,43	13,85128
368,70	16,96795
368,96	14,06795
369,22	39,93462
369,49	45,56795
369,75	47,95128
370,02	34,85128
370,28	24,66795
370,54	29,61795
370,81	19,68462
371,07	19,51795
371,33	51,75128
371,60	28,43462
371,86	19,26795
372,13	-14,04872
372,39	2,96795
372,65	18,28462
372,92	21,21795
373,18	38,90128
373,44	28,88462
373,71	7,33462
373,97	-16,69872
374,23	-15,28205
374,50	19,55128
374,76	29,68462
375,03	34,20128
375,29	23,31795
375,55	25,73462
375,82	13,93462
376,08	4,95128
376,34	31,60128
376,61	23,95128
376,87	11,35128
377,13	-32,64872
377,40	-16,39872
377,66	17,33462
377,92	49,60128
378,19	64,80128
378,45	66,25128
378,72	47,31795
378,98	41,00128
379,24	20,10128
379,51	27,65128
379,77	18,28462
380,03	-13,23205
380,30	0,31795
380,56	-2,23205
380,82	33,95128
381,09	18,53462
381,35	25,90128
381,61	10,78462
381,88	21,91795
382,14	31,21795
382,40	46,13462
382,67	32,58462
382,93	14,48462
383,19	1,30128
383,46	0,83462
383,72	7,23462
383,98	5,30128
384,25	20,11795
384,51	26,26795
384,77	25,93462
385,04	18,96795
385,30	2,16795
385,56	28,08462
385,83	45,50128
386,09	62,50128
386,35	57,16795
386,62	42,10128
386,88	56,55128
387,14	56,63462
387,41	46,51795
387,67	38,78462
387,93	35,43462
388,20	38,83462
388,46	26,95128
388,72	26,76795
388,99	25,65128
389,25	26,21795
389,51	11,76795
389,78	8,75128
390,04	15,60128
390,30	26,45128
390,56	22,76795
390,83	9,51795
391,09	18,03462
391,35	18,56795
391,62	31,50128
391,88	33,63462
392,14	52,70128
392,41	54,26795
392,67	33,68462
392,93	27,05128
393,20	3,93462
393,46	12,06795
393,72	-9,03205
393,99	-14,74872
394,25	-6,99872
394,51	-11,58205
394,77	12,45128
395,04	2,73462
395,30	23,10128
395,56	24,48462
395,83	21,45128
396,09	17,76795
396,35	23,08462
396,62	13,71795
396,88	28,58462
397,14	3,11795
397,40	42,53462
397,67	39,33462
397,93	41,56795
398,19	19,11795
398,46	9,91795
398,72	18,38462
398,98	15,35128
399,24	14,75128
399,51	14,81795
399,77	18,83462
400,03	8,53462
400,30	-12,18205
400,56	15,08462
400,82	28,45128
401,08	31,96795
401,35	1,98462
401,61	9,58462
401,87	11,10128
402,14	21,70128
402,40	12,51795
402,66	30,86795
402,92	5,56795
403,19	-0,38205
403,45	8,88462
403,71	22,85128
403,98	28,06795
404,24	14,06795
404,50	5,60128
404,76	14,66795
405,03	18,33462
405,29	30,35128
405,55	16,68462
405,81	26,46795
406,08	11,11795
406,34	11,50128
406,60	-4,48205
406,87	4,78462
407,13	9,83462
407,39	7,06795
407,65	-4,43205
407,92	-16,41538
408,18	-25,94872
408,44	-14,16538
408,70	-10,83205
408,97	10,75128
409,23	17,35128
409,49	23,65128
409,75	11,10128
410,02	5,98462
410,28	-3,41538
410,54	5,98462
410,80	13,00128
411,07	28,38462
411,33	41,10128
411,59	20,46795
411,85	37,10128
412,12	44,88462
412,38	62,75128
412,64	42,23462
412,90	12,96795
413,17	11,33462
413,43	5,25128
413,69	23,26795
413,95	21,73462
414,22	23,13462
414,48	-5,06538
414,74	-23,31538
415,00	-22,44872
415,27	-15,71538
415,53	7,48462
415,79	3,41795
416,05	14,80128
416,32	12,48462
416,58	37,55128
416,84	49,51795
417,10	32,13462
417,37	17,40128
417,63	6,05128
417,89	22,71795
418,15	10,23462
418,41	-0,86538
418,68	-7,59872
418,94	6,71795
419,20	6,11795
419,46	21,81795
419,73	16,48462
419,99	34,03462
420,25	24,76795
420,51	73,86795
420,78	73,41795
421,04	51,51795
421,30	-12,01538
421,56	-7,83205
421,82	8,00128
422,09	33,80128
422,35	18,20128
422,61	23,31795
422,87	100,16795
423,14	86,21795
423,40	81,00128
423,66	-20,29872
423,92	6,31795
424,18	7,18462
424,45	8,23462
424,71	-6,73205
424,97	-2,08205
425,23	-2,54872
425,49	-5,31538
425,76	4,08462
426,02	25,50128
426,28	39,23462
426,54	30,01795
426,81	26,18462
427,07	19,98462
427,33	10,86795
427,59	5,71795
427,85	4,20128
428,12	15,98462
428,38	22,93462
428,64	18,20128
428,90	8,16795
429,16	5,06795
429,43	8,26795
429,69	9,86795
429,95	10,03462
430,21	21,43462
430,47	45,10128
430,74	30,81795
431,00	16,56795
431,26	-19,59872
431,52	-12,66538
431,78	-3,94872
432,05	20,51795
432,31	46,86795
432,57	35,86795
432,83	14,20128
433,09	-9,99872
433,35	-6,74872
433,62	-9,64872
433,88	-20,48205
434,14	-18,71538
434,40	-18,54872
434,66	-3,93205
434,93	-6,83205
435,19	4,01795
435,45	-4,71538
435,71	21,60128
435,97	29,91795
436,23	34,31795
436,50	23,98462
436,76	20,06795
437,02	26,16795
437,28	12,08462
437,54	23,63462
437,81	16,81795
438,07	20,28462
438,33	8,51795
438,59	-0,84872
438,85	3,23462
439,11	-13,64872
439,38	11,50128
439,64	3,36795
439,90	16,18462
440,16	1,68462
440,42	-0,21538
440,68	6,36795
440,95	-4,86538
441,21	14,58462
441,47	27,48462
441,73	33,03462
441,99	26,48462
442,25	7,01795
442,52	18,31795
442,78	4,78462
443,04	11,66795
443,30	3,86795
443,56	20,28462
443,82	22,30128
444,08	33,95128
444,35	25,96795
444,61	20,31795
444,87	-8,04872
445,13	3,80128
445,39	-16,49872
445,65	-2,88205
445,92	-40,81538
446,18	-21,51538
446,44	-12,94872
446,70	15,45128
446,96	25,13462
447,22	31,60128
447,48	33,61795
447,75	35,26795
448,01	44,96795
448,27	24,55128
448,53	13,90128
448,79	8,26795
449,05	27,13462
449,31	19,63462
449,58	9,06795
449,84	5,60128
450,10	23,26795
450,36	13,28462
450,62	12,00128
450,88	2,50128
451,14	0,78462
451,41	-13,29872
451,67	-26,16538
451,93	-18,54872
452,19	-0,49872
452,45	24,83462
452,71	25,55128
452,97	6,05128
453,23	15,80128
453,50	20,53462
453,76	32,96795
454,02	13,56795
454,28	10,46795
454,54	14,08462
454,80	22,28462
455,06	18,15128
455,32	15,13462
455,59	-2,99872
455,85	0,13462
456,11	-4,13205
456,37	4,05128
456,63	4,01795
456,89	13,06795
457,15	33,40128
457,41	31,98462
457,68	39,33462
457,94	12,03462
458,20	12,25128
458,46	9,13462
458,72	25,60128
458,98	32,78462
459,24	32,55128
459,50	26,18462
459,76	17,43462
460,03	-11,33205
460,29	-11,71538
460,55	-5,83205
460,81	13,90128
461,07	3,21795
461,33	14,40128
461,59	32,28462
461,85	24,58462
462,11	6,76795
462,37	-10,03205
462,64	-0,26538
462,90	-9,29872
463,16	-14,51538
463,42	3,11795
463,68	9,63462
463,94	4,20128
464,20	-8,11538
464,46	-6,48205
464,72	20,06795
464,98	18,71795
465,24	38,50128
465,51	28,26795
465,77	33,05128
466,03	9,80128
466,29	10,41795
466,55	2,16795
466,81	9,06795
467,07	11,41795
467,33	20,03462
467,59	46,78462
467,85	39,01795
468,11	32,35128
468,38	-1,76538
468,64	11,75128
468,90	2,56795
469,16	14,65128
469,42	1,25128
469,68	4,33462
469,94	15,10128
470,20	22,83462
470,46	24,95128
470,72	13,10128
470,98	-5,86538
471,24	0,26795
471,50	-0,73205
471,77	13,35128
472,03	15,63462
472,29	-1,14872
472,55	-3,91538
472,81	7,06795
473,07	15,73462
473,33	-2,36538
473,59	-10,54872
473,85	-13,39872
474,11	-2,89872
474,37	-11,29872
474,63	-12,61538
474,89	7,31795
475,15	25,06795
475,41	53,40128
475,68	44,83462
475,94	31,06795
476,20	14,58462
476,46	19,58462
476,72	11,20128
476,98	17,30128
477,24	4,66795
477,50	4,81795
477,76	-5,36538
478,02	3,38462
478,28	15,83462
478,54	19,23462
478,80	25,53462
479,06	36,03462
479,32	60,71795
479,58	51,05128
479,84	33,76795
480,10	4,65128
480,36	15,31795
480,63	37,81795
480,89	26,26795
481,15	27,36795
481,41	5,61795
481,67	23,98462
481,93	13,48462
482,19	12,15128
482,45	13,30128
482,71	6,01795
482,97	0,18462
483,23	-7,66538
483,49	-6,14872
483,75	8,78462
484,01	9,83462
484,27	3,88462
484,53	7,56795
484,79	54,86795
485,05	61,56795
485,31	60,40128
485,57	4,95128
485,83	9,38462
486,09	-5,33205
486,35	-0,64872
486,61	-15,84872
486,87	-19,71538
487,13	-8,84872
487,39	6,10128
487,65	35,45128
487,91	38,16795
488,17	26,05128
488,43	-8,04872
488,70	-13,63205
488,96	-6,63205
489,22	-8,69872
489,48	-17,54872
489,74	-22,59872
490,00	-11,06538
490,26	-16,56538
490,52	4,58462
490,78	-0,04872
491,04	9,00128
491,30	-1,01538
491,56	11,53462
491,82	2,60128
492,08	-9,93205
492,34	-8,63205
492,60	2,10128
492,86	-0,64872
493,12	-1,29872
493,38	15,76795
493,64	45,16795
493,90	42,88462
494,16	11,50128
494,42	-4,88205
494,68	-6,44872
494,94	20,30128
495,20	37,26795
495,46	32,48462
495,72	15,60128
495,98	-8,76538
496,24	-24,48205
496,50	-23,69872
496,76	-0,88205
497,02	20,11795
497,28	30,63462
497,54	40,76795
497,80	45,46795
498,06	34,58462
498,32	-0,66538
498,58	-15,99872
498,84	-24,34872
499,10	-29,99872
499,36	-17,78205
499,62	-14,81538
499,88	2,03462
500,14	-1,48205
500,40	-7,11538
500,66	-3,06538
500,92	9,13462
501,18	15,66795
501,44	10,90128
501,69	6,68462
501,95	30,40128
502,21	30,68462
502,47	17,68462
502,73	-13,43205
502,99	-12,31538
503,25	-5,64872
503,51	3,98462
503,77	-4,61538
504,03	-6,94872
504,29	10,45128
504,55	28,38462
504,81	29,08462
505,07	8,18462
505,33	-3,64872
505,59	-4,58205
505,85	11,83462
506,11	15,98462
506,37	24,51795
506,63	11,30128
506,89	7,15128
507,15	10,51795
507,41	13,33462
507,67	21,55128
507,93	12,73462
508,19	10,28462
508,45	18,58462
508,71	17,53462
508,97	9,71795
509,23	-8,51538
509,49	15,83462
509,74	43,83462
510,00	44,93462
510,26	32,08462
510,52	7,30128
510,78	15,63462
511,04	-2,96538
511,30	20,51795
511,56	14,23462
511,82	17,43462
512,08	-6,79872
512,34	13,05128
512,60	7,28462
512,86	11,63462
513,12	-17,41538
513,38	-24,08205
513,64	-24,13205
513,90	-21,73205
514,16	9,15128
514,42	20,70128
514,67	22,36795
514,93	9,88462
515,19	-4,83205
515,45	-2,98205
515,71	-11,33205
515,97	3,65128
516,23	2,80128
516,49	1,00128
516,75	-0,16538
517,01	14,20128
517,27	16,15128
517,53	9,05128
517,79	-1,19872
518,05	-1,21538
518,31	12,41795
518,56	23,48462
518,82	35,75128
519,08	16,16795
519,34	3,16795
519,60	-8,73205
519,86	14,58462
520,12	16,18462
520,38	9,25128
520,64	11,48462
520,90	31,71795
521,16	37,81795
521,42	16,16795
521,68	-18,11538
521,93	-1,01538
522,19	1,00128
522,45	12,06795
522,71	-14,93205
522,97	-2,83205
523,23	-16,29872
523,49	-3,06538
523,75	-15,44872
524,01	-1,33205
524,27	-15,79872
524,53	1,15128
524,79	9,85128
525,04	24,91795
525,30	5,53462
525,56	-9,11538
525,82	-23,91538
526,08	-12,09872
526,34	-16,04872
526,60	12,63462
526,86	1,93462
527,12	16,61795
527,38	-3,69872
527,63	-1,41538
527,89	-4,96538
528,15	-1,41538
528,41	1,25128
528,67	7,85128
528,93	24,61795
529,19	14,23462
529,45	2,30128
529,71	-21,84872
529,97	-12,33205
530,22	-4,41538
530,48	8,46795
530,74	8,65128
531,00	6,03462
531,26	12,26795
531,52	10,76795
531,78	-3,29872
532,04	-8,73205
532,30	-16,33205
532,55	26,25128
532,81	32,83462
533,07	33,11795
533,33	7,10128
533,59	-9,09872
533,85	-14,29872
534,11	10,63462
534,37	31,98462
534,62	47,83462
534,88	8,06795
535,14	-18,44872
535,40	-26,19872
535,66	-14,96538
535,92	-6,68205
536,18	2,18462
536,44	-3,49872
536,69	-16,26538
536,95	-24,04872
537,21	-18,53205
537,47	2,48462
537,73	18,36795
537,99	9,51795
538,25	-5,54872
538,51	-22,63205
538,76	-15,03205
539,02	-7,69872
539,28	8,43462
539,54	2,86795
539,80	-5,69872
540,06	-16,63205
540,32	3,85128
540,57	19,88462
540,83	34,53462
541,09	10,46795
541,35	-3,79872
541,61	-19,21538
541,87	-20,33205
542,13	6,01795
542,38	24,30128
542,64	31,61795
542,90	20,95128
543,16	-8,93205
543,42	0,68462
543,68	-9,09872
543,94	4,60128
544,19	6,10128
544,45	21,20128
544,71	18,70128
544,97	23,43462
545,23	6,86795
545,49	5,45128
545,74	-24,26538
546,00	-10,33205
546,26	-35,93205
546,52	1,25128
546,78	1,88462
547,04	21,86795
547,29	5,63462
547,55	-9,21538
547,81	-5,28205
548,07	-5,88205
548,33	-14,19872
548,59	-14,46538
548,84	-21,09872
549,10	-14,03205
549,36	-24,46538
549,62	-24,16538
549,88	-22,56538
550,14	-14,96538
550,39	-19,83205
550,65	-10,23205
550,91	-4,71538
551,17	-1,14872
551,43	-8,54872
551,69	-7,48205
551,94	9,75128
552,20	22,46795
552,46	27,03462
552,72	13,80128
552,98	-0,91538
553,24	-7,49872
553,49	-10,76538
553,75	-4,16538
554,01	-3,29872
554,27	6,01795
554,53	17,00128
554,78	19,50128
555,04	7,23462
555,30	-5,73205
555,56	-21,48205
555,82	-5,73205
556,07	-0,29872
556,33	14,96795
556,59	4,23462
556,85	4,33462
557,11	13,41795
557,37	28,01795
557,62	8,03462
557,88	-10,94872
558,14	-8,01538
558,40	-7,28205
558,66	-4,09872
558,91	-27,69872
559,17	-16,99872
559,43	-8,54872
559,69	-9,73205
559,95	-20,18205
560,20	-32,83205
560,46	-8,79872
560,72	6,90128
560,98	32,10128
561,24	1,81795
561,49	-1,89872
561,75	-17,46538
562,01	0,28462
562,27	5,73462
562,52	2,65128
562,78	0,23462
563,04	-3,14872
563,30	-17,91538
563,56	-24,88205
563,81	-20,16538
564,07	-0,03205
564,33	23,20128
564,59	-0,46538
564,85	-19,36538
565,10	-14,06538
565,36	-4,11538
565,62	24,50128
565,88	-16,56538
566,13	-16,63205
566,39	-36,23205
566,65	-14,91538
566,91	5,45128
567,17	2,75128
567,42	16,05128
567,68	0,40128
567,94	11,08462
568,20	-0,73205
568,45	9,75128
568,71	3,10128
568,97	-9,74872
569,23	8,78462
569,49	15,23462
569,74	25,28462
570,00	-20,03205
570,26	-22,56538
570,52	-23,33205
570,77	5,15128
571,03	24,98462
571,29	34,11795
571,55	38,70128
571,80	5,80128
572,06	-15,94872
572,32	-32,41538
572,58	12,36795
572,83	39,11795
573,09	30,33462
573,35	7,25128
573,61	-14,88205
573,86	-10,36538
574,12	-30,29872
574,38	-14,94872
574,64	-16,93205
574,89	3,35128
575,15	26,06795
575,41	32,90128
575,67	23,53462
575,92	-3,36538
576,18	9,60128
576,44	12,05128
576,70	8,03462
576,95	-17,29872
577,21	-28,83205
577,47	-23,09872
577,73	-4,44872
577,98	-1,61538
578,24	-8,34872
578,50	-16,51538
578,76	-8,39872
579,01	-17,28205
579,27	-23,39872
579,53	-8,59872
579,79	0,86795
580,04	0,85128
580,30	-29,11538
580,56	-41,98205
580,81	-41,59872
581,07	-27,38205
581,33	-20,26538
581,59	-13,39872
581,84	1,71795
582,10	17,23462
582,36	20,15128
582,62	12,60128
582,87	12,68462
583,13	35,35128
583,39	32,25128
583,64	36,40128
583,90	4,25128
584,16	2,25128
584,42	-12,29872
584,67	-8,86538
584,93	-5,71538
585,19	-2,36538
585,45	0,43462
585,70	-7,51538
585,96	2,25128
586,22	0,95128
586,47	-2,89872
586,73	-3,89872
586,99	-9,94872
587,25	5,33462
587,50	-10,11538
587,76	-11,69872
588,02	-20,64872
588,27	-11,54872
588,53	11,71795
588,79	3,18462
589,04	-11,54872
589,30	-12,33205
589,56	-11,26538
589,82	8,51795
590,07	-1,36538
590,33	1,05128
590,59	-13,51538
590,84	-16,49872
591,10	-9,24872
591,36	1,00128
591,61	1,06795
591,87	4,83462
592,13	-3,61538
592,39	-7,69872
592,64	-14,68205
592,90	-25,34872
593,16	-27,19872
593,41	-23,74872
593,67	-11,68205
593,93	-7,09872
594,18	2,31795
594,44	11,63462
594,70	7,03462
594,95	2,68462
595,21	9,80128
595,47	11,26795
595,73	2,30128
595,98	-8,29872
596,24	-6,71538
596,50	-18,61538
596,75	-12,51538
597,01	-1,79872
597,27	7,31795
597,52	4,23462
597,78	1,38462
598,04	10,98462
598,29	-6,84872
598,55	-4,31538
598,81	-18,03205
599,06	-8,46538
599,32	-23,94872
599,58	-0,93205
599,83	-9,84872
600,09	-6,09872
600,35	-21,94872
600,60	-14,59872
600,86	-2,38205
601,12	2,18462
601,37	9,65128
601,63	-6,83205
601,89	-17,99872
602,14	-22,41538
602,40	-18,64872
602,66	-13,21538
602,91	-27,89872
603,17	-11,99872
603,43	4,51795
603,68	29,60128
603,94	18,13462
604,20	5,86795
604,45	-7,66538
604,71	-8,54872
604,97	-6,39872
605,22	-5,23205
605,48	-4,94872
605,74	3,36795
605,99	6,36795
606,25	3,90128
606,51	-9,14872
606,76	-24,79872
607,02	-10,38205
607,27	-14,13205
607,53	1,53462
607,79	1,00128
608,04	-10,13205
608,30	-15,96538
608,56	-31,04872
608,81	-2,01538
609,07	-0,88205
609,33	31,45128
609,58	40,60128
609,84	54,66795
610,10	36,95128
610,35	9,80128
610,61	2,40128
610,86	-11,58205
611,12	-4,81538
611,38	-17,08205
611,63	-17,08205
611,89	-14,64872
612,15	1,21795
612,40	-5,08205
612,66	-23,36538
612,92	-46,99872
613,17	-18,49872
613,43	4,68462
613,68	18,53462
613,94	-3,49872
614,20	-16,04872
614,45	-25,08205
614,71	-8,04872
614,97	-18,63205
615,22	-17,16538
615,48	-29,29872
615,73	-15,84872
615,99	-10,19872
616,25	-6,68205
616,50	2,35128
616,76	1,53462
617,01	4,40128
617,27	-18,68205
617,53	-14,78205
617,78	2,40128
618,04	24,30128
618,30	33,21795
618,55	0,43462
618,81	0,46795
619,06	-15,51538
619,32	-8,29872
619,58	-15,11538
619,83	-8,44872
620,09	-14,16538
620,34	-16,26538
620,60	-22,33205
620,86	-23,43205
621,11	-22,59872
621,37	-4,74872
621,62	-0,54872
621,88	-15,39872
622,14	-42,36538
622,39	-34,11538
622,65	-22,28205
622,90	-17,63205
623,16	-12,63205
623,42	-7,61538
623,67	-17,98205
623,93	-17,53205
624,18	-24,21538
624,44	6,90128
624,70	14,33462
624,95	14,73462
625,21	8,50128
625,46	-12,46538
625,72	3,35128
625,98	-14,81538
626,23	-3,58205
626,49	-30,04872
626,74	-19,59872
627,00	-19,21538
627,25	-9,64872
627,51	0,35128
627,77	-12,58205
628,02	-26,43205
628,28	-36,18205
628,53	-28,33205
628,79	-11,06538
629,04	-16,89872
629,30	-17,76538
629,56	-5,51538
629,81	-9,64872
630,07	-8,59872
630,32	-23,04872
630,58	10,75128
630,83	10,13462
631,09	6,58462
631,35	-16,54872
631,60	-17,33205
631,86	2,08462
632,11	2,85128
632,37	-10,14872
632,62	-30,51538
632,88	-36,48205
633,14	-31,51538
633,39	-31,09872
633,65	-5,23205
633,90	14,28462
634,16	14,48462
634,41	-6,93205
634,67	-13,13205
634,93	3,23462
635,18	11,13462
635,44	-6,76538
635,69	-20,93205
635,95	-16,09872
636,20	9,85128
636,46	8,95128
636,71	2,13462
636,97	-8,39872
637,22	-3,86538
637,48	-9,14872
637,74	-10,64872
637,99	-2,46538
638,25	4,21795
638,50	-0,76538
638,76	1,26795
639,01	-11,06538
639,27	-16,21538
639,52	-18,98205
639,78	-7,99872
640,03	-7,93205
640,29	-23,16538
640,55	-21,34872
640,80	-21,28205
641,06	-23,89872
641,31	-12,73205
641,57	-9,83205
641,82	7,11795
642,08	3,08462
642,33	8,61795
642,59	12,28462
642,84	11,36795
643,10	1,86795
643,35	-11,16538
643,61	-16,56538
643,87	-8,33205
644,12	-7,94872
644,38	-20,99872
644,63	-17,33205
644,89	0,63462
645,14	10,05128
645,40	5,93462
645,65	6,16795
645,91	3,73462
646,16	17,10128
646,42	16,28462
646,67	11,76795
646,93	-0,23205
647,18	-3,29872
647,44	1,21795
647,69	-6,99872
647,95	-24,31538
648,20	-29,53205
648,46	-27,84872
648,71	-21,11538
648,97	-17,61538
649,22	-16,31538
649,48	-20,06538
649,73	-21,19872
649,99	-23,58205
650,24	-9,49872
650,50	0,85128
650,75	6,91795
651,01	4,48462
651,26	-1,94872
651,52	-5,49872
651,77	-17,73205
652,03	-14,68205
652,28	-20,88205
652,54	0,05128
652,79	20,30128
653,05	37,66795
653,30	33,03462
653,56	8,53462
653,81	7,63462
654,07	7,51795
654,32	13,95128
654,58	3,31795
654,83	7,86795
655,09	-6,39872
655,34	-9,94872
655,60	-23,89872
655,85	-19,99872
656,11	3,50128
656,36	14,38462
656,62	11,01795
656,87	-7,91538
657,13	-34,68205
657,38	-20,56538
657,64	-2,59872
657,89	21,61795
658,15	1,48462
658,40	-22,14872
658,66	-21,78205
658,91	-15,51538
659,17	-12,04872
659,42	-14,81538
659,68	-10,69872
659,93	-22,11538
660,19	-29,38205
660,44	-18,16538
660,70	1,91795
660,95	1,11795
661,20	-6,99872
661,46	-10,01538
661,71	-2,76538
661,97	-9,79872
662,22	-4,79872
662,48	-0,41538
662,73	4,91795
662,99	15,95128
663,24	19,85128
663,50	11,33462
663,75	0,15128
664,01	-25,29872
664,26	-1,71538
664,52	-8,04872
664,77	14,18462
665,02	16,83462
665,28	22,35128
665,53	16,55128
665,79	16,45128
666,04	17,51795
666,30	8,80128
666,55	3,11795
666,81	-13,74872
667,06	-5,68205
667,32	-4,31538
667,57	1,98462
667,82	0,65128
668,08	0,85128
668,33	5,73462
668,59	-1,38205
668,84	4,41795
669,10	-0,24872
669,35	59,16795
669,61	30,55128
669,86	45,11795
670,11	-12,56538
670,37	5,61795
670,62	3,10128
670,88	13,68462
671,13	-2,88205
671,39	-23,86538
671,64	-36,26538
671,90	-24,94872
672,15	-13,03205
672,40	-17,59872
672,66	-30,89872
672,91	-22,68205
673,17	-16,41538
673,42	-3,21538
673,68	-11,38205
673,93	-16,63205
674,18	-12,86538
674,44	-20,53205
674,69	-11,23205
674,95	-7,24872
675,20	-2,36538
675,46	-5,39872
675,71	-20,28205
675,96	-8,96538
676,22	-17,53205
676,47	-7,44872
676,73	-11,83205
676,98	-9,23205
677,23	-4,09872
677,49	3,21795
677,74	23,68462
678,00	6,90128
678,25	0,83462
678,51	1,53462
678,76	-3,69872
679,01	-1,69872
679,27	-19,58205
679,52	-17,66538
679,78	-23,98205
680,03	-15,84872
680,28	-12,79872
680,54	-17,21538
680,79	-33,23205
681,05	-30,63205
681,30	-32,93205
681,55	-26,23205
681,81	-23,61538
682,06	-4,04872
682,32	8,26795
682,57	23,13462
682,82	12,45128
683,08	0,41795
683,33	-26,39872
683,59	-17,58205
683,84	-23,61538
684,09	-13,19872
684,35	-20,16538
684,60	-3,51538
684,86	-0,91538
685,11	17,13462
685,36	16,90128
685,62	28,35128
685,87	-7,23205
686,13	-20,18205
686,38	-42,93205
686,63	-21,71538
686,89	-3,59872
687,14	28,03462
687,40	21,43462
687,65	21,41795
687,90	4,15128
688,16	3,41795
688,41	-9,83205
688,66	-18,91538
688,92	-16,68205
689,17	-24,64872
689,43	-29,46538
689,68	-28,19872
689,93	-18,56538
690,19	-15,06538
690,44	-28,91538
690,69	-38,68205
690,95	-37,51538
691,20	-21,23205
691,46	-25,13205
691,71	-13,46538
691,96	-8,24872
692,22	1,63462
692,47	-10,48205
692,72	-24,34872
692,98	-26,08205
693,23	-14,74872
693,49	1,53462
693,74	7,41795
693,99	12,25128
694,25	6,53462
694,50	8,83462
694,75	-0,48205
695,01	-21,21538
695,26	-19,18205
695,51	-16,73205
695,77	-16,83205
696,02	-22,73205
696,27	-25,26538
696,53	-5,41538
696,78	3,00128
697,04	8,83462
697,29	-1,58205
697,54	-8,53205
697,80	-20,78205
698,05	-15,01538
698,30	-23,44872
698,56	-22,49872
698,81	-23,44872
699,06	-15,78205
699,32	-17,13205
699,57	-15,58205
699,82	-2,66538
700,08	-6,56538
700,33	-12,08205
700,58	-26,96538
700,84	-23,24872
701,09	-29,36538
701,34	-27,13205
701,60	-17,64872
701,85	-13,51538
702,10	-6,26538
702,36	-0,56538
702,61	-7,69872
702,86	-22,84872
703,12	-46,06538
703,37	-37,56538
703,62	-37,16538
703,88	-35,56538
704,13	-45,11538
704,38	-42,64872
704,64	-14,68205
704,89	-4,93205
705,14	16,38462
705,40	11,40128
705,65	9,81795
705,90	-9,39872
706,16	-31,58205
706,41	-23,73205
706,66	-21,73205
706,92	-17,43205
707,17	-12,83205
707,42	10,58462
707,68	0,15128
707,93	-9,06538
708,18	-19,44872
708,44	9,73462
708,69	22,26795
708,94	16,33462
709,19	5,96795
709,45	10,33462
709,70	-1,01538
709,95	-0,84872
710,21	-24,23205
710,46	-27,04872
710,71	-10,71538
710,97	-11,39872
711,22	-1,04872
711,47	-25,64872
711,73	-16,73205
711,98	-18,79872
712,23	-19,04872
712,48	-27,59872
712,74	-28,13205
712,99	-30,36538
713,24	-38,41538
713,50	-39,71538
713,75	-18,23205
714,00	-2,74872
714,26	-8,01538
714,51	-21,94872
714,76	-20,68205
715,01	-24,34872
715,27	-4,41538
715,52	-8,61538
715,77	4,20128
716,03	-14,94872
716,28	-13,13205
716,53	-2,14872
716,78	-2,94872
717,04	1,51795
717,29	0,76795
717,54	11,45128
717,80	3,01795
718,05	-2,51538
718,30	-13,19872
718,55	-5,39872
718,81	-9,16538
719,06	2,91795
719,31	0,41795
719,57	-11,76538
719,82	-19,01538
720,07	-13,03205
720,32	-10,73205
720,58	-6,51538
720,83	-9,54872
721,08	-4,21538
721,33	-8,49872
721,59	1,88462
721,84	11,75128
722,09	21,46795
722,35	14,40128
722,60	3,20128
722,85	-0,06538
723,10	-10,06538
723,36	-6,98205
723,61	-18,61538
723,86	-9,69872
724,11	0,96795
724,37	-5,58205
724,62	-13,76538
724,87	-28,39872
725,12	-24,64872
725,38	-22,59872
725,63	-21,36538
725,88	-29,16538
726,13	-29,18205
726,39	-44,99872
726,64	-21,64872
726,89	-22,16538
727,14	-13,21538
727,40	-21,39872
727,65	-16,03205
727,90	2,10128
728,15	7,80128
728,41	-4,41538
728,66	-6,89872
728,91	-21,73205
729,16	-11,74872
729,42	-11,09872
729,67	-1,09872
729,92	-19,68205
730,17	-27,71538
730,43	-24,68205
730,68	-1,08205
730,93	2,95128
731,18	-3,48205
731,44	-11,94872
731,69	-18,11538
731,94	-12,16538
732,19	-2,16538
732,45	7,58462
732,70	20,80128
732,95	6,00128
733,20	-10,04872
733,45	-19,88205
733,71	-9,88205
733,96	-10,43205
734,21	-6,58205
734,46	-10,68205
734,72	-4,04872
734,97	-6,14872
735,22	-8,61538
735,47	-5,54872
735,72	-12,14872
735,98	-14,86538
736,23	-14,39872
736,48	-8,84872
736,73	-3,33205
736,99	-9,76538
737,24	-9,84872
737,49	-13,28205
737,74	-9,43205
737,99	9,40128
738,25	14,23462
738,50	12,23462
738,75	-20,06538
739,00	-16,81538
739,25	-6,26538
739,51	-6,43205
739,76	-7,88205
740,01	-7,79872
740,26	3,13462
740,52	8,25128
740,77	27,30128
741,02	28,70128
741,27	16,66795
741,52	-4,79872
741,78	-10,93205
742,03	-9,89872
742,28	-13,21538
742,53	-7,64872
742,78	4,31795
743,04	12,88462
743,29	18,48462
743,54	20,25128
743,79	4,00128
744,04	-13,24872
744,30	-16,93205
744,55	-7,96538
744,80	11,56795
745,05	2,53462
745,30	-0,48205
745,55	-21,14872
745,81	-2,64872
746,06	-0,73205
746,31	11,28462
746,56	-1,53205
746,81	7,48462
747,07	13,76795
747,32	18,73462
747,57	27,65128
747,82	32,36795
748,07	45,40128
748,32	26,66795
748,58	19,76795
748,83	1,23462
749,08	12,13462
749,33	14,08462
749,58	24,00128
749,84	23,08462
750,09	9,41795
750,34	-2,59872
750,59	2,06795
750,84	-2,73205
751,09	19,21795
751,35	13,65128
751,60	26,45128
751,85	-1,81538
752,10	-20,23205
752,35	-8,44872
752,60	1,98462
752,86	14,88462
753,11	-7,49872
753,36	-17,54872
753,61	-21,81538
753,86	-29,21538
754,11	-26,88205
754,37	-41,14872
754,62	-38,08205
754,87	-37,44872
755,12	-13,01538
755,37	-0,74872
755,62	4,96795
755,87	-19,68205
756,13	-30,81538
756,38	-33,96538
756,63	-12,49872
756,88	12,76795
757,13	10,15128
757,38	9,98462
757,64	-17,69872
757,89	-17,24872
758,14	-4,44872
758,39	-1,51538
758,64	18,98462
758,89	5,33462
759,14	20,58462
759,40	14,15128
759,65	11,73462
759,90	4,33462
760,15	-8,46538
760,40	-28,16538
760,65	-34,41538
760,90	-34,03205
761,15	-22,63205
761,41	-13,43205
761,66	-15,86538
761,91	-5,21538
762,16	-17,69872
762,41	-2,14872
762,66	-14,31538
762,91	-5,53205
763,17	-11,08205
763,42	-2,59872
763,67	5,41795
763,92	3,76795
764,17	1,16795
764,42	-14,19872
764,67	-8,98205
764,92	4,01795
765,18	6,33462
765,43	-12,69872
765,68	-7,18205
765,93	5,05128
766,18	13,83462
766,43	4,35128
766,68	5,01795
766,93	1,28462
767,18	-5,48205
767,44	-6,94872
767,69	-11,91538
767,94	1,75128
768,19	-7,71538
768,44	-4,14872
768,69	-7,84872
768,94	5,80128
769,19	6,00128
769,44	4,43462
769,70	-18,33205
769,95	-10,83205
770,20	-6,43205
770,45	15,33462
770,70	18,16795
770,95	9,26795
771,20	-9,18205
771,45	2,08462
771,70	-1,06538
771,95	-0,96538
772,21	-2,08205
772,46	1,66795
772,71	7,73462
772,96	-1,11538
773,21	-2,79872
773,46	11,51795
773,71	11,60128
773,96	-1,53205
774,21	-9,53205
774,46	-10,63205
774,72	3,30128
774,97	-5,04872
775,22	-19,04872
775,47	-19,59872
775,72	-18,38205
775,97	-3,03205
776,22	-7,31538
776,47	10,78462
776,72	13,33462
776,97	18,51795
777,22	-3,16538
777,47	-1,69872
777,73	-9,43205
777,98	6,63462
778,23	-1,78205
778,48	-2,89872
778,73	-21,01538
778,98	-16,18205
779,23	-2,71538
779,48	7,45128
779,73	-6,73205
779,98	-19,79872
780,23	-18,01538
780,48	-13,29872
780,73	1,61795
780,98	9,81795
781,24	15,03462
781,49	-2,48205
781,74	-19,86538
781,99	-24,51538
782,24	-18,96538
782,49	-15,01538
782,74	-12,48205
782,99	-9,79872
783,24	-10,93205
783,49	-8,21538
783,74	-10,21538
783,99	7,33462
784,24	-0,06538
784,49	-2,14872
784,74	-9,91538
784,99	-0,63205
785,24	-11,14872
785,49	-32,71538
785,75	-8,43205
786,00	23,13462
786,25	30,78462
786,50	3,81795
786,75	-24,69872
787,00	-5,74872
787,25	-3,49872
787,50	9,46795
787,75	-1,19872
788,00	17,50128
788,25	-5,64872
788,50	-14,49872
788,75	-32,86538
789,00	-27,09872
789,25	-31,93205
789,50	-44,94872
789,75	-41,98205
790,00	-28,04872
790,25	-20,26538
790,50	14,85128
790,75	31,81795
791,00	31,70128
791,25	19,10128
791,50	-1,39872
791,75	0,35128
792,01	6,76795
792,26	8,85128
792,51	18,63462
792,76	-2,61538
793,01	-4,46538
793,26	-34,66538
793,51	-29,23205
793,76	-28,13205
794,01	-2,84872
794,26	-2,04872
794,51	-0,44872
794,76	-12,31538
795,01	-4,14872
795,26	0,81795
795,51	11,46795
795,76	1,90128
796,01	8,36795
796,26	12,23462
796,51	7,71795
796,76	-7,69872
797,01	-26,21538
797,26	-15,09872
797,51	-21,34872
797,76	-1,63205
798,01	-5,49872
798,26	18,45128
798,51	7,11795
798,76	-10,31538
799,01	-19,43205
799,26	-26,78205
799,51	-17,89872
799,76	-21,98205
800,01	-2,59872
800,26	-8,73205
800,51	-3,36538
800,76	-14,31538
801,01	-8,34872
801,26	-15,51538
801,51	-18,29872
801,76	-14,61538
802,01	-18,08205
802,26	-8,58205
802,51	5,93462
802,76	12,03462
803,01	7,31795
803,26	-17,06538
803,51	-17,56538
803,76	-12,89872
804,01	1,56795
804,26	-8,63205
804,51	-21,11538
804,76	-30,78205
805,01	-25,43205
805,26	-26,41538
805,51	-25,53205
805,76	-30,93205
806,01	6,91795
806,26	19,31795
806,51	23,11795
806,76	-19,16538
807,01	-35,74872
807,26	-34,86538
807,51	-37,94872
807,76	-37,68205
808,01	-31,44872
808,26	-16,01538
808,50	-11,03205
808,75	-13,51538
809,00	-18,19872
809,25	-9,28205
809,50	-12,56538
809,75	-5,64872
810,00	-10,36538
810,25	-16,54872
810,50	-9,43205
810,75	-8,74872
811,00	10,26795
811,25	3,58462
811,50	19,86795
811,75	17,63462
812,00	9,55128
812,25	-6,34872
812,50	-33,11538
812,75	-34,03205
813,00	-36,13205
813,25	-23,44872
813,50	-19,71538
813,75	-23,88205
814,00	-18,08205
814,25	-16,79872
814,50	3,85128
814,74	0,75128
814,99	14,36795
815,24	-5,44872
815,49	-3,64872
815,74	-16,86538
815,99	1,30128
816,24	8,00128
816,49	12,13462
816,74	20,25128
816,99	11,30128
817,24	15,43462
817,49	-24,53205
817,74	-12,33205
817,99	-33,53205
818,24	-24,08205
818,49	-25,74872
818,74	-15,13205
818,98	-0,33205
819,23	-9,86538
819,48	13,33462
819,73	7,66795
819,98	25,28462
820,23	-4,16538
820,48	0,96795
820,73	-7,94872
820,98	-4,79872
821,23	-20,26538
821,48	-36,53205
821,73	-37,48205
821,98	-27,88205
822,23	-27,73205
822,47	-2,29872
822,72	-3,49872
822,97	7,61795
823,22	-3,26538
823,47	-1,11538
823,72	4,63462
823,97	8,03462
824,22	20,75128
824,47	13,63462
824,72	3,95128
824,97	-12,94872
825,22	-13,54872
825,46	-12,18205
825,71	-6,03205
825,96	-8,53205
826,21	-14,48205
826,46	-21,84872
826,71	-19,26538
826,96	-0,88205
827,21	-4,11538
827,46	-6,66538
827,71	-23,83205
827,96	-23,39872
828,20	-17,59872
828,45	-11,71538
828,70	-2,61538
828,95	-9,26538
829,20	-11,28205
829,45	-15,31538
829,70	-13,86538
829,95	-16,44872
830,20	-20,73205
830,45	-5,69872
830,69	-3,58205
830,94	-0,41538
831,19	-6,11538
831,44	-18,41538
831,69	-10,99872
831,94	-19,21538
832,19	-5,26538
832,44	-20,18205
832,69	-19,76538
832,93	-19,63205
833,18	-1,58205
833,43	-6,56538
833,68	-16,98205
833,93	-18,41538
834,18	-10,79872
834,43	-0,86538
834,68	-9,18205
834,92	-19,13205
835,17	-17,74872
835,42	-8,06538
835,67	7,90128
835,92	-0,94872
836,17	-11,08205
836,42	-25,03205
836,67	-41,74872
836,91	-28,49872
837,16	-20,09872
837,41	-15,73205
837,66	-2,58205
837,91	12,46795
838,16	23,48462
838,41	8,46795
838,66	-16,63205
838,90	-3,74872
839,15	-11,86538
839,40	-3,31538
839,65	-20,83205
839,90	-27,23205
840,15	-17,86538
840,40	-23,19872
840,64	-5,79872
840,89	-23,29872
841,14	-6,81538
841,39	-17,99872
841,64	-17,78205
841,89	-14,98205
842,14	-28,09872
842,38	0,86795
842,63	0,96795
842,88	6,26795
843,13	-21,81538
843,38	-20,13205
843,63	-14,83205
843,87	-1,78205
844,12	-17,23205
844,37	-18,44872
844,62	-22,78205
844,87	-14,69872
845,12	-3,01538
845,37	-9,96538
845,61	-13,59872
845,86	-26,93205
846,11	-21,03205
846,36	-24,21538
846,61	-14,09872
846,86	-11,64872
847,10	-2,99872
847,35	12,70128
847,60	11,30128
847,85	8,30128
848,10	-7,73205
848,35	-4,89872
848,59	3,81795
848,84	-7,84872
849,09	0,38462
849,34	-8,53205
849,59	1,41795
849,84	-21,96538
850,08	-14,23205
850,33	-23,24872
850,58	-16,41538
850,83	-11,69872
851,08	-18,46538
851,32	-25,01538
851,57	-29,11538
851,82	-2,08205
852,07	4,33462
852,32	17,36795
852,57	-6,78205
852,81	13,46795
853,06	-8,79872
853,31	6,98462
853,56	-12,06538
853,81	-11,04872
854,05	-9,43205
854,30	-14,51538
854,55	-14,36538
854,80	-25,41538
855,05	8,78462
855,29	12,66795
855,54	20,15128
855,79	-4,98205
856,04	-10,86538
856,29	-12,76538
856,53	-5,04872
856,78	-3,79872
857,03	-16,78205
857,28	-22,68205
857,53	-19,03205
857,77	5,11795
858,02	-1,31538
858,27	-4,36538
858,52	-16,21538
858,77	-25,09872
859,01	-29,79872
859,26	-29,88205
859,51	-14,96538
859,76	-22,99872
860,01	-24,04872
860,25	-32,21538
860,50	-10,73205
860,75	-12,16538
861,00	2,63462
861,25	-0,58205
861,49	1,01795
861,74	-7,71538
861,99	-23,81538
862,24	-28,63205
862,48	-31,61538
862,73	-25,29872
862,98	-25,74872
863,23	-13,69872
863,48	-3,31538
863,72	13,65128
863,97	23,36795
864,22	26,08462
864,47	0,91795
864,71	-19,68205
864,96	-15,48205
865,21	-9,38205
865,46	-14,79872
865,70	-31,49872
865,95	-42,08205
866,20	-35,81538
866,45	-14,68205
866,70	4,28462
866,94	18,01795
867,19	-5,99872
867,44	-8,68205
867,69	-17,34872
867,93	-17,86538
868,18	-14,51538
868,43	-12,88205
868,68	-3,28205
868,92	-9,31538
869,17	-21,83205
869,42	-11,46538
869,67	-13,39872
869,91	-12,16538
870,16	-32,51538
870,41	-23,04872
870,66	-15,03205
870,90	3,91795
871,15	-3,04872
871,40	-13,66538
871,65	-27,08205
871,89	-20,46538
872,14	-17,19872
872,39	-17,23205
872,64	-21,23205
872,88	-22,16538
873,13	-28,43205
873,38	-38,26538
873,63	-15,91538
873,87	-9,98205
874,12	-22,69872
874,37	-47,14872
874,62	-43,41538
874,86	-29,76538
875,11	-20,68205
875,36	-21,68205
875,60	-27,31538
875,85	-22,68205
876,10	-12,89872
876,35	1,58462
876,59	-4,98205
876,84	-15,58205
877,09	-12,24872
877,34	-4,09872
877,58	-7,89872
877,83	-14,93205
878,08	-21,13205
878,32	-23,09872
878,57	-32,24872
878,82	-20,89872
879,07	-20,34872
879,31	-12,79872
879,56	-19,81538
879,81	-18,53205
880,06	-24,94872
880,30	-34,48205
880,55	-9,34872
880,80	-1,13205
881,04	3,93462
881,29	10,76795
881,54	18,55128
881,79	14,66795
882,03	-22,51538
882,28	-15,66538
882,53	-9,08205
882,77	8,40128
883,02	-4,06538
883,27	-3,14872
883,51	-17,61538
883,76	-11,44872
884,01	-4,38205
884,26	-5,68205
884,50	-15,54872
884,75	-36,16538
885,00	-30,21538
885,24	-25,49872
885,49	-19,96538
885,74	-2,73205
885,98	-22,84872
886,23	-29,94872
886,48	-39,61538
886,73	-11,44872
886,97	4,00128
887,22	-7,71538
887,47	-28,39872
887,71	-40,56538
887,96	-42,34872
888,21	-27,34872
888,45	-16,49872
888,70	1,58462
888,95	-13,26538
889,19	-22,26538
889,44	-32,86538
889,69	-22,01538
889,93	-34,41538
890,18	-22,81538
890,43	-19,46538
890,67	-1,94872
890,92	-23,08205
891,17	-11,63205
891,42	1,35128
891,66	27,55128
891,91	20,90128
892,16	15,65128
892,40	17,08462
892,65	9,55128
892,90	-1,36538
893,14	-13,14872
893,39	-12,28205
893,64	-14,38205
893,88	-33,63205
894,13	-19,06538
894,38	-7,06538
894,62	-1,58205
894,87	-26,66538
895,12	-43,91538
895,36	-37,49872
895,61	-32,13205
895,86	-26,34872
896,10	-30,99872
896,35	-34,54872
896,60	-45,54872
896,84	-47,09872
897,09	-40,59872
897,33	-24,44872
897,58	-23,04872
897,83	-21,76538
898,07	-28,34872
898,32	-22,19872
898,57	-20,24872
898,81	-9,61538
899,06	2,01795
899,31	29,75128
899,55	30,30128
899,80	5,96795
900,05	-24,79872
900,29	-35,84872
900,54	-8,06538
900,79	-10,68205
901,03	-10,41538
901,28	-24,53205
901,52	-8,76538
901,77	6,71795
902,02	16,13462
902,26	-8,23205
902,51	-22,33205
902,76	-48,88205
903,00	-28,74872
903,25	-32,39872
903,50	-17,78205
903,74	-30,01538
903,99	-32,33205
904,23	-28,04872
904,48	-24,19872
904,73	-5,29872
904,97	-1,68205
905,22	8,78462
905,47	-5,61538
905,71	-2,46538
905,96	-9,86538
906,20	1,98462
906,45	-4,13205
906,70	-2,29872
906,94	-9,46538
907,19	-12,21538
907,44	-24,26538
907,68	-33,69872
907,93	-32,73205
908,17	-44,56538
908,42	-33,29872
908,67	-45,19872
908,91	-16,74872
909,16	-6,33205
909,40	-3,33205
909,65	-20,81538
909,90	-30,91538
910,14	-27,56538
910,39	-34,93205
910,63	-30,84872
910,88	-16,54872
911,13	15,28462
911,37	13,30128
911,62	-1,76538
911,86	-21,99872
912,11	-21,68205
912,36	-11,34872
912,60	-11,14872
912,85	0,81795
913,09	-1,41538
913,34	12,66795
913,59	-15,28205
913,83	-8,09872
914,08	-25,58205
914,32	-1,01538
914,57	-4,58205
914,82	8,93462
915,06	-0,16538
915,31	-8,03205
915,55	-5,93205
915,80	5,50128
916,05	-1,86538
916,29	-20,08205
916,54	-37,99872
916,78	-18,06538
917,03	-0,78205
917,27	1,56795
917,52	-16,18205
917,77	-17,13205
918,01	-13,66538
918,26	-16,84872
918,50	-28,46538
918,75	-33,23205
919,00	-29,78205
919,24	-29,24872
919,49	-39,23205
919,73	-26,61538
919,98	-30,31538
920,22	-16,01538
920,47	-25,44872
920,72	-29,14872
920,96	-36,03205
921,21	-36,18205
921,45	-25,91538
921,70	-30,83205
921,94	-20,16538
922,19	-16,03205
922,43	-11,13205
922,68	8,73462
922,93	10,71795
923,17	7,43462
923,42	-29,71538
923,66	-30,71538
923,91	-29,73205
924,15	-19,34872
924,40	-22,94872
924,64	-23,14872
924,89	-25,66538
925,14	-27,64872
925,38	-24,73205
925,63	-11,86538
925,87	-3,99872
926,12	9,75128
926,36	-5,18205
926,61	-17,09872
926,85	49,71795
927,10	44,71795
927,35	43,20128
927,59	-26,48205
927,84	-27,83205
928,08	-16,93205
928,33	-27,76538
928,57	-19,78205
928,82	-15,33205
929,06	-9,19872
929,31	-5,61538
929,55	-11,69872
929,80	-6,44872
930,04	-9,44872
930,29	-12,09872
930,54	-18,29872
930,78	-21,64872
931,03	-29,88205
931,27	-19,39872
931,52	-17,03205
931,76	-10,36538
932,01	-34,88205
932,25	-37,79872
932,50	-20,94872
932,74	-11,13205
932,99	11,25128
933,23	-8,18205
933,48	-0,48205
933,72	-15,91538
933,97	-21,56538
934,21	2,35128
934,46	17,31795
934,70	39,03462
934,95	13,23462
935,19	-18,39872
935,44	-35,83205
935,68	-36,74872
935,93	-19,43205
936,18	-11,59872
936,42	-12,36538
936,67	-22,06538
936,91	-12,88205
937,16	10,98462
937,40	11,25128
937,65	-14,88205
937,89	-37,64872
938,14	-39,33205
938,38	-25,53205
938,63	-17,98205
938,87	-15,43205
939,12	-9,04872
939,36	10,60128
939,61	19,25128
939,85	7,96795
940,10	-28,11538
940,34	-27,18205
940,59	-24,88205
940,83	-27,34872
941,08	-21,33205
941,32	-11,86538
941,57	9,18462
941,81	-12,06538
942,06	-17,38205
942,30	-25,91538
942,55	-12,89872
942,79	-25,71538
943,03	-22,39872
943,28	-14,29872
943,52	19,88462
943,77	5,70128
944,01	-17,88205
944,26	-50,51538
944,50	-51,73205
944,75	-19,36538
944,99	-1,41538
945,24	8,00128
945,48	8,08462
945,73	57,56795
945,97	48,60128
946,22	27,71795
946,46	-28,56538
946,71	-6,23205
946,95	-4,53205
947,20	-16,91538
947,44	-34,04872
947,69	-27,84872
947,93	-21,69872
948,17	-24,28205
948,42	-36,59872
948,66	-29,89872
948,91	-36,69872
949,15	-39,68205
949,40	-47,81538
949,64	-31,89872
949,89	-24,76538
950,13	-20,43205
950,38	-34,84872
950,62	-29,61538
950,87	-23,28205
951,11	-0,99872
951,35	-11,29872
951,60	-13,26538
951,84	-27,59872
952,09	-22,91538
952,33	-23,66538
952,58	-12,11538
952,82	-23,91538
953,07	-30,48205
953,31	-28,91538
953,56	-13,99872
953,80	-12,14872
954,04	-41,48205
954,29	-61,68205
954,53	-68,14872
954,78	-58,13205
955,02	-44,36538
955,27	-40,03205
955,51	-33,01538
955,76	-31,98205
956,00	-27,79872
956,24	-32,64872
956,49	-27,24872
956,73	-20,19872
956,98	-16,69872
957,22	2,58462
957,47	11,95128
957,71	3,33462
957,95	-4,29872
958,20	-9,39872
958,44	13,15128
958,69	-4,11538
958,93	-8,53205
959,18	-16,48205
959,42	-0,73205
959,66	-8,53205
959,91	-22,01538
960,15	-39,81538
960,40	-39,31538
960,64	-33,01538
960,89	-20,04872
961,13	86,13462
961,37	104,16795
961,62	108,16795
961,86	9,83462
962,11	5,93462
962,35	-14,53205
962,59	-19,23205
962,84	-44,33205
963,08	-27,69872
963,33	-27,28205
963,57	-15,64872
963,81	-26,53205
964,06	-24,19872
964,30	-7,01538
964,55	-20,03205
964,79	4,03462
965,04	5,36795
965,28	12,20128
965,52	-12,51538
965,77	-28,84872
966,01	-18,74872
966,26	-18,54872
966,50	-13,03205
966,74	-7,14872
966,99	-1,31538
967,23	0,98462
967,48	-8,01538
967,72	-15,18205
967,96	-30,59872
968,21	-22,16538
968,45	-26,89872
968,69	-14,86538
968,94	-1,88205
969,18	-8,21538
969,43	-22,96538
969,67	-38,56538
969,91	-20,54872
970,16	-5,48205
970,40	-9,58205
970,65	-17,31538
970,89	-37,76538
971,13	-33,46538
971,38	-33,46538
971,62	3,86795
971,86	-0,59872
972,11	4,16795
972,35	-20,61538
972,60	-9,03205
972,84	-1,33205
973,08	-0,16538
973,33	-12,73205
973,57	-15,33205
973,81	-4,68205
974,06	-4,31538
974,30	-22,09872
974,55	-20,14872
974,79	-9,01538
975,03	1,91795
975,28	-7,16538
975,52	-25,34872
975,76	-24,94872
976,01	-26,51538
976,25	-14,16538
976,50	-15,29872
976,74	-4,69872
976,98	-0,03205
977,23	-6,98205
977,47	-6,43205
977,71	-10,94872
977,96	-20,68205
978,20	-42,43205
978,44	-52,83205
978,69	-26,03205
978,93	-12,23205
979,17	-5,61538
979,42	-13,38205
979,66	-16,88205
979,90	-7,16538
980,15	11,78462
980,39	16,01795
980,64	0,10128
980,88	-2,31538
981,12	0,30128
981,37	-0,94872
981,61	-9,96538
981,85	-24,71538
982,10	-16,49872
982,34	-42,04872
982,58	-29,69872
982,83	-47,36538
983,07	-42,49872
983,31	-44,19872
983,56	-41,61538
983,80	-29,13205
984,04	-28,78205
984,29	-7,36538
984,53	-6,04872
984,77	-6,94872
985,02	-7,19872
985,26	-27,56538
985,50	-7,46538
985,75	-18,79872
985,99	1,18462
986,23	-21,26538
986,48	-18,86538
986,72	-22,71538
986,96	-4,89872
987,20	-3,81538
987,45	-9,04872
987,69	-34,16538
987,93	-22,94872
988,18	-7,14872
988,42	6,63462
988,66	-0,29872
988,91	-16,86538
989,15	-23,38205
989,39	-34,89872
989,64	-39,49872
989,88	-35,91538
990,12	-30,01538
990,37	-17,29872
990,61	-15,59872
990,85	-23,04872
991,10	-34,41538
991,34	-35,79872
991,58	-30,69872
991,82	-30,89872
992,07	-34,39872
992,31	-27,34872
992,55	-33,03205
992,80	-35,89872
993,04	-28,71538
993,28	-2,79872
993,53	0,46795
993,77	-8,46538
994,01	-34,39872
994,25	-35,83205
994,50	-31,39872
994,74	-13,94872
994,98	-16,14872
995,23	-20,63205
995,47	-17,43205
995,71	-17,76538
995,95	-17,04872
996,20	-8,73205
996,44	-3,58205
996,68	-9,34872
996,93	-30,59872
997,17	-28,68205
997,41	-20,58205
997,65	-26,68205
997,90	-36,18205
998,14	-42,94872
998,38	-27,13205
998,63	-23,81538
998,87	-23,26538
999,11	-37,03205
999,35	-33,96538
999,60	-38,08205
999,84	-31,29872
1000,08	-9,93205
1000,32	1,80128
1000,57	3,25128
1000,81	5,16795
1001,05	3,45128
1001,30	10,36795
1001,54	-9,71538
1001,78	4,21795
1002,02	0,81795
1002,27	7,16795
1002,51	-16,91538
1002,75	-16,28205
1002,99	-29,34872
1003,24	-29,31538
1003,48	-25,66538
1003,72	-36,53205
1003,96	-26,44872
1004,21	-23,63205
1004,45	0,98462
1004,69	1,10128
1004,93	-3,41538
1005,18	-5,78205
1005,42	-1,16538
1005,66	-12,59872
1005,90	-23,68205
1006,15	-39,88205
1006,39	-22,43205
1006,63	-1,36538
1006,87	14,90128
1007,12	5,70128
1007,36	2,16795
1007,60	4,63462
1007,84	-5,19872
1008,09	-11,88205
1008,33	-26,73205
1008,57	-16,41538
1008,81	-12,63205
1009,06	-14,11538
1009,30	-18,61538
1009,54	-16,34872
1009,78	-5,91538
1010,03	-0,98205
1010,27	-17,38205
1010,51	-16,08205
1010,75	-19,38205
1010,99	-6,31538
1011,24	-7,73205
1011,48	18,91795
1011,72	12,56795
1011,96	22,28462
1012,21	2,98462
1012,45	0,93462
1012,69	-8,31538
1012,93	-17,09872
1013,18	-12,09872
1013,42	-14,44872
1013,66	-7,94872
1013,90	-20,08205
1014,14	-23,28205
1014,39	-16,81538
1014,63	-10,26538
1014,87	3,71795
1015,11	-13,79872
1015,35	-31,14872
1015,60	-21,34872
1015,84	-8,18205
1016,08	0,11795
1016,32	-17,14872
1016,57	-28,33205
1016,81	-23,76538
1017,05	-21,26538
1017,29	-10,54872
1017,53	-10,81538
1017,78	-14,41538
1018,02	-30,24872
1018,26	-19,06538
1018,50	-24,98205
1018,74	-3,03205
1018,99	-15,94872
1019,23	-22,88205
1019,47	-39,68205
1019,71	-29,24872
1019,95	-13,26538
1020,20	-11,93205
1020,44	-21,24872
1020,68	-24,26538
1020,92	-7,31538
1021,16	-6,46538
1021,41	-4,19872
1021,65	-26,04872
1021,89	-29,41538
1022,13	-38,04872
1022,37	-37,48205
1022,61	-40,06538
1022,86	-42,59872
1023,10	-20,14872
1023,34	-15,53205
1023,58	-4,93205
1023,82	-30,89872
1024,07	-27,04872
1024,31	-20,13205
1024,55	-11,53205
1024,79	-4,66538
1025,03	-25,54872
1025,27	-18,06538
1025,52	-34,78205
1025,76	-32,78205
1026,00	-24,56538
1026,24	-21,01538
1026,48	-18,56538
1026,73	-24,16538
1026,97	0,58462
1027,21	10,30128
1027,45	9,28462
1027,69	-9,89872
1027,93	-5,64872
1028,18	-7,79872
1028,42	-0,36538
1028,66	-5,16538
1028,90	-0,54872
1029,14	-5,93205
1029,38	-18,21538
1029,62	-11,96538
1029,87	-9,51538
1030,11	8,03462
1030,35	-8,93205
1030,59	-11,24872
1030,83	-27,08205
1031,07	-30,54872
1031,32	-39,14872
1031,56	-13,78205
1031,80	3,80128
1032,04	18,25128
1032,28	-4,76538
1032,52	-8,36538
1032,76	-11,34872
1033,01	-13,71538
1033,25	-9,94872
1033,49	-14,73205
1033,73	-12,73205
1033,97	-30,33205
1034,21	-38,26538
1034,45	-44,48205
1034,70	-47,08205
1034,94	-33,98205
1035,18	54,68462
1035,42	63,88462
1035,66	78,58462
1035,90	7,68462
1036,14	-8,01538
1036,39	-13,16538
1036,63	-29,56538
1036,87	9,20128
1037,11	-2,46538
1037,35	4,28462
1037,59	-3,94872
1037,83	11,45128
1038,07	40,15128
1038,32	21,25128
1038,56	7,45128
1038,80	7,66795
1039,04	23,71795
1039,28	31,86795
1039,52	6,41795
1039,76	-10,11538
1040,00	-12,11538
1040,25	-26,36538
1040,49	-21,43205
1040,73	-23,18205
1040,97	-13,81538
1041,21	-1,14872
1041,45	3,36795
1041,69	23,15128
1041,93	-0,86538
1042,17	-8,54872
1042,42	-28,99872
1042,66	-23,54872
1042,90	-14,63205
1043,14	-23,99872
1043,38	-10,84872
1043,62	-23,53205
1043,86	-13,56538
1044,10	-11,31538
1044,34	13,81795
1044,59	18,05128
1044,83	9,55128
1045,07	-12,81538
1045,31	-12,41538
1045,55	-17,96538
1045,79	-37,51538
1046,03	-28,06538
1046,27	-11,64872
1046,51	6,73462
1046,75	-9,28205
1047,00	-20,29872
1047,24	-14,19872
1047,48	-11,83205
1047,72	-8,49872
1047,96	-18,39872
1048,20	-7,54872
1048,44	-4,19872
1048,68	-5,01538
1048,92	-15,23205
1049,16	-33,64872
1049,40	-30,49872
1049,64	-34,91538
1049,89	-15,19872
1050,13	-12,23205
1050,37	16,10128
1050,61	15,36795
1050,85	26,36795
1051,09	10,68462
1051,33	7,56795
1051,57	9,30128
1051,81	6,21795
1052,05	9,53462
1052,29	19,56795
1052,53	6,50128
1052,77	26,30128
1053,02	7,85128
1053,26	24,95128
1053,50	5,31795
1053,74	-1,73205
1053,98	-5,54872
1054,22	-20,33205
1054,46	-13,98205
1054,70	-10,53205
1054,94	-11,98205
1055,18	-9,71538
1055,42	1,40128
1055,66	10,81795
1055,90	2,48462
1056,14	-3,68205
1056,38	15,98462
1056,62	19,76795
1056,86	25,68462
1057,11	12,31795
1057,35	9,85128
1057,59	-17,01538
1057,83	-6,13205
1058,07	13,63462
1058,31	53,73462
1058,55	53,28462
1058,79	37,85128
1059,03	5,00128
1059,27	1,90128
1059,51	3,18462
1059,75	14,33462
1059,99	3,38462
1060,23	8,43462
1060,47	31,73462
1060,71	51,65128
1060,95	33,48462
1061,19	11,45128
1061,43	2,00128
1061,67	34,83462
1061,91	45,48462
1062,15	39,76795
1062,39	24,01795
1062,64	34,50128
1062,88	41,40128
1063,12	60,28462
1063,36	84,71795
1063,60	164,01795
1063,84	429,50128
1064,08	1202,93462
1064,32	2413,51795
1064,56	3043,61795
1064,80	2660,06795
1065,04	1740,38462
1065,28	1023,46795
1065,52	741,58462
1065,76	465,98462
1066,00	356,95128
1066,24	271,71795
1066,48	232,61795
1066,72	196,66795
1066,96	171,76795
1067,20	138,78462
1067,44	122,63462
1067,68	107,05128
1067,92	93,81795
1068,16	85,98462
1068,40	90,51795
1068,64	96,33462
1068,88	92,05128
1069,12	68,60128
1069,36	73,10128
1069,60	52,33462
1069,84	79,95128
1070,08	63,46795
1070,32	76,90128
1070,56	49,75128
1070,80	46,61795
1071,04	84,71795
1071,28	82,53462
1071,52	90,33462
1071,76	35,55128
1072,00	40,25128
1072,24	21,06795
1072,48	22,36795
1072,72	17,00128
1072,96	33,71795
1073,20	18,21795
1073,44	26,65128
1073,68	18,81795
1073,92	33,00128
1074,16	13,25128
1074,40	8,96795
1074,64	-2,71538
1074,88	-2,33205
1075,12	2,21795
1075,36	5,18462
1075,60	12,20128
1075,84	3,88462
1076,08	3,86795
1076,32	-3,74872
1076,56	-11,89872
1076,80	-11,59872
1077,04	-24,74872
1077,28	-22,68205
1077,52	-35,99872
1077,76	-39,41538
1078,00	-29,46538
1078,24	2,66795
1078,48	15,50128
1078,71	7,01795
1078,95	-10,48205
1079,19	-22,63205
1079,43	-38,11538
1079,67	-41,93205
1079,91	-22,31538
1080,15	-10,58205
1080,39	-11,81538
1080,63	-13,26538
1080,87	-13,18205
1081,11	-12,08205
1081,35	-16,39872
1081,59	-4,09872
1081,83	-5,54872
1082,07	-17,73205
1082,31	-24,38205
1082,55	-25,81538
1082,79	-19,36538
1083,03	-14,91538
1083,27	-26,76538
1083,51	-20,81538
1083,75	-25,28205
1083,99	2,05128
1084,22	0,28462
1084,46	-6,09872
1084,70	-4,54872
1084,94	-10,28205
1085,18	-9,46538
1085,42	-36,61538
1085,66	-32,24872
1085,90	-34,18205
1086,14	-8,96538
1086,38	10,66795
1086,62	3,75128
1086,86	5,96795
1087,10	-9,06538
1087,34	2,68462
1087,58	-16,41538
1087,82	-22,78205
1088,06	-13,46538
1088,29	6,65128
1088,53	-0,68205
1088,77	-15,46538
1089,01	-20,11538
1089,25	-12,09872
1089,49	-2,68205
1089,73	-15,88205
1089,97	-6,98205
1090,21	-13,59872
1090,45	-5,78205
1090,69	-16,64872
1090,93	-20,61538
1091,17	-34,33205
1091,40	-11,49872
1091,64	-14,66538
1091,88	-12,49872
1092,12	-37,41538
1092,36	-29,31538
1092,60	-26,06538
1092,84	-12,46538
1093,08	-2,26538
1093,32	5,80128
1093,56	5,35128
1093,80	15,56795
1094,04	9,60128
1094,27	-0,16538
1094,51	-4,51538
1094,75	5,38462
1094,99	10,40128
1095,23	0,78462
1095,47	82,88462
1095,71	76,56795
1095,95	70,01795
1096,19	-19,34872
1096,43	-10,48205
1096,66	-25,54872
1096,90	-32,71538
1097,14	-32,04872
1097,38	-33,26538
1097,62	-24,36538
1097,86	-31,66538
1098,10	-10,99872
1098,34	-6,28205
1098,58	-13,13205
1098,81	-15,44872
1099,05	-15,94872
1099,29	14,85128
1099,53	25,91795
1099,77	20,60128
1100,01	-10,11538
1100,25	-17,58205
1100,49	-14,94872
1100,73	14,00128
1100,96	30,98462
1101,20	40,83462
1101,44	6,46795
1101,68	-7,84872
1101,92	-22,29872
1102,16	-11,61538
1102,40	-6,06538
1102,64	2,01795
1102,87	7,98462
1103,11	-5,73205
1103,35	-6,93205
1103,59	-14,01538
1103,83	-15,14872
1104,07	-6,48205
1104,31	-5,04872
1104,55	-3,79872
1104,78	-25,49872
1105,02	-11,98205
1105,26	-22,21538
1105,50	-10,56538
1105,74	-33,48205
1105,98	-20,76538
1106,22	-6,64872
1106,45	-1,84872
1106,69	-10,86538
1106,93	-21,39872
1107,17	-20,09872
1107,41	-18,43205
1107,65	-25,34872
1107,89	-16,88205
1108,12	-12,68205
1108,36	-28,88205
1108,60	-26,91538
1108,84	-23,24872
1109,08	-14,51538
1109,32	-13,94872
1109,55	-19,38205
1109,79	4,86795
1110,03	-5,93205
1110,27	-2,78205
1110,51	-19,41538
1110,75	-26,46538
1110,99	-27,89872
1111,22	-39,46538
1111,46	-35,53205
1111,70	-41,51538
1111,94	-50,36538
1112,18	-54,54872
1112,42	-46,38205
1112,65	-24,98205
1112,89	-11,18205
1113,13	-19,18205
1113,37	-15,46538
1113,61	-12,84872
1113,85	12,60128
1114,08	2,86795
1114,32	-8,21538
1114,56	-14,33205
1114,80	-13,64872
1115,04	1,41795
1115,28	-16,13205
1115,51	-8,68205
1115,75	-6,14872
1115,99	-2,78205
1116,23	-4,04872
1116,47	-4,26538
1116,70	-5,73205
1116,94	-17,13205
1117,18	-13,99872
1117,42	-19,23205
1117,66	-5,36538
1117,90	-30,41538
1118,13	-27,76538
1118,37	-50,38205
1118,61	-42,16538
1118,85	-33,49872
1119,09	-32,43205
1119,32	-24,41538
1119,56	-22,81538
1119,80	-26,71538
1120,04	-41,09872
1120,28	-31,13205
1120,51	-23,34872
1120,75	-13,96538
1120,99	-33,79038