194,56	-196,60769
194,83	-196,60769
195,09	-193,17436
195,36	-126,39103
195,63	-61,55769
195,90	-4,99103
196,17	-19,25769
196,44	-32,25769
196,71	-20,49103
196,97	-6,64103
197,24	16,60897
197,51	-5,35769
197,78	9,24231
198,05	11,84231
198,32	24,50897
198,59	2,89231
198,86	4,50897
199,12	-0,87436
199,39	8,77564
199,66	10,10897
199,93	25,79231
200,20	27,17564
200,47	6,59231
200,74	4,52564
201,00	-4,55769
201,27	5,19231
201,54	-11,82436
201,81	11,22564
202,08	-8,62436
202,35	7,34231
202,61	0,89231
202,88	52,80897
203,15	32,32564
203,42	22,02564
203,69	-12,70769
203,96	0,30897
204,23	0,39231
204,49	-3,97436
204,76	22,25897
205,03	35,89231
205,30	38,47564
205,57	16,49231
205,84	15,57564
206,10	39,20897
206,37	45,29231
206,64	53,24231
206,91	45,85897
207,18	35,89231
207,45	28,59231
207,71	14,77564
207,98	28,97564
208,25	16,75897
208,52	9,17564
208,79	0,42564
209,06	5,57564
209,32	18,97564
209,59	23,04231
209,86	-2,45769
210,13	3,79231
210,40	14,02564
210,67	46,25897
210,93	38,87564
211,20	14,39231
211,47	8,15897
211,74	28,15897
212,01	29,39231
212,28	43,82564
212,54	46,82564
212,81	52,19231
213,08	42,49231
213,35	32,02564
213,62	45,82564
213,88	52,49231
214,15	40,34231
214,42	25,02564
214,69	26,42564
214,96	30,62564
215,23	58,85897
215,49	44,70897
215,76	42,22564
216,03	34,04231
216,30	23,27564
216,57	10,45897
216,83	4,64231
217,10	13,00897
217,37	32,87564
217,64	54,74231
217,91	63,57564
218,17	30,70897
218,44	-14,57436
218,71	-12,05769
218,98	12,92564
219,25	48,25897
219,51	48,57564
219,78	45,40897
220,05	28,49231
220,32	16,04231
220,59	22,72564
220,85	23,12564
221,12	38,92564
221,39	51,85897
221,66	53,22564
221,93	33,05897
222,19	8,57564
222,46	21,55897
222,73	39,44231
223,00	61,69231
223,27	45,79231
223,53	41,80897
223,80	27,50897
224,07	38,87564
224,34	53,17564
224,61	51,34231
224,87	30,12564
225,14	1,59231
225,41	5,70897
225,68	31,12564
225,94	48,00897
226,21	50,65897
226,48	31,50897
226,75	31,15897
227,02	16,17564
227,28	24,49231
227,55	9,25897
227,82	18,97564
228,09	-6,87436
228,36	-8,35769
228,62	-2,87436
228,89	22,67564
229,16	33,54231
229,43	30,05897
229,69	25,94231
229,96	26,42564
230,23	16,17564
230,50	20,74231
230,76	10,19231
231,03	16,39231
231,30	19,55897
231,57	28,72564
231,84	28,00897
232,10	15,44231
232,37	17,82564
232,64	8,04231
232,91	12,67564
233,17	21,80897
233,44	30,57564
233,71	30,52564
233,98	9,74231
234,24	11,04231
234,51	32,92564
234,78	43,99231
235,05	56,79231
235,31	37,79231
235,58	32,57564
235,85	12,89231
236,12	-0,52436
236,39	21,67564
236,65	32,59231
236,92	78,40897
237,19	70,37564
237,46	101,47564
237,72	65,97564
237,99	45,72564
238,26	15,29231
238,53	37,99231
238,79	39,34231
239,06	36,54231
239,33	7,30897
239,60	1,75897
239,86	-11,20769
240,13	-11,95769
240,40	-14,72436
240,67	17,60897
240,93	29,69231
241,20	32,74231
241,47	6,70897
241,73	5,17564
242,00	10,17564
242,27	19,10897
242,54	21,40897
242,80	22,34231
243,07	27,85897
243,34	25,50897
243,61	59,40897
243,87	40,60897
244,14	37,67564
244,41	0,49231
244,68	10,92564
244,94	13,80897
245,21	24,32564
245,48	32,92564
245,74	27,19231
246,01	37,74231
246,28	27,77564
246,55	23,57564
246,81	-0,52436
247,08	5,27564
247,35	17,57564
247,62	20,95897
247,88	3,39231
248,15	7,20897
248,42	44,24231
248,68	48,37564
248,95	34,97564
249,22	5,67564
249,49	17,12564
249,75	19,69231
250,02	29,10897
250,29	20,02564
250,56	35,37564
250,82	44,44231
251,09	52,14231
251,36	56,67564
251,62	27,14231
251,89	29,14231
252,16	43,90897
252,43	72,82564
252,69	63,37564
252,96	30,55897
253,23	23,25897
253,49	30,65897
253,76	37,89231
254,03	57,65897
254,29	57,39231
254,56	55,30897
254,83	27,62564
255,10	7,15897
255,36	6,25897
255,63	17,50897
255,90	43,34231
256,16	44,69231
256,43	21,17564
256,70	24,85897
256,96	24,02564
257,23	34,07564
257,50	25,72564
257,77	36,35897
258,03	36,14231
258,30	44,15897
258,57	20,14231
258,83	25,45897
259,10	16,12564
259,37	20,97564
259,63	8,95897
259,90	25,52564
260,17	23,45897
260,43	29,82564
260,70	12,45897
260,97	35,97564
261,24	42,50897
261,50	43,82564
261,77	27,84231
262,04	16,02564
262,30	8,97564
262,57	5,65897
262,84	16,82564
263,10	43,72564
263,37	57,00897
263,64	38,77564
263,90	13,80897
264,17	4,72564
264,44	12,37564
264,70	11,34231
264,97	21,32564
265,24	44,65897
265,50	59,89231
265,77	61,12564
266,04	45,80897
266,30	32,19231
266,57	13,74231
266,84	10,84231
267,10	13,50897
267,37	43,25897
267,64	48,79231
267,90	62,57564
268,17	48,95897
268,44	38,95897
268,70	16,00897
268,97	-10,09103
269,24	-2,22436
269,50	11,44231
269,77	32,44231
270,04	41,80897
270,30	33,57564
270,57	41,27564
270,84	14,65897
271,10	27,99231
271,37	14,97564
271,64	44,34231
271,90	72,80897
272,17	76,75897
272,44	63,32564
272,70	32,29231
272,97	25,62564
273,24	18,47564
273,50	22,05897
273,77	30,54231
274,04	36,77564
274,30	30,00897
274,57	24,02564
274,84	37,12564
275,10	40,07564
275,37	40,70897
275,64	22,19231
275,90	4,19231
276,17	-0,92436
276,43	9,10897
276,70	9,79231
276,97	4,80897
277,23	15,69231
277,50	20,25897
277,77	13,10897
278,03	-21,45769
278,30	-7,87436
278,57	-4,84103
278,83	6,37564
279,10	8,32564
279,37	5,67564
279,63	6,75897
279,90	14,75897
280,16	32,72564
280,43	50,72564
280,70	40,59231
280,96	58,20897
281,23	51,15897
281,50	38,55897
281,76	16,97564
282,03	17,70897
282,29	26,14231
282,56	26,34231
282,83	15,20897
283,09	4,39231
283,36	9,69231
283,63	15,69231
283,89	26,92564
284,16	30,42564
284,42	33,64231
284,69	36,65897
284,96	31,17564
285,22	24,29231
285,49	25,95897
285,76	25,95897
286,02	46,35897
286,29	53,60897
286,55	51,32564
286,82	31,07564
287,09	9,12564
287,35	23,07564
287,62	16,75897
287,88	23,67564
288,15	-0,45769
288,42	-4,32436
288,68	8,32564
288,95	20,10897
289,22	41,97564
289,48	37,39231
289,75	40,34231
290,01	38,74231
290,28	21,32564
290,55	26,89231
290,81	8,10897
291,08	26,49231
291,34	33,69231
291,61	52,55897
291,88	50,35897
292,14	21,67564
292,41	17,22564
292,67	35,20897
292,94	52,34231
293,21	49,34231
293,47	37,39231
293,74	37,49231
294,00	21,77564
294,27	4,07564
294,54	-6,15769
294,80	9,04231
295,07	31,42564
295,33	27,70897
295,60	31,25897
295,86	13,40897
296,13	8,60897
296,40	-6,64103
296,66	4,44231
296,93	45,55897
297,19	65,32564
297,46	57,09231
297,73	37,10897
297,99	23,29231
298,26	10,64231
298,52	-6,35769
298,79	-5,87436
299,05	-15,84103
299,32	4,50897
299,59	19,54231
299,85	36,10897
300,12	20,62564
300,38	5,34231
300,65	-1,69103
300,92	8,79231
301,18	8,79231
301,45	27,27564
301,71	12,07564
301,98	20,22564
302,24	28,79231
302,51	39,94231
302,78	42,52564
303,04	22,52564
303,31	26,84231
303,57	33,44231
303,84	33,52564
304,10	13,00897
304,37	7,67564
304,63	19,30897
304,90	38,20897
305,17	40,00897
305,43	26,62564
305,70	43,12564
305,96	38,60897
306,23	38,49231
306,49	27,34231
306,76	26,35897
307,03	27,12564
307,29	13,42564
307,56	21,10897
307,82	26,79231
308,09	35,17564
308,35	31,65897
308,62	45,75897
308,88	33,47564
309,15	34,30897
309,42	23,94231
309,68	31,34231
309,95	29,52564
310,21	14,17564
310,48	12,00897
310,74	13,59231
311,01	36,67564
311,27	27,35897
311,54	9,10897
311,80	-8,04103
312,07	14,74231
312,34	33,95897
312,60	23,49231
312,87	17,32564
313,13	24,35897
313,40	31,39231
313,66	32,67564
313,93	14,00897
314,19	39,29231
314,46	33,12564
314,72	48,70897
314,99	30,65897
315,25	22,15897
315,52	3,90897
315,78	-0,50769
316,05	2,87564
316,32	9,94231
316,58	10,82564
316,85	21,82564
317,11	22,29231
317,38	21,74231
317,64	17,80897
317,91	14,95897
318,17	14,92564
318,44	17,42564
318,70	9,40897
318,97	17,19231
319,23	33,04231
319,50	38,05897
319,76	30,87564
320,03	6,44231
320,29	17,04231
320,56	20,82564
320,82	31,79231
321,09	28,30897
321,36	40,10897
321,62	32,22564
321,89	25,42564
322,15	9,94231
322,42	11,45897
322,68	25,65897
322,95	43,69231
323,21	56,05897
323,48	45,40897
323,74	35,44231
324,01	28,22564
324,27	19,85897
324,54	13,54231
324,80	23,90897
325,07	38,69231
325,33	52,55897
325,60	36,94231
325,86	40,39231
326,13	34,05897
326,39	43,99231
326,66	37,20897
326,92	37,92564
327,19	38,54231
327,45	37,24231
327,72	42,09231
327,98	39,35897
328,25	52,39231
328,51	44,47564
328,78	48,22564
329,04	44,40897
329,31	43,45897
329,57	33,15897
329,84	30,79231
330,10	38,60897
330,37	60,24231
330,63	55,69231
330,90	49,79231
331,16	46,79231
331,43	49,54231
331,69	65,39231
331,96	68,24231
332,22	72,44231
332,49	75,14231
332,75	59,04231
333,01	44,99231
333,28	25,55897
333,54	27,77564
333,81	53,87564
334,07	59,45897
334,34	48,62564
334,60	39,39231
334,87	47,54231
335,13	81,55897
335,40	71,02564
335,66	59,05897
335,93	37,50897
336,19	37,89231
336,46	50,17564
336,72	35,74231
336,99	35,49231
337,25	27,60897
337,52	40,70897
337,78	62,20897
338,05	54,50897
338,31	66,97564
338,57	68,34231
338,84	68,97564
339,10	65,62564
339,37	54,12564
339,63	72,67564
339,90	75,24231
340,16	73,50897
340,43	56,87564
340,69	58,25897
340,96	44,79231
341,22	55,92564
341,49	29,10897
341,75	30,92564
342,01	28,55897
342,28	45,25897
342,54	73,22564
342,81	78,10897
343,07	86,69231
343,34	58,10897
343,60	54,55897
343,87	23,24231
344,13	22,77564
344,40	30,97564
344,66	48,30897
344,92	71,75897
345,19	52,22564
345,45	53,47564
345,72	57,14231
345,98	71,17564
346,25	74,80897
346,51	70,10897
346,78	65,50897
347,04	78,64231
347,30	65,44231
347,57	67,70897
347,83	53,44231
348,10	62,15897
348,36	67,37564
348,63	80,37564
348,89	78,24231
349,15	78,24231
349,42	70,75897
349,68	65,09231
349,95	64,82564
350,21	80,29231
350,48	94,09231
350,74	102,00897
351,01	87,69231
351,27	86,84231
351,53	76,05897
351,80	69,40897
352,06	70,27564
352,33	71,94231
352,59	71,35897
352,86	66,20897
353,12	73,55897
353,38	112,50897
353,65	106,67564
353,91	105,44231
354,18	100,70897
354,44	142,44231
354,70	139,74231
354,97	110,95897
355,23	82,87564
355,50	68,07564
355,76	79,12564
356,03	68,60897
356,29	93,24231
356,55	85,20897
356,82	79,15897
357,08	58,35897
357,35	54,72564
357,61	75,79231
357,87	87,54231
358,14	83,62564
358,40	59,97564
358,67	63,00897
358,93	63,15897
359,20	75,24231
359,46	67,75897
359,72	68,80897
359,99	64,42564
360,25	80,60897
360,52	98,24231
360,78	112,40897
361,04	111,59231
361,31	90,62564
361,57	67,24231
361,84	53,40897
362,10	58,55897
362,36	66,50897
362,63	75,87564
362,89	79,67564
363,16	87,85897
363,42	92,49231
363,68	85,15897
363,95	84,74231
364,21	63,50897
364,47	80,07564
364,74	82,20897
365,00	88,72564
365,27	71,85897
365,53	69,17564
365,79	83,90897
366,06	107,02564
366,32	124,92564
366,59	102,19231
366,85	91,85897
367,11	76,49231
367,38	92,34231
367,64	96,37564
367,91	96,55897
368,17	87,60897
368,43	72,35897
368,70	74,74231
368,96	70,67564
369,22	99,42564
369,49	104,35897
369,75	106,87564
370,02	93,40897
370,28	83,99231
370,54	90,10897
370,81	79,70897
371,07	76,92564
371,33	106,65897
371,60	81,27564
371,86	70,99231
372,13	37,42564
372,39	57,29231
372,65	74,79231
372,92	78,77564
373,18	95,52564
373,44	87,25897
373,71	63,47564
373,97	38,65897
374,23	39,09231
374,50	72,29231
374,76	82,85897
375,03	86,25897
375,29	78,37564
375,55	82,39231
375,82	73,62564
376,08	69,00897
376,34	95,22564
376,61	86,20897
376,87	71,14231
377,13	23,07564
377,40	38,57564
377,66	69,75897
377,92	106,42564
378,19	120,69231
378,45	123,44231
378,72	100,57564
378,98	93,19231
379,24	68,62564
379,51	76,54231
379,77	65,84231
380,03	34,05897
380,30	47,02564
380,56	43,79231
380,82	79,10897
381,09	63,30897
381,35	71,07564
381,61	57,97564
381,88	71,15897
382,14	82,54231
382,40	96,50897
382,67	83,05897
382,93	63,39231
383,19	48,87564
383,46	46,82564
383,72	52,67564
383,98	53,79231
384,25	68,32564
384,51	75,42564
384,77	76,22564
385,04	72,15897
385,30	56,49231
385,56	81,32564
385,83	97,59231
386,09	112,10897
386,35	109,04231
386,62	94,87564
386,88	109,74231
387,14	104,72564
387,41	94,59231
387,67	87,97564
387,93	84,87564
388,20	86,34231
388,46	74,90897
388,72	77,35897
388,99	78,69231
389,25	79,60897
389,51	67,77564
389,78	65,50897
390,04	75,45897
390,30	86,07564
390,56	84,22564
390,83	70,97564
391,09	84,14231
391,35	84,52564
391,62	98,69231
391,88	100,45897
392,14	118,15897
392,41	118,67564
392,67	95,27564
392,93	90,39231
393,20	68,37564
393,46	77,42564
393,72	58,37564
393,99	53,85897
394,25	61,24231
394,51	52,30897
394,77	73,82564
395,04	62,45897
395,30	84,65897
395,56	83,52564
395,83	76,64231
396,09	71,42564
396,35	78,65897
396,62	71,59231
396,88	85,29231
397,14	58,75897
397,40	99,34231
397,67	97,19231
397,93	98,10897
398,19	75,55897
398,46	69,57564
398,72	79,85897
398,98	77,82564
399,24	72,02564
399,51	72,00897
399,77	74,65897
400,03	64,24231
400,30	41,85897
400,56	70,77564
400,82	84,92564
401,08	89,25897
401,35	58,25897
401,61	64,87564
401,87	67,49231
402,14	78,29231
402,40	70,24231
402,66	87,07564
402,92	61,52564
403,19	56,80897
403,45	67,40897
403,71	82,74231
403,98	88,10897
404,24	76,80897
404,50	69,15897
404,76	80,05897
405,03	84,70897
405,29	96,42564
405,55	84,44231
405,81	95,92564
406,08	80,89231
406,34	79,72564
406,60	60,84231
406,87	71,17564
407,13	74,87564
407,39	69,67564
407,65	55,30897
407,92	42,15897
408,18	33,25897
408,44	43,87564
408,70	47,09231
408,97	67,25897
409,23	77,24231
409,49	84,04231
409,75	72,34231
410,02	65,54231
410,28	54,59231
410,54	61,47564
410,80	66,99231
411,07	82,32564
411,33	96,44231
411,59	72,15897
411,85	88,82564
412,12	95,29231
412,38	115,45897
412,64	94,40897
412,90	67,82564
413,17	64,67564
413,43	58,10897
413,69	73,75897
413,95	71,25897
414,22	74,99231
414,48	47,35897
414,74	32,67564
415,00	31,84231
415,27	39,44231
415,53	64,17564
415,79	59,84231
416,05	72,22564
416,32	67,94231
416,58	96,95897
416,84	111,12564
417,10	95,40897
417,37	78,60897
417,63	66,69231
417,89	86,07564
418,15	76,12564
418,41	65,42564
418,68	58,77564
418,94	76,27564
419,20	75,52564
419,46	92,22564
419,73	87,30897
419,99	109,25897
420,25	102,30897
420,51	148,72564
420,78	149,55897
421,04	129,67564
421,30	68,15897
421,56	72,39231
421,82	87,57564
422,09	111,22564
422,35	94,85897
422,61	95,80897
422,87	173,02564
423,14	154,09231
423,40	149,89231
423,66	47,69231
423,92	74,14231
424,18	70,35897
424,45	69,35897
424,71	52,19231
424,97	57,74231
425,23	54,54231
425,49	52,02564
425,76	59,22564
426,02	80,50897
426,28	94,09231
426,54	83,69231
426,81	80,84231
427,07	73,12564
427,33	66,60897
427,59	61,29231
427,85	56,99231
428,12	66,60897
428,38	71,25897
428,64	69,72564
428,90	60,30897
429,16	58,64231
429,43	61,95897
429,69	64,64231
429,95	68,09231
430,21	79,34231
430,47	101,39231
430,74	84,87564
431,00	70,99231
431,26	34,47564
431,52	42,22564
431,78	53,74231
432,05	80,02564
432,31	108,74231
432,57	93,75897
432,83	69,95897
433,09	41,29231
433,35	45,25897
433,62	40,67564
433,88	29,39231
434,14	26,77564
434,40	27,24231
434,66	39,30897
434,93	36,62564
435,19	48,62564
435,45	42,19231
435,71	71,40897
435,97	77,60897
436,23	79,05897
436,50	68,02564
436,76	61,30897
437,02	68,45897
437,28	53,97564
437,54	67,05897
437,81	58,64231
438,07	61,29231
438,33	49,45897
438,59	39,57564
438,85	43,82564
439,11	28,40897
439,38	56,10897
439,64	46,25897
439,90	58,49231
440,16	43,07564
440,42	43,67564
440,68	51,87564
440,95	39,50897
441,21	55,14231
441,47	66,12564
441,73	74,85897
441,99	72,15897
442,25	54,12564
442,52	64,02564
442,78	47,60897
443,04	51,47564
443,30	41,64231
443,56	56,70897
443,82	57,72564
444,08	71,77564
444,35	66,87564
444,61	64,99231
444,87	35,00897
445,13	45,22564
445,39	23,45897
445,65	38,05897
445,92	-0,62436
446,18	17,94231
446,44	26,24231
446,70	58,30897
446,96	71,42564
447,22	79,00897
447,48	82,52564
447,75	84,82564
448,01	96,92564
448,27	75,15897
448,53	63,00897
448,79	54,37564
449,05	72,04231
449,31	63,47564
449,58	51,94231
449,84	49,30897
450,10	67,55897
450,36	57,44231
450,62	54,75897
450,88	46,60897
451,14	43,62564
451,41	26,64231
451,67	13,15897
451,93	22,10897
452,19	43,97564
452,45	70,17564
452,71	70,67564
452,97	48,89231
453,23	53,47564
453,50	57,82564
453,76	72,19231
454,02	56,34231
454,28	54,74231
454,54	56,32564
454,80	64,39231
455,06	61,19231
455,32	58,99231
455,59	40,35897
455,85	43,85897
456,11	41,40897
456,37	50,40897
456,63	48,25897
456,89	55,05897
457,15	76,49231
457,41	74,20897
457,68	83,50897
457,94	54,77564
458,20	59,00897
458,46	54,94231
458,72	69,84231
458,98	75,54231
459,24	76,02564
459,50	70,80897
459,76	61,87564
460,03	33,29231
460,29	34,84231
460,55	42,47564
460,81	59,02564
461,07	47,89231
461,33	61,05897
461,59	81,95897
461,85	74,24231
462,11	55,20897
462,37	42,85897
462,64	52,77564
462,90	43,92564
463,16	34,77564
463,42	54,64231
463,68	60,14231
463,94	54,32564
464,20	40,10897
464,46	41,60897
464,72	67,49231
464,98	65,77564
465,24	84,84231
465,51	76,07564
465,77	85,00897
466,03	66,02564
466,29	69,15897
466,55	61,37564
466,81	68,45897
467,07	73,90897
467,33	84,47564
467,59	115,00897
467,85	110,82564
468,11	106,39231
468,38	73,24231
468,64	86,27564
468,90	77,42564
469,16	84,29231
469,42	68,32564
469,68	68,55897
469,94	78,95897
470,20	83,52564
470,46	82,25897
470,72	68,05897
470,98	50,67564
471,24	56,12564
471,50	57,34231
471,77	66,79231
472,03	69,87564
472,29	50,05897
472,55	49,60897
472,81	61,07564
473,07	69,57564
473,33	50,65897
473,59	40,47564
473,85	41,69231
474,11	52,12564
474,37	44,99231
474,63	40,77564
474,89	60,49231
475,15	77,39231
475,41	105,57564
475,68	99,42564
475,94	86,15897
476,20	71,85897
476,46	77,80897
476,72	68,15897
476,98	73,02564
477,24	61,00897
477,50	63,47564
477,76	56,85897
478,02	65,19231
478,28	80,95897
478,54	83,47564
478,80	95,29231
479,06	107,35897
479,32	135,49231
479,58	125,89231
479,84	111,45897
480,10	84,17564
480,36	96,82564
480,63	119,69231
480,89	109,47564
481,15	105,07564
481,41	80,34231
481,67	100,17564
481,93	93,89231
482,19	94,39231
482,45	93,44231
482,71	86,99231
482,97	80,62564
483,23	74,10897
483,49	73,90897
483,75	89,50897
484,01	91,34231
484,27	85,29231
484,53	92,22564
484,79	139,74231
485,05	150,42564
485,31	149,55897
485,57	99,29231
485,83	108,57564
486,09	96,34231
486,35	102,15897
486,61	90,32564
486,87	93,59231
487,13	109,50897
487,39	128,25897
487,65	161,19231
487,91	168,19231
488,17	164,19231
488,43	133,30897
488,70	128,49231
488,96	127,44231
489,22	117,97564
489,48	103,00897
489,74	96,07564
490,00	107,30897
490,26	98,84231
490,52	114,05897
490,78	106,95897
491,04	115,30897
491,30	107,59231
491,56	120,55897
491,82	113,94231
492,08	103,37564
492,34	103,44231
492,60	111,75897
492,86	108,25897
493,12	108,45897
493,38	126,47564
493,64	153,52564
493,90	150,12564
494,16	116,42564
494,42	99,34231
494,68	99,97564
494,94	128,45897
495,20	146,95897
495,46	139,62564
495,72	121,64231
495,98	97,74231
496,24	82,34231
496,50	83,24231
496,76	104,17564
497,02	127,59231
497,28	137,75897
497,54	149,24231
497,80	154,15897
498,06	141,19231
498,32	104,67564
498,58	91,02564
498,84	87,24231
499,10	88,54231
499,36	97,95897
499,62	105,45897
499,88	120,87564
500,14	120,15897
500,40	111,70897
500,66	114,50897
500,92	127,04231
501,18	134,07564
501,44	126,85897
501,69	121,92564
501,95	144,40897
502,21	148,09231
502,47	134,54231
502,73	103,62564
502,99	102,80897
503,25	109,32564
503,51	121,52564
503,77	113,62564
504,03	114,87564
504,29	129,79231
504,55	148,04231
504,81	146,09231
505,07	127,65897
505,33	113,67564
505,59	116,15897
505,85	132,64231
506,11	142,02564
506,37	145,04231
506,63	133,24231
506,89	128,50897
507,15	136,42564
507,41	139,12564
507,67	146,89231
507,93	140,59231
508,19	140,07564
508,45	149,87564
508,71	149,10897
508,97	142,67564
509,23	126,60897
509,49	151,89231
509,74	181,74231
510,00	185,07564
510,26	170,44231
510,52	146,00897
510,78	156,39231
511,04	144,59231
511,30	170,29231
511,56	163,89231
511,82	168,44231
512,08	148,54231
512,34	173,77564
512,60	171,25897
512,86	180,22564
513,12	156,79231
513,38	156,75897
513,64	159,82564
513,90	163,99231
514,16	196,12564
514,42	212,72564
514,67	220,12564
514,93	214,24231
515,19	203,99231
515,45	211,77564
515,71	208,55897
515,97	228,55897
516,23	234,17564
516,49	242,72564
516,75	251,60897
517,01	276,94231
517,27	288,34231
517,53	295,64231
517,79	301,79231
518,05	323,80897
518,31	361,92564
518,56	404,25897
518,82	453,69231
519,08	486,39231
519,34	540,82564
519,60	609,60897
519,86	717,19231
520,12	793,87564
520,38	850,69231
520,64	894,39231
520,90	947,45897
521,16	989,19231
521,42	994,22564
521,68	911,24231
521,93	811,12564
522,19	666,02564
522,45	578,34231
522,71	482,42564
522,97	446,70897
523,23	389,15897
523,49	367,15897
523,75	323,35897
524,01	313,50897
524,27	279,12564
524,53	277,74231
524,79	271,04231
525,04	274,40897
525,30	248,49231
525,56	227,29231
525,82	205,47564
526,08	208,77564
526,34	198,17564
526,60	219,65897
526,86	205,15897
527,12	216,92564
527,38	196,69231
527,63	198,04231
527,89	192,37564
528,15	194,90897
528,41	196,55897
528,67	204,54231
528,93	220,49231
529,19	211,55897
529,45	197,30897
529,71	177,72564
529,97	186,80897
530,22	198,42564
530,48	207,80897
530,74	210,57564
531,00	208,80897
531,26	217,10897
531,52	216,55897
531,78	203,32564
532,04	201,45897
532,30	195,15897
532,55	240,07564
532,81	247,29231
533,07	249,52564
533,33	224,74231
533,59	209,49231
533,85	204,99231
534,11	234,09231
534,37	258,07564
534,62	277,59231
534,88	237,80897
535,14	213,72564
535,40	206,10897
535,66	220,49231
535,92	230,09231
536,18	243,20897
536,44	240,50897
536,69	234,20897
536,95	230,59231
537,21	241,19231
537,47	263,10897
537,73	283,82564
537,99	279,90897
538,25	277,29231
538,51	265,00897
538,76	276,37564
539,02	288,92564
539,28	316,62564
539,54	324,95897
539,80	325,57564
540,06	325,09231
540,32	355,54231
540,57	385,05897
540,83	411,07564
541,09	399,25897
541,35	393,80897
541,61	391,37564
541,87	398,10897
542,13	433,90897
542,38	462,12564
542,64	488,10897
542,90	497,39231
543,16	488,70897
543,42	520,94231
543,68	538,25897
543,94	584,59231
544,19	627,82564
544,45	693,87564
544,71	761,54231
544,97	848,05897
545,23	924,32564
545,49	1023,90897
545,74	1092,20897
546,00	1192,20897
546,26	1226,49231
546,52	1307,35897
546,78	1348,35897
547,04	1397,89231
547,29	1341,39231
547,55	1218,95897
547,81	1071,94231
548,07	936,75897
548,33	820,10897
548,59	727,47564
548,84	648,85897
549,10	589,37564
549,36	524,04231
549,62	479,00897
549,88	443,52564
550,14	420,54231
550,39	389,74231
550,65	380,24231
550,91	367,65897
551,17	355,55897
551,43	336,27564
551,69	323,29231
551,94	331,35897
552,20	330,67564
552,46	332,75897
552,72	314,04231
552,98	298,39231
553,24	284,97564
553,49	279,37564
553,75	279,90897
554,01	281,35897
554,27	289,99231
554,53	304,37564
554,78	306,87564
555,04	291,65897
555,30	279,24231
555,56	265,17564
555,82	283,17564
556,07	290,37564
556,33	305,62564
556,59	296,02564
556,85	292,67564
557,11	299,34231
557,37	306,10897
557,62	282,99231
557,88	258,04231
558,14	261,24231
558,40	257,09231
558,66	255,84231
558,91	228,67564
559,17	238,19231
559,43	245,99231
559,69	235,60897
559,95	223,44231
560,20	207,05897
560,46	234,44231
560,72	247,09231
560,98	272,69231
561,24	244,27564
561,49	239,35897
561,75	220,74231
562,01	236,25897
562,27	243,29231
562,52	240,65897
562,78	237,37564
563,04	231,52564
563,30	214,75897
563,56	205,99231
563,81	207,27564
564,07	224,52564
564,33	244,24231
564,59	219,19231
564,85	198,55897
565,10	201,39231
565,36	207,27564
565,62	232,65897
565,88	189,70897
566,13	191,39231
566,39	172,74231
566,65	196,87564
566,91	215,30897
567,17	210,84231
567,42	222,72564
567,68	204,05897
567,94	214,04231
568,20	195,04231
568,45	198,99231
568,71	186,59231
568,97	168,89231
569,23	186,37564
569,49	188,60897
569,74	194,94231
570,00	145,44231
570,26	137,49231
570,52	133,69231
570,77	157,42564
571,03	174,82564
571,29	182,29231
571,55	183,47564
571,80	147,94231
572,06	124,70897
572,32	107,32564
572,58	148,55897
572,83	171,54231
573,09	162,64231
573,35	142,24231
573,61	120,70897
573,86	124,15897
574,12	102,39231
574,38	117,64231
574,64	111,75897
574,89	129,32564
575,15	148,52564
575,41	157,10897
575,67	147,84231
575,92	121,55897
576,18	131,40897
576,44	132,47564
576,70	124,95897
576,95	98,84231
577,21	88,35897
577,47	91,67564
577,73	110,79231
577,98	109,57564
578,24	106,35897
578,50	95,47564
578,76	103,04231
579,01	92,12564
579,27	86,65897
579,53	102,54231
579,79	108,47564
580,04	107,47564
580,30	73,27564
580,56	61,12564
580,81	63,90897
581,07	77,65897
581,33	83,20897
581,59	87,32564
581,84	104,20897
582,10	121,47564
582,36	123,72564
582,62	118,34231
582,87	119,90897
583,13	144,19231
583,39	138,42564
583,64	140,19231
583,90	106,77564
584,16	104,84231
584,42	88,25897
584,67	89,42564
584,93	93,44231
585,19	96,69231
585,45	97,85897
585,70	87,64231
585,96	97,55897
586,22	96,04231
586,47	92,02564
586,73	89,77564
586,99	84,90897
587,25	96,62564
587,50	81,90897
587,76	82,67564
588,02	77,90897
588,27	87,84231
588,53	110,99231
588,79	102,20897
589,04	87,05897
589,30	85,84231
589,56	89,59231
589,82	111,99231
590,07	100,14231
590,33	97,55897
590,59	80,30897
590,84	76,67564
591,10	81,77564
591,36	89,10897
591,61	85,54231
591,87	90,95897
592,13	81,72564
592,39	77,89231
592,64	70,57564
592,90	58,87564
593,16	57,34231
593,41	57,62564
593,67	68,95897
593,93	72,12564
594,18	82,45897
594,44	92,49231
594,70	87,64231
594,95	84,14231
595,21	90,35897
595,47	88,97564
595,73	82,34231
595,98	71,47564
596,24	78,34231
596,50	62,25897
596,75	67,32564
597,01	75,90897
597,27	87,70897
597,52	86,25897
597,78	87,55897
598,04	95,49231
598,29	80,34231
598,55	78,95897
598,81	65,82564
599,06	71,87564
599,32	56,27564
599,58	75,80897
599,83	66,19231
600,09	70,89231
600,35	57,10897
600,60	64,17564
600,86	74,19231
601,12	79,09231
601,37	87,59231
601,63	72,70897
601,89	61,87564
602,14	58,94231
602,40	64,30897
602,66	66,05897
602,91	50,30897
603,17	62,27564
603,43	79,32564
603,68	103,57564
603,94	91,37564
604,20	80,52564
604,45	67,05897
604,71	66,64231
604,97	67,02564
605,22	69,70897
605,48	71,00897
605,74	81,90897
605,99	82,62564
606,25	77,99231
606,51	65,80897
606,76	49,89231
607,02	66,52564
607,27	60,80897
607,53	76,50897
607,79	77,89231
608,04	68,40897
608,30	61,52564
608,56	46,17564
608,81	74,74231
609,07	78,04231
609,33	106,22564
609,58	115,32564
609,84	130,44231
610,10	115,12564
610,35	85,52564
610,61	76,82564
610,86	62,04231
611,12	69,79231
611,38	55,92564
611,63	55,14231
611,89	56,72564
612,15	70,79231
612,40	63,94231
612,66	44,67564
612,92	22,07564
613,17	52,49231
613,43	77,70897
613,68	94,15897
613,94	70,39231
614,20	56,87564
614,45	43,24231
614,71	60,77564
614,97	49,62564
615,22	52,27564
615,48	38,87564
615,73	52,10897
615,99	60,67564
616,25	64,45897
616,50	76,19231
616,76	74,64231
617,01	78,10897
617,27	52,90897
617,53	53,22564
617,78	68,82564
618,04	88,52564
618,30	101,35897
618,55	69,55897
618,81	71,35897
619,06	49,82564
619,32	56,75897
619,58	49,90897
619,83	58,75897
620,09	51,70897
620,34	48,74231
620,60	43,50897
620,86	43,52564
621,11	42,55897
621,37	60,40897
621,62	62,67564
621,88	46,94231
622,14	19,64231
622,39	28,02564
622,65	42,85897
622,90	49,79231
623,16	57,80897
623,42	63,07564
623,67	53,44231
623,93	52,17564
624,18	43,92564
624,44	72,27564
624,70	81,42564
624,95	80,94231
625,21	73,75897
625,46	50,92564
625,72	65,67564
625,98	46,74231
626,23	57,19231
626,49	32,92564
626,74	45,74231
627,00	45,97564
627,25	54,27564
627,51	64,99231
627,77	55,89231
628,02	44,29231
628,28	34,64231
628,53	38,75897
628,79	54,95897
629,04	48,54231
629,30	46,12564
629,56	59,42564
629,81	51,62564
630,07	51,19231
630,32	36,50897
630,58	71,44231
630,83	74,20897
631,09	68,40897
631,35	44,64231
631,60	43,25897
631,86	61,82564
632,11	65,14231
632,37	50,05897
632,62	31,29231
632,88	25,45897
633,14	32,50897
633,39	31,84231
633,65	56,22564
633,90	75,02564
634,16	76,25897
634,41	54,25897
634,67	48,55897
634,93	64,45897
635,18	71,25897
635,44	51,30897
635,69	34,85897
635,95	40,80897
636,20	69,95897
636,46	69,85897
636,71	63,55897
636,97	52,67564
637,22	57,95897
637,48	51,02564
637,74	48,85897
637,99	59,67564
638,25	65,49231
638,50	62,25897
638,76	64,17564
639,01	52,49231
639,27	45,92564
639,52	40,97564
639,78	53,55897
640,03	52,04231
640,29	38,60897
640,55	40,47564
640,80	42,90897
641,06	38,77564
641,31	48,64231
641,57	50,55897
641,82	65,99231
642,08	63,47564
642,33	69,40897
642,59	75,67564
642,84	74,55897
643,10	64,80897
643,35	49,39231
643,61	42,30897
643,87	48,77564
644,12	50,57564
644,38	38,85897
644,63	43,65897
644,89	61,15897
645,14	71,47564
645,40	68,05897
645,65	68,94231
645,91	64,34231
646,16	76,94231
646,42	76,77564
646,67	71,99231
646,93	61,07564
647,18	57,24231
647,44	60,80897
647,69	51,89231
647,95	32,19231
648,20	30,50897
648,46	31,50897
648,71	39,75897
648,97	41,59231
649,22	43,35897
649,48	41,27564
649,73	38,62564
649,99	35,05897
650,24	50,55897
650,50	62,79231
650,75	70,57564
651,01	66,87564
651,26	62,74231
651,52	58,29231
651,77	44,20897
652,03	47,50897
652,28	40,80897
652,54	62,35897
652,79	81,72564
653,05	98,87564
653,30	92,15897
653,56	66,15897
653,81	62,80897
654,07	62,47564
654,32	67,62564
654,58	59,70897
654,83	67,27564
655,09	53,67564
655,34	51,49231
655,60	36,85897
655,85	41,84231
656,11	70,09231
656,36	81,69231
656,62	79,24231
656,87	56,25897
657,13	28,05897
657,38	40,54231
657,64	56,92564
657,89	80,22564
658,15	60,94231
658,40	36,39231
658,66	37,49231
658,91	44,95897
659,17	51,22564
659,42	49,12564
659,68	52,67564
659,93	39,25897
660,19	32,85897
660,44	44,92564
660,70	67,75897
660,95	69,62564
661,20	59,05897
661,46	51,47564
661,71	56,22564
661,97	49,00897
662,22	57,04231
662,48	61,44231
662,73	66,52564
662,99	74,30897
663,24	78,22564
663,50	70,97564
663,75	63,59231
664,01	35,99231
664,26	55,40897
664,52	46,04231
664,77	67,52564
665,02	70,05897
665,28	75,19231
665,53	68,99231
665,79	70,10897
666,04	73,62564
666,30	63,49231
666,55	58,77564
666,81	38,34231
667,06	47,77564
667,32	47,99231
667,57	56,09231
667,82	53,92564
668,08	54,65897
668,33	58,22564
668,59	54,27564
668,84	64,29231
669,10	59,60897
669,35	118,52564
669,61	86,94231
669,86	102,45897
670,11	40,25897
670,37	58,07564
670,62	54,57564
670,88	67,70897
671,13	50,27564
671,39	31,27564
671,64	18,94231
671,90	28,40897
672,15	37,52564
672,40	34,29231
672,66	19,74231
672,91	26,54231
673,17	32,92564
673,42	46,55897
673,68	38,95897
673,93	30,74231
674,18	37,07564
674,44	28,47564
674,69	38,37564
674,95	42,54231
675,20	49,10897
675,46	44,70897
675,71	29,19231
675,96	42,40897
676,22	34,80897
676,47	42,47564
676,73	39,17564
676,98	43,34231
677,23	51,62564
677,49	58,19231
677,74	78,50897
678,00	60,72564
678,25	53,62564
678,51	54,82564
678,76	48,02564
679,01	50,39231
679,27	32,04231
679,52	37,95897
679,78	31,77564
680,03	39,32564
680,28	40,07564
680,54	37,27564
680,79	21,09231
681,05	23,65897
681,30	16,92564
681,55	23,25897
681,81	27,65897
682,06	50,17564
682,32	61,59231
682,57	75,07564
682,82	62,00897
683,08	52,72564
683,33	24,39231
683,59	34,40897
683,84	26,17564
684,09	39,52564
684,35	32,34231
684,60	48,49231
684,86	48,99231
685,11	66,09231
685,36	65,34231
685,62	77,09231
685,87	41,67564
686,13	30,89231
686,38	7,22564
686,63	27,65897
686,89	45,95897
687,14	78,65897
687,40	74,25897
687,65	72,54231
687,90	53,40897
688,16	48,62564
688,41	35,92564
688,66	28,17564
688,92	31,99231
689,17	22,80897
689,43	14,95897
689,68	18,74231
689,93	28,02564
690,19	31,42564
690,44	12,94231
690,69	3,62564
690,95	6,02564
691,20	23,19231
691,46	19,00897
691,71	30,70897
691,96	36,25897
692,22	46,27564
692,47	36,25897
692,72	23,05897
692,98	20,74231
693,23	26,74231
693,49	44,69231
693,74	50,70897
693,99	59,35897
694,25	50,65897
694,50	53,30897
694,75	43,64231
695,01	21,09231
695,26	21,17564
695,51	21,42564
695,77	25,07564
696,02	19,24231
696,27	17,72564
696,53	35,65897
696,78	45,05897
697,04	51,39231
697,29	42,55897
697,54	34,84231
697,80	20,79231
698,05	21,17564
698,30	11,19231
698,56	12,07564
698,81	13,79231
699,06	19,50897
699,32	17,19231
699,57	18,82564
699,82	34,30897
700,08	31,32564
700,33	24,94231
700,58	9,80897
700,84	14,42564
701,09	5,99231
701,34	7,44231
701,60	14,39231
701,85	19,65897
702,10	25,44231
702,36	33,70897
702,61	29,92564
702,86	17,37564
703,12	-7,37436
703,37	-2,60769
703,62	-4,27436
703,88	-4,57436
704,13	-13,85769
704,38	-10,69103
704,64	18,95897
704,89	29,49231
705,14	52,20897
705,40	45,97564
705,65	44,60897
705,90	19,15897
706,16	-3,44103
706,41	3,75897
706,66	7,19231
706,92	11,94231
707,17	18,54231
707,42	43,30897
707,68	31,84231
707,93	19,70897
708,18	9,42564
708,44	40,60897
708,69	54,44231
708,94	49,62564
709,19	37,00897
709,45	40,44231
709,70	29,12564
709,95	30,72564
710,21	7,84231
710,46	6,05897
710,71	21,64231
710,97	22,79231
711,22	30,80897
711,47	7,15897
711,73	14,57564
711,98	12,37564
712,23	9,54231
712,48	-1,24103
712,74	-3,95769
712,99	-4,55769
713,24	-13,04103
713,50	-12,14103
713,75	8,69231
714,00	27,65897
714,26	24,29231
714,51	11,17564
714,76	10,67564
715,01	3,72564
715,27	24,34231
715,52	19,24231
715,77	35,07564
716,03	14,45897
716,28	18,12564
716,53	26,52564
716,78	25,94231
717,04	30,94231
717,29	29,87564
717,54	40,02564
717,80	30,24231
718,05	27,59231
718,30	16,95897
718,55	24,20897
718,81	17,69231
719,06	30,67564
719,31	26,64231
719,57	15,07564
719,82	7,40897
720,07	13,52564
720,32	15,17564
720,58	19,57564
720,83	16,35897
721,08	22,27564
721,33	16,70897
721,59	29,02564
721,84	38,32564
722,09	49,94231
722,35	40,92564
722,60	31,60897
722,85	25,32564
723,10	16,30897
723,36	17,44231
723,61	6,67564
723,86	15,35897
724,11	26,59231
724,37	20,90897
724,62	12,87564
724,87	-4,00769
725,12	-3,62436
725,38	-3,94103
725,63	-1,92436
725,88	-7,39103
726,13	-6,44103
726,39	-24,04103
726,64	-1,70769
726,89	-2,95769
727,14	6,90897
727,40	-0,44103
727,65	4,80897
727,90	22,64231
728,15	29,19231
728,41	21,00897
728,66	23,25897
728,91	8,30897
729,16	16,24231
729,42	13,99231
729,67	25,52564
729,92	6,50897
730,17	-0,80769
730,43	0,17564
730,68	21,44231
730,93	24,15897
731,18	17,40897
731,44	10,99231
731,69	3,54231
731,94	7,45897
732,19	18,10897
732,45	28,20897
732,70	44,35897
732,95	29,30897
733,20	12,34231
733,45	1,25897
733,71	10,50897
733,96	10,29231
734,21	13,24231
734,46	9,82564
734,72	19,17564
734,97	16,95897
735,22	11,59231
735,47	13,82564
735,72	7,84231
735,98	6,12564
736,23	5,92564
736,48	12,52564
736,73	19,60897
736,99	14,42564
737,24	11,10897
737,49	7,32564
737,74	10,27564
737,99	30,27564
738,25	33,69231
738,50	31,40897
738,75	0,30897
739,00	3,75897
739,25	12,84231
739,51	10,42564
739,76	9,95897
740,01	12,40897
740,26	25,79231
740,52	31,94231
740,77	49,95897
741,02	48,77564
741,27	34,54231
741,52	15,50897
741,78	11,12564
742,03	13,75897
742,28	9,64231
742,53	14,90897
742,78	25,09231
743,04	30,34231
743,29	34,79231
743,54	37,34231
743,79	24,82564
744,04	10,80897
744,30	7,85897
744,55	16,17564
744,80	35,59231
745,05	27,72564
745,30	25,05897
745,55	3,44231
745,81	22,72564
746,06	23,89231
746,31	35,59231
746,56	20,95897
746,81	27,15897
747,07	33,24231
747,32	35,95897
747,57	49,75897
747,82	57,27564
748,07	73,52564
748,32	53,15897
748,58	44,25897
748,83	22,74231
749,08	34,22564
749,33	34,99231
749,58	45,07564
749,84	41,02564
750,09	27,22564
750,34	17,24231
750,59	23,69231
750,84	16,47564
751,09	36,62564
751,35	32,67564
751,60	46,52564
751,85	19,15897
752,10	-2,89103
752,35	8,60897
752,60	15,39231
752,86	29,14231
753,11	7,69231
753,36	-0,02436
753,61	-3,67436
753,86	-9,47436
754,11	-7,37436
754,37	-23,34103
754,62	-22,99103
754,87	-21,50769
755,12	0,97564
755,37	13,04231
755,62	17,45897
755,87	-3,64103
756,13	-13,57436
756,38	-14,50769
756,63	2,60897
756,88	27,74231
757,13	22,60897
757,38	27,59231
757,64	0,55897
757,89	0,77564
758,14	11,60897
758,39	13,50897
758,64	35,22564
758,89	18,39231
759,14	33,94231
759,40	25,50897
759,65	26,97564
759,90	19,22564
760,15	9,45897
760,40	-10,82436
760,65	-15,19103
760,90	-16,92436
761,15	-5,14103
761,41	2,09231
761,66	-0,99103
761,91	8,04231
762,16	-2,90769
762,41	14,92564
762,66	2,77564
762,91	8,95897
763,17	3,95897
763,42	12,30897
763,67	23,70897
763,92	22,19231
764,17	21,39231
764,42	5,84231
764,67	9,70897
764,92	23,15897
765,18	27,09231
765,43	8,99231
765,68	16,67564
765,93	27,82564
766,18	35,82564
766,43	24,64231
766,68	27,47564
766,93	26,04231
767,18	25,35897
767,44	29,00897
767,69	37,95897
767,94	63,82564
768,19	68,90897
768,44	81,60897
768,69	82,30897
768,94	95,82564
769,19	97,07564
769,44	99,89231
769,70	79,32564
769,95	76,69231
770,20	70,29231
770,45	80,82564
770,70	80,04231
770,95	61,05897
771,20	34,92564
771,45	39,47564
771,70	35,25897
771,95	33,59231
772,21	30,52564
772,46	30,10897
772,71	35,74231
772,96	23,59231
773,21	22,70897
773,46	34,49231
773,71	35,74231
773,96	22,70897
774,21	13,10897
774,46	11,77564
774,72	24,02564
774,97	14,85897
775,22	0,15897
775,47	-1,99103
775,72	0,44231
775,97	16,37564
776,22	15,92564
776,47	35,40897
776,72	41,65897
776,97	47,07564
777,22	28,35897
777,47	26,47564
777,73	18,45897
777,98	31,24231
778,23	21,97564
778,48	18,49231
778,73	2,02564
778,98	7,62564
779,23	19,52564
779,48	28,17564
779,73	12,89231
779,98	-1,12436
780,23	-1,52436
780,48	2,74231
780,73	19,75897
780,98	28,35897
781,24	31,25897
781,49	11,27564
781,74	-7,15769
781,99	-9,94103
782,24	-3,79103
782,49	-0,49103
782,74	-1,09103
782,99	3,09231
783,24	0,87564
783,49	6,17564
783,74	3,50897
783,99	23,42564
784,24	16,80897
784,49	12,97564
784,74	3,97564
784,99	13,74231
785,24	4,07564
785,49	-18,14103
785,75	2,65897
786,00	32,70897
786,25	41,22564
786,50	16,30897
786,75	-10,67436
787,00	7,39231
787,25	6,84231
787,50	19,94231
787,75	11,89231
788,00	33,77564
788,25	10,20897
788,50	-2,30769
788,75	-21,49103
789,00	-15,79103
789,25	-18,85769
789,50	-33,02436
789,75	-29,60769
790,00	-14,65769
790,25	-5,50769
790,50	28,02564
790,75	42,72564
791,00	42,49231
791,25	30,90897
791,50	7,79231
791,75	8,64231
792,01	14,42564
792,26	19,32564
792,51	30,49231
792,76	8,25897
793,01	5,04231
793,26	-26,37436
793,51	-20,09103
793,76	-16,27436
794,01	8,47564
794,26	8,05897
794,51	10,24231
794,76	-0,47436
795,01	7,89231
795,26	12,07564
795,51	21,47564
795,76	14,34231
796,01	19,92564
796,26	24,70897
796,51	20,54231
796,76	8,55897
797,01	-10,10769
797,26	-2,72436
797,51	-14,22436
797,76	5,74231
798,01	5,12564
798,26	33,57564
798,51	21,85897
798,76	4,89231
799,01	-9,37436
799,26	-18,12436
799,51	-12,20769
799,76	-13,85769
800,01	5,49231
800,26	0,44231
800,51	7,25897
800,76	-1,77436
801,01	6,05897
801,26	-4,47436
801,51	-9,20769
801,76	-6,34103
802,01	-9,57436
802,26	0,10897
802,51	13,10897
802,76	22,44231
803,01	17,22564
803,26	-6,50769
803,51	-9,94103
803,76	-2,97436
804,01	11,42564
804,26	4,29231
804,51	-8,20769
804,76	-17,54103
805,01	-13,37436
805,26	-14,72436
805,51	-14,57436
805,76	-21,32436
806,01	16,15897
806,26	27,80897
806,51	33,29231
806,76	-8,92436
807,01	-24,32436
807,26	-26,14103
807,51	-27,19103
807,76	-26,50769
808,01	-18,14103
808,26	-5,00769
808,50	-0,45769
808,75	-3,85769
809,00	-10,47436
809,25	-1,00769
809,50	-5,02436
809,75	2,92564
810,00	-2,42436
810,25	-6,60769
810,50	-0,30769
810,75	1,12564
811,00	19,84231
811,25	14,87564
811,50	28,87564
811,75	26,37564
812,00	18,89231
812,25	2,70897
812,50	-25,44103
812,75	-28,90769
813,00	-28,05769
813,25	-15,85769
813,50	-11,77436
813,75	-18,64103
814,00	-11,80769
814,25	-9,27436
814,50	12,85897
814,74	10,54231
814,99	24,02564
815,24	3,55897
815,49	5,82564
815,74	-5,95769
815,99	10,89231
816,24	16,40897
816,49	18,97564
816,74	30,25897
816,99	21,80897
817,24	24,80897
817,49	-17,04103
817,74	-4,15769
817,99	-22,00769
818,24	-12,52436
818,49	-13,69103
818,74	-2,07436
818,98	14,42564
819,23	4,27564
819,48	26,69231
819,73	20,67564
819,98	35,99231
820,23	4,12564
820,48	8,54231
820,73	0,47564
820,98	5,60897
821,23	-10,09103
821,48	-25,69103
821,73	-27,22436
821,98	-16,74103
822,23	-13,10769
822,47	12,65897
822,72	11,40897
822,97	19,09231
823,22	8,17564
823,47	10,00897
823,72	14,74231
823,97	19,30897
824,22	32,70897
824,47	26,05897
824,72	14,65897
824,97	0,90897
825,22	5,45897
825,46	7,69231
825,71	12,95897
825,96	12,07564
826,21	13,44231
826,46	16,17564
826,71	27,69231
826,96	54,74231
827,21	52,77564
827,46	47,35897
827,71	29,85897
827,96	32,29231
828,20	39,69231
828,45	39,64231
828,70	39,57564
828,95	25,92564
829,20	17,04231
829,45	11,39231
829,70	11,45897
829,95	8,30897
830,20	2,59231
830,45	15,95897
830,69	16,49231
830,94	16,62564
831,19	8,64231
831,44	-3,95769
831,69	1,25897
831,94	-5,90769
832,19	9,99231
832,44	-5,35769
832,69	-8,42436
832,93	-12,09103
833,18	6,80897
833,43	2,62564
833,68	-6,40769
833,93	-6,15769
834,18	2,00897
834,43	10,67564
834,68	0,27564
834,92	-9,32436
835,17	-7,50769
835,42	1,65897
835,67	15,05897
835,92	5,79231
836,17	-4,47436
836,42	-15,64103
836,67	-33,50769
836,91	-19,14103
837,16	-12,10769
837,41	-7,92436
837,66	5,47564
837,91	21,70897
838,16	32,84231
838,41	14,42564
838,66	-11,99103
838,90	2,60897
839,15	-3,00769
839,40	8,74231
839,65	-10,25769
839,90	-14,97436
840,15	-10,87436
840,40	-16,42436
840,64	-1,50769
840,89	-16,59103
841,14	-0,77436
841,39	-11,07436
841,64	-12,75769
841,89	-10,15769
842,14	-25,54103
842,38	5,80897
842,63	8,99231
842,88	12,77564
843,13	-16,20769
843,38	-16,27436
843,63	-7,70769
843,87	5,29231
844,12	-11,20769
844,37	-11,97436
844,62	-17,52436
844,87	-7,94103
845,12	3,44231
845,37	-3,60769
845,61	-9,37436
845,86	-23,75769
846,11	-15,84103
846,36	-17,10769
846,61	-5,42436
846,86	-3,87436
847,10	5,49231
847,35	19,94231
847,60	18,54231
847,85	14,67564
848,10	-1,19103
848,35	0,40897
848,59	8,45897
848,84	-2,89103
849,09	6,29231
849,34	-2,65769
849,59	7,40897
849,84	-19,69103
850,08	-11,77436
850,33	-20,90769
850,58	-9,15769
850,83	-4,67436
851,08	-13,12436
851,32	-21,60769
851,57	-26,85769
851,82	1,35897
852,07	7,82564
852,32	22,87564
852,57	-1,87436
852,81	15,97564
853,06	-7,09103
853,31	9,59231
853,56	-7,85769
853,81	-9,00769
854,05	-6,84103
854,30	-11,10769
854,55	-7,75769
854,80	-18,09103
855,05	17,70897
855,29	18,24231
855,54	24,45897
855,79	-3,89103
856,04	-8,54103
856,29	-12,54103
856,53	-2,32436
856,78	-1,89103
857,03	-12,19103
857,28	-19,04103
857,53	-13,64103
857,77	10,09231
858,02	0,75897
858,27	-0,44103
858,52	-10,60769
858,77	-16,65769
859,01	-22,47436
859,26	-25,94103
859,51	-13,30769
859,76	-21,12436
860,01	-21,09103
860,25	-25,87436
860,50	-7,50769
860,75	-8,69103
861,00	2,82564
861,25	-2,67436
861,49	1,22564
861,74	-3,54103
861,99	-16,79103
862,24	-23,70769
862,48	-26,64103
862,73	-19,77436
862,98	-18,72436
863,23	-5,82436
863,48	5,10897
863,72	20,70897
863,97	26,84231
864,22	28,74231
864,47	3,99231
864,71	-17,90769
864,96	-11,12436
865,21	-5,24103
865,46	-10,49103
865,70	-27,55769
865,95	-38,64103
866,20	-29,25769
866,45	-9,80769
866,70	8,07564
866,94	22,22564
867,19	-2,74103
867,44	-5,32436
867,69	-13,85769
867,93	-11,60769
868,18	-6,49103
868,43	-6,57436
868,68	1,02564
868,92	-5,02436
869,17	-16,99103
869,42	-3,45769
869,67	-6,80769
869,91	-4,84103
870,16	-26,74103
870,41	-13,30769
870,66	-2,60769
870,90	16,50897
871,15	6,02564
871,40	-6,79103
871,65	-22,47436
871,89	-13,94103
872,14	-12,25769
872,39	-9,22436
872,64	-16,42436
872,88	-16,72436
873,13	-26,22436
873,38	-36,24103
873,63	-13,12436
873,87	-5,32436
874,12	-17,35769
874,37	-44,09103
874,62	-40,49103
874,86	-20,94103
875,11	-11,74103
875,36	-12,10769
875,60	-20,95769
875,85	-13,79103
876,10	-5,34103
876,35	8,20897
876,59	0,64231
876,84	-9,72436
877,09	-6,05769
877,34	0,70897
877,58	-3,60769
877,83	-11,57436
878,08	-18,97436
878,32	-18,24103
878,57	-27,42436
878,82	-13,69103
879,07	-15,44103
879,31	-8,49103
879,56	-16,60769
879,81	-14,92436
880,06	-21,75769
880,30	-30,92436
880,55	-3,85769
880,80	4,89231
881,04	10,72564
881,29	12,20897
881,54	23,27564
881,79	19,12564
882,03	-14,47436
882,28	-11,67436
882,53	-4,99103
882,77	11,05897
883,02	-1,82436
883,27	-2,69103
883,51	-15,65769
883,76	-9,32436
884,01	-2,04103
884,26	-4,40769
884,50	-11,35769
884,75	-30,17436
885,00	-23,05769
885,24	-21,30769
885,49	-15,44103
885,74	1,42564
885,98	-17,29103
886,23	-25,27436
886,48	-35,72436
886,73	-6,62436
886,97	7,89231
887,22	-5,24103
887,47	-26,07436
887,71	-37,69103
887,96	-37,04103
888,21	-23,67436
888,45	-13,15769
888,70	3,87564
888,95	-10,59103
889,19	-18,57436
889,44	-28,17436
889,69	-16,97436
889,93	-29,42436
890,18	-19,65769
890,43	-15,90769
890,67	2,67564
890,92	-20,20769
891,17	-10,72436
891,42	-1,29103
891,66	28,72564
891,91	22,35897
892,16	19,07564
892,40	20,72564
892,65	16,12564
892,90	5,69231
893,14	-7,74103
893,39	-9,39103
893,64	-12,50769
893,88	-32,54103
894,13	-19,77436
894,38	-8,77436
894,62	-2,85769
894,87	-22,25769
895,12	-38,29103
895,36	-33,14103
895,61	-30,94103
895,86	-24,65769
896,10	-27,80769
896,35	-31,57436
896,60	-45,30769
896,84	-47,92436
897,09	-40,99103
897,33	-21,02436
897,58	-17,20769
897,83	-17,50769
898,07	-25,69103
898,32	-21,12436
898,57	-16,54103
898,81	-4,80769
899,06	5,84231
899,31	32,00897
899,55	31,52564
899,80	10,27564
900,05	-20,17436
900,29	-29,67436
900,54	-3,55769
900,79	-7,87436
901,03	-8,09103
901,28	-21,20769
901,52	-4,47436
901,77	10,25897
902,02	17,89231
902,26	-6,17436
902,51	-20,59103
902,76	-47,00769
903,00	-26,92436
903,25	-31,74103
903,50	-15,10769
903,74	-27,54103
903,99	-30,40769
904,23	-27,27436
904,48	-22,25769
904,73	-0,60769
904,97	1,40897
905,22	11,25897
905,47	-3,72436
905,71	2,35897
905,96	-3,99103
906,20	8,42564
906,45	0,79231
906,70	1,49231
906,94	-5,49103
907,19	-9,05769
907,44	-20,25769
907,68	-31,85769
907,93	-32,05769
908,17	-46,20769
908,42	-33,80769
908,67	-44,34103
908,91	-14,59103
909,16	-6,80769
909,40	-4,55769
909,65	-21,82436
909,90	-30,95769
910,14	-28,64103
910,39	-36,54103
910,63	-30,95769
910,88	-14,85769
911,13	16,04231
911,37	13,30897
911,62	-0,57436
911,86	-19,94103
912,11	-18,62436
912,36	-9,24103
912,60	-7,09103
912,85	4,90897
913,09	3,40897
913,34	16,30897
913,59	-12,82436
913,83	-7,07436
914,08	-23,57436
914,32	0,77564
914,57	-0,17436
914,82	13,09231
915,06	5,72564
915,31	-1,84103
915,55	-1,49103
915,80	8,99231
916,05	-2,37436
916,29	-22,39103
916,54	-39,65769
916,78	-18,10769
917,03	-0,62436
917,27	1,72564
917,52	-14,40769
917,77	-12,10769
918,01	-7,95769
918,26	-13,19103
918,50	-26,50769
918,75	-31,85769
919,00	-28,40769
919,24	-28,45769
919,49	-37,64103
919,73	-26,22436
919,98	-28,97436
920,22	-17,77436
920,47	-26,30769
920,72	-29,82436
920,96	-33,39103
921,21	-32,75769
921,45	-22,34103
921,70	-28,72436
921,94	-18,42436
922,19	-11,92436
922,43	-7,27436
922,68	14,42564
922,93	14,50897
923,17	11,64231
923,42	-25,65769
923,66	-28,95769
923,91	-27,97436
924,15	-17,34103
924,40	-18,29103
924,64	-19,00769
924,89	-23,65769
925,14	-24,97436
925,38	-23,89103
925,63	-7,62436
925,87	0,09231
926,12	15,07564
926,36	-0,29103
926,61	-14,29103
926,85	54,64231
927,10	47,25897
927,35	46,37564
927,59	-26,10769
927,84	-28,67436
928,08	-16,82436
928,33	-27,02436
928,57	-16,54103
928,82	-10,42436
929,06	-4,14103
929,31	-2,32436
929,55	-12,32436
929,80	-6,10769
930,04	-9,77436
930,29	-12,24103
930,54	-17,29103
930,78	-18,07436
931,03	-25,60769
931,27	-15,39103
931,52	-14,62436
931,76	-7,35769
932,01	-32,00769
932,25	-34,02436
932,50	-17,05769
932,74	-9,59103
932,99	14,00897
933,23	-3,39103
933,48	6,57564
933,72	-9,69103
933,97	-16,14103
934,21	6,77564
934,46	20,40897
934,70	39,00897
934,95	13,34231
935,19	-17,30769
935,44	-33,55769
935,68	-34,92436
935,93	-20,24103
936,18	-12,99103
936,42	-14,40769
936,67	-21,19103
936,91	-12,42436
937,16	11,62564
937,40	11,82564
937,65	-13,29103
937,89	-35,69103
938,14	-36,74103
938,38	-24,37436
938,63	-16,69103
938,87	-16,34103
939,12	-7,72436
939,36	11,84231
939,61	20,59231
939,85	8,79231
940,10	-25,49103
940,34	-25,69103
940,59	-24,54103
940,83	-29,94103
941,08	-23,39103
941,32	-14,45769
941,57	6,49231
941,81	-13,72436
942,06	-19,67436
942,30	-24,87436
942,55	-8,30769
942,79	-19,14103
943,03	-17,05769
943,28	-12,74103
943,52	23,04231
943,77	7,74231
944,01	-12,84103
944,26	-46,45769
944,50	-46,92436
944,75	-16,90769
944,99	1,37564
945,24	7,00897
945,48	6,10897
945,73	54,72564
945,97	51,25897
946,22	30,49231
946,46	-25,10769
946,71	-6,37436
946,95	-3,47436
947,20	-14,64103
947,44	-29,85769
947,69	-25,59103
947,93	-21,12436
948,17	-24,47436
948,42	-35,35769
948,66	-29,30769
948,91	-33,82436
949,15	-37,45769
949,40	-44,55769
949,64	-29,30769
949,89	-20,55769
950,13	-18,37436
950,38	-32,57436
950,62	-26,45769
950,87	-19,44103
951,11	2,50897
951,35	-8,44103
951,60	-8,32436
951,84	-22,77436
952,09	-19,35769
952,33	-22,57436
952,58	-10,69103
952,82	-22,19103
953,07	-28,24103
953,31	-26,82436
953,56	-11,02436
953,80	-9,39103
954,04	-38,82436
954,29	-58,22436
954,53	-65,45769
954,78	-54,90769
955,02	-44,80769
955,27	-37,57436
955,51	-34,25769
955,76	-30,87436
956,00	-28,15769
956,24	-31,20769
956,49	-26,32436
956,73	-20,44103
956,98	-15,02436
957,22	4,00897
957,47	14,80897
957,71	6,42564
957,95	-3,29103
958,20	-6,89103
958,44	14,50897
958,69	-0,82436
958,93	-6,95769
959,18	-15,44103
959,42	0,24231
959,66	-7,54103
959,91	-21,64103
960,15	-39,27436
960,40	-39,40769
960,64	-30,90769
960,89	-17,55769
961,13	92,32564
961,37	107,07564
961,62	110,99231
961,86	10,95897
962,11	10,40897
962,35	-10,22436
962,59	-14,82436
962,84	-42,95769
963,08	-25,34103
963,33	-25,54103
963,57	-14,75769
963,81	-25,37436
964,06	-26,52436
964,30	-9,27436
964,55	-25,57436
964,79	4,55897
965,04	7,24231
965,28	15,85897
965,52	-11,70769
965,77	-25,45769
966,01	-14,89103
966,26	-15,44103
966,50	-10,15769
966,74	-2,42436
966,99	5,87564
967,23	4,27564
967,48	-9,49103
967,72	-19,07436
967,96	-31,20769
968,21	-18,34103
968,45	-22,22436
968,69	-12,95769
968,94	-1,24103
969,18	-6,99103
969,43	-20,75769
969,67	-37,45769
969,91	-19,27436
970,16	-5,54103
970,40	-10,74103
970,65	-19,39103
970,89	-38,40769
971,13	-32,32436
971,38	-33,10769
971,62	4,54231
971,86	-0,24103
972,11	7,72564
972,35	-18,69103
972,60	-8,14103
972,84	-2,02436
973,08	-0,52436
973,33	-12,05769
973,57	-15,37436
973,81	-3,40769
974,06	-3,15769
974,30	-20,39103
974,55	-19,04103
974,79	-8,40769
975,03	1,32564
975,28	-4,77436
975,52	-22,87436
975,76	-21,39103
976,01	-25,42436
976,25	-10,90769
976,50	-14,84103
976,74	-4,09103
976,98	0,47564
977,23	-5,44103
977,47	-5,65769
977,71	-11,49103
977,96	-20,65769
978,20	-42,49103
978,44	-53,84103
978,69	-25,05769
978,93	-11,14103
979,17	-3,39103
979,42	-10,17436
979,66	-12,52436
979,90	-1,32436
980,15	17,84231
980,39	23,45897
980,64	4,72564
980,88	0,35897
981,12	1,00897
981,37	0,60897
981,61	-11,14103
981,85	-23,87436
982,10	-15,84103
982,34	-39,39103
982,58	-29,74103
982,83	-45,44103
983,07	-41,50769
983,31	-43,79103
983,56	-42,44103
983,80	-29,59103
984,04	-27,72436
984,29	-6,37436
984,53	-7,54103
984,77	-8,34103
985,02	-7,57436
985,26	-25,37436
985,50	-4,57436
985,75	-17,77436
985,99	-0,30769
986,23	-23,30769
986,48	-19,29103
986,72	-22,02436
986,96	-4,57436
987,20	-3,62436
987,45	-8,79103
987,69	-34,27436
987,93	-25,37436
988,18	-7,47436
988,42	7,05897
988,66	4,15897
988,91	-13,17436
989,15	-17,34103
989,39	-29,77436
989,64	-33,12436
989,88	-31,35769
990,12	-28,05769
990,37	-18,29103
990,61	-18,92436
990,85	-25,30769
991,10	-36,25769
991,34	-36,20769
991,58	-30,55769
991,82	-27,84103
992,07	-31,67436
992,31	-26,39103
992,55	-33,92436
992,80	-36,92436
993,04	-27,34103
993,28	0,07564
993,53	4,42564
993,77	-7,19103
994,01	-34,62436
994,25	-37,19103
994,50	-31,60769
994,74	-14,30769
994,98	-15,67436
995,23	-19,59103
995,47	-16,85769
995,71	-19,72436
995,95	-19,37436
996,20	-8,47436
996,44	1,47564
996,68	-4,74103
996,93	-27,34103
997,17	-28,17436
997,41	-19,82436
997,65	-23,29103
997,90	-32,70769
998,14	-40,47436
998,38	-26,55769
998,63	-23,14103
998,87	-21,75769
999,11	-36,15769
999,35	-32,55769
999,60	-38,05769
999,84	-29,70769
1000,08	-7,89103
1000,32	6,04231
1000,57	4,87564
1000,81	6,09231
1001,05	2,07564
1001,30	14,55897
1001,54	-5,65769
1001,78	11,67564
1002,02	3,97564
1002,27	11,00897
1002,51	-12,05769
1002,75	-12,59103
1002,99	-26,94103
1003,24	-30,64103
1003,48	-28,14103
1003,72	-38,10769
1003,96	-29,24103
1004,21	-25,45769
1004,45	0,10897
1004,69	0,65897
1004,93	-4,39103
1005,18	-7,20769
1005,42	1,04231
1005,66	-8,10769
1005,90	-18,89103
1006,15	-38,19103
1006,39	-22,37436
1006,63	-3,47436
1006,87	13,49231
1007,12	5,72564
1007,36	3,39231
1007,60	6,09231
1007,84	-2,34103
1008,09	-11,22436
1008,33	-27,77436
1008,57	-17,25769
1008,81	-12,14103
1009,06	-11,19103
1009,30	-15,52436
1009,54	-12,22436
1009,78	-1,89103
1010,03	1,00897
1010,27	-14,75769
1010,51	-13,95769
1010,75	-17,37436
1010,99	-5,64103
1011,24	-5,24103
1011,48	22,14231
1011,72	15,04231
1011,96	23,99231
1012,21	1,95897
1012,45	-0,37436
1012,69	-9,75769
1012,93	-18,17436
1013,18	-10,47436
1013,42	-13,62436
1013,66	-5,79103
1013,90	-16,97436
1014,14	-20,69103
1014,39	-15,14103
1014,63	-13,19103
1014,87	1,22564
1015,11	-13,22436
1015,35	-28,82436
1015,60	-17,59103
1015,84	-7,29103
1016,08	0,62564
1016,32	-17,34103
1016,57	-26,54103
1016,81	-21,60769
1017,05	-19,99103
1017,29	-12,17436
1017,53	-11,99103
1017,78	-13,69103
1018,02	-26,19103
1018,26	-14,04103
1018,50	-20,24103
1018,74	0,40897
1018,99	-15,30769
1019,23	-22,59103
1019,47	-39,30769
1019,71	-25,52436
1019,95	-10,25769
1020,20	-10,74103
1020,44	-21,94103
1020,68	-25,42436
1020,92	-6,85769
1021,16	-6,04103
1021,41	-5,85769
1021,65	-28,12436
1021,89	-32,04103
1022,13	-39,27436
1022,37	-36,67436
1022,61	-39,12436
1022,86	-41,42436
1023,10	-19,85769
1023,34	-14,19103
1023,58	-3,42436
1023,82	-30,65769
1024,07	-26,62436
1024,31	-19,19103
1024,55	-11,90769
1024,79	-5,60769
1025,03	-26,97436
1025,27	-17,44103
1025,52	-37,07436
1025,76	-34,99103
1026,00	-26,10769
1026,24	-18,34103
1026,48	-16,42436
1026,73	-23,14103
1026,97	-1,72436
1027,21	6,94231
1027,45	7,02564
1027,69	-8,65769
1027,93	-2,87436
1028,18	-4,25769
1028,42	1,74231
1028,66	-1,17436
1028,90	1,69231
1029,14	-3,57436
1029,38	-17,17436
1029,62	-12,77436
1029,87	-11,09103
1030,11	7,95897
1030,35	-9,05769
1030,59	-10,84103
1030,83	-28,47436
1031,07	-29,02436
1031,32	-37,92436
1031,56	-12,65769
1031,80	1,75897
1032,04	16,74231
1032,28	-7,59103
1032,52	-11,00769
1032,76	-12,22436
1033,01	-13,64103
1033,25	-6,99103
1033,49	-12,97436
1033,73	-11,20769
1033,97	-31,20769
1034,21	-38,99103
1034,45	-44,80769
1034,70	-46,35769
1034,94	-34,25769
1035,18	54,95897
1035,42	64,62564
1035,66	79,47564
1035,90	7,15897
1036,14	-7,95769
1036,39	-13,70769
1036,63	-29,87436
1036,87	8,84231
1037,11	-2,74103
1037,35	5,92564
1037,59	-1,27436
1037,83	14,95897
1038,07	41,22564
1038,32	18,69231
1038,56	6,17564
1038,80	8,39231
1039,04	28,70897
1039,28	35,80897
1039,52	12,00897
1039,76	-8,30769
1040,00	-9,12436
1040,25	-25,84103
1040,49	-20,74103
1040,73	-25,42436
1040,97	-15,99103
1041,21	-3,02436
1041,45	0,65897
1041,69	21,10897
1041,93	-0,74103
1042,17	-5,90769
1042,42	-26,14103
1042,66	-23,17436
1042,90	-14,65769
1043,14	-27,49103
1043,38	-13,27436
1043,62	-26,09103
1043,86	-13,82436
1044,10	-12,64103
1044,34	11,80897
1044,59	16,77564
1044,83	8,77564
1045,07	-11,39103
1045,31	-9,44103
1045,55	-13,74103
1045,79	-35,92436
1046,03	-27,12436
1046,27	-10,92436
1046,51	8,80897
1046,75	-9,94103
1047,00	-20,37436
1047,24	-13,69103
1047,48	-9,09103
1047,72	-7,74103
1047,96	-18,30769
1048,20	-6,84103
1048,44	-2,55769
1048,68	-3,77436
1048,92	-16,54103
1049,16	-34,62436
1049,40	-30,72436
1049,64	-33,50769
1049,89	-12,39103
1050,13	-9,64103
1050,37	18,64231
1050,61	17,59231
1050,85	27,70897
1051,09	13,04231
1051,33	9,70897
1051,57	12,65897
1051,81	6,00897
1052,05	6,45897
1052,29	16,32564
1052,53	5,65897
1052,77	25,04231
1053,02	4,87564
1053,26	21,59231
1053,50	4,37564
1053,74	-2,75769
1053,98	-7,67436
1054,22	-24,74103
1054,46	-17,09103
1054,70	-12,55769
1054,94	-11,84103
1055,18	-10,82436
1055,42	0,47564
1055,66	8,77564
1055,90	0,67564
1056,14	-6,14103
1056,38	14,65897
1056,62	17,85897
1056,86	22,65897
1057,11	9,17564
1057,35	8,67564
1057,59	-17,62436
1057,83	-6,57436
1058,07	10,12564
1058,31	51,22564
1058,55	49,65897
1058,79	35,22564
1059,03	0,44231
1059,27	-3,89103
1059,51	-3,42436
1059,75	10,60897
1059,99	-1,45769
1060,23	3,70897
1060,47	23,79231
1060,71	45,04231
1060,95	27,02564
1061,19	5,92564
1061,43	-5,07436
1061,67	27,75897
1061,91	37,50897
1062,15	31,74231
1062,39	15,20897
1062,64	25,99231
1062,88	35,64231
1063,12	52,70897
1063,36	76,95897
1063,60	152,37564
1063,84	375,32564
1064,08	922,32564
1064,32	1720,80897
1064,56	2141,75897
1064,80	1911,10897
1065,04	1335,52564
1065,28	828,69231
1065,52	600,40897
1065,76	380,57564
1066,00	308,79231
1066,24	235,75897
1066,48	209,07564
1066,72	176,12564
1066,96	154,14231
1067,20	119,90897
1067,44	104,69231
1067,68	93,30897
1067,92	84,69231
1068,16	80,97564
1068,40	83,64231
1068,64	90,92564
1068,88	85,54231
1069,12	62,87564
1069,36	66,07564
1069,60	46,87564
1069,84	78,32564
1070,08	63,09231
1070,32	75,90897
1070,56	48,54231
1070,80	43,59231
1071,04	79,14231
1071,28	76,27564
1071,52	84,72564
1071,76	33,95897
1072,00	42,50897
1072,24	24,07564
1072,48	24,70897
1072,72	16,69231
1072,96	31,77564
1073,20	16,29231
1073,44	24,25897
1073,68	18,17564
1073,92	32,05897
1074,16	12,02564
1074,40	6,30897
1074,64	-6,30769
1074,88	-5,79103
1075,12	1,99231
1075,36	6,37564
1075,60	14,09231
1075,84	2,97564
1076,08	4,72564
1076,32	-2,74103
1076,56	-9,12436
1076,80	-9,62436
1077,04	-23,10769
1077,28	-21,79103
1077,52	-35,85769
1077,76	-39,85769
1078,00	-32,40769
1078,24	-0,97436
1078,48	12,22564
1078,71	5,40897
1078,95	-11,90769
1079,19	-25,39103
1079,43	-40,52436
1079,67	-43,42436
1079,91	-23,35769
1080,15	-12,24103
1080,39	-13,27436
1080,63	-13,84103
1080,87	-12,04103
1081,11	-11,25769
1081,35	-14,82436
1081,59	-2,70769
1081,83	-4,70769
1082,07	-16,24103
1082,31	-23,25769
1082,55	-25,05769
1082,79	-19,49103
1083,03	-14,70769
1083,27	-26,92436
1083,51	-20,99103
1083,75	-27,62436
1083,99	3,32564
1084,22	3,02564
1084,46	-1,22436
1084,70	-1,35769
1084,94	-9,55769
1085,18	-8,00769
1085,42	-34,47436
1085,66	-26,80769
1085,90	-29,47436
1086,14	-5,90769
1086,38	10,97564
1086,62	3,74231
1086,86	6,32564
1087,10	-10,89103
1087,34	1,15897
1087,58	-19,04103
1087,82	-23,84103
1088,06	-11,04103
1088,29	10,50897
1088,53	4,40897
1088,77	-15,32436
1089,01	-18,87436
1089,25	-12,89103
1089,49	-2,24103
1089,73	-15,17436
1089,97	-3,75769
1090,21	-12,54103
1090,45	-6,17436
1090,69	-17,95769
1090,93	-18,47436
1091,17	-33,32436
1091,40	-11,84103
1091,64	-15,77436
1091,88	-12,99103
1092,12	-36,35769
1092,36	-28,62436
1092,60	-26,62436
1092,84	-11,65769
1093,08	-2,60769
1093,32	7,15897
1093,56	5,55897
1093,80	17,32564
1094,04	11,32564
1094,27	-0,20769
1094,51	-6,22436
1094,75	2,00897
1094,99	7,60897
1095,23	0,30897
1095,47	84,14231
1095,71	79,90897
1095,95	74,25897
1096,19	-16,20769
1096,43	-8,85769
1096,66	-25,65769
1096,90	-33,27436
1097,14	-34,17436
1097,38	-35,17436
1097,62	-24,74103
1097,86	-29,57436
1098,10	-10,62436
1098,34	-7,95769
1098,58	-12,15769
1098,81	-12,55769
1099,05	-12,37436
1099,29	13,29231
1099,53	22,77564
1099,77	17,67564
1100,01	-10,42436
1100,25	-18,35769
1100,49	-13,84103
1100,73	14,62564
1100,96	34,14231
1101,20	42,40897
1101,44	7,04231
1101,68	-8,55769
1101,92	-21,84103
1102,16	-11,20769
1102,40	-6,64103
1102,64	-0,04103
1102,87	8,54231
1103,11	-5,52436
1103,35	-6,90769
1103,59	-17,15769
1103,83	-17,57436
1104,07	-6,72436
1104,31	-2,42436
1104,55	-1,59103
1104,78	-24,94103
1105,02	-14,02436
1105,26	-23,59103
1105,50	-13,30769
1105,74	-34,22436
1105,98	-21,24103
1106,22	-4,24103
1106,45	0,89231
1106,69	-8,82436
1106,93	-20,67436
1107,17	-18,82436
1107,41	-16,82436
1107,65	-22,99103
1107,89	-16,27436
1108,12	-12,59103
1108,36	-27,77436
1108,60	-24,57436
1108,84	-20,27436
1109,08	-11,62436
1109,32	-11,87436
1109,55	-17,55769
1109,79	5,27564
1110,03	-6,12436
1110,27	0,45897
1110,51	-17,19103
1110,75	-24,30769
1110,99	-28,99103
1111,22	-38,42436
1111,46	-32,92436
1111,70	-37,94103
1111,94	-46,92436
1112,18	-51,07436
1112,42	-43,65769
1112,65	-23,10769
1112,89	-10,19103
1113,13	-17,84103
1113,37	-15,12436
1113,61	-13,20769
1113,85	11,39231
1114,08	4,62564
1114,32	-6,12436
1114,56	-10,90769
1114,80	-11,82436
1115,04	3,40897
1115,28	-14,92436
1115,51	-8,42436
1115,75	-6,57436
1115,99	-2,47436
1116,23	-3,09103
1116,47	-4,85769
1116,70	-8,00769
1116,94	-19,45769
1117,18	-13,20769
1117,42	-19,15769
1117,66	-4,15769
1117,90	-30,02436
1118,13	-28,27436
1118,37	-53,54103
1118,61	-48,44103
1118,85	-36,94103
1119,09	-34,30769
1119,32	-20,12436
1119,56	-18,92436
1119,80	-23,75769
1120,04	-40,35769
1120,28	-30,80769
1120,51	-23,07436
1120,75	-15,40769
1120,99	-35,35769