194,56	-204,45
194,83	-204,45
195,09	-198,41667
195,36	-130,63333
195,63	-65,38333
195,90	-5,81667
196,17	-18,76667
196,44	-32,13333
196,71	-22,63333
196,97	-9,78333
197,24	17,3
197,51	-5,83333
197,78	8,66667
198,05	11,1
198,32	24,55
198,59	6,48333
198,86	6,63333
199,12	2,18333
199,39	9,86667
199,66	11,23333
199,93	26,75
200,20	25,21667
200,47	5,13333
200,74	0,78333
201,00	-6,1
201,27	3,25
201,54	-10,31667
201,81	12,9
202,08	-7,96667
202,35	5,33333
202,61	-1,08333
202,88	51,45
203,15	33,75
203,42	23,91667
203,69	-10,48333
203,96	-0,56667
204,23	-2,8
204,49	-5,48333
204,76	21,91667
205,03	38,45
205,30	42,45
205,57	20,28333
205,84	20,46667
206,10	38,7
206,37	42,86667
206,64	47,98333
206,91	43,96667
207,18	34,91667
207,45	29,11667
207,71	13,7
207,98	29,6
208,25	15,01667
208,52	9,33333
208,79	-2,45
209,06	6,68333
209,32	17,65
209,59	23,03333
209,86	-1,6
210,13	3,91667
210,40	15,68333
210,67	45,83333
210,93	40,1
211,20	16,16667
211,47	9,66667
211,74	31,45
212,01	33,1
212,28	47,08333
212,54	50,41667
212,81	53,28333
213,08	42,31667
213,35	31,46667
213,62	44,6
213,88	52,91667
214,15	38,7
214,42	27,38333
214,69	30,75
214,96	35,1
215,23	60,65
215,49	49,58333
215,76	51,68333
216,03	42,43333
216,30	26,1
216,57	9,9
216,83	3,9
217,10	11,38333
217,37	31,55
217,64	56,36667
217,91	66,33333
218,17	34,55
218,44	-11,38333
218,71	-9,05
218,98	14,93333
219,25	48,95
219,51	47,45
219,78	43,16667
220,05	26,53333
220,32	16,1
220,59	22,71667
220,85	24,48333
221,12	40,98333
221,39	55,41667
221,66	54,53333
221,93	35,95
222,19	10,26667
222,46	25,38333
222,73	39,91667
223,00	60,95
223,27	41,71667
223,53	40,01667
223,80	33,81667
224,07	45,05
224,34	57,01667
224,61	49,13333
224,87	31,81667
225,14	4,73333
225,41	9,11667
225,68	32,45
225,94	48,68333
226,21	49,68333
226,48	31,11667
226,75	31,05
227,02	18,35
227,28	26,93333
227,55	12,11667
227,82	21,55
228,09	-2,96667
228,36	-4,88333
228,62	0,95
228,89	23,31667
229,16	34,38333
229,43	27,36667
229,69	24,61667
229,96	23,7
230,23	18,01667
230,50	25,7
230,76	17,5
231,03	21,3
231,30	21,46667
231,57	31,5
231,84	27,66667
232,10	16,5
232,37	15,75
232,64	8,08333
232,91	12,41667
233,17	21,61667
233,44	30,65
233,71	29,95
233,98	9,65
234,24	10,76667
234,51	30,56667
234,78	40,65
235,05	54,16667
235,31	36,31667
235,58	32,31667
235,85	11,41667
236,12	-1,51667
236,39	23,26667
236,65	36,6
236,92	82,9
237,19	74,1
237,46	103,41667
237,72	66,01667
237,99	45,15
238,26	16,45
238,53	41,41667
238,79	41,51667
239,06	37,06667
239,33	9,7
239,60	5,63333
239,86	-5,9
240,13	-11,61667
240,40	-15,83333
240,67	13,33333
240,93	25,78333
241,20	30,18333
241,47	6,05
241,73	7,05
242,00	12,13333
242,27	19,85
242,54	22,15
242,80	20,98333
243,07	27,68333
243,34	24,63333
243,61	59,88333
243,87	40,35
244,14	39,15
244,41	1,48333
244,68	16,4
244,94	18,08333
245,21	29,41667
245,48	35,53333
245,74	28,33333
246,01	38,18333
246,28	27,65
246,55	25,21667
246,81	0,96667
247,08	6,66667
247,35	18,43333
247,62	21,6
247,88	3,18333
248,15	9,43333
248,42	48,6
248,68	53,98333
248,95	37,25
249,22	6,91667
249,49	17,15
249,75	17,81667
250,02	26,53333
250,29	15,71667
250,56	33,16667
250,82	42,73333
251,09	50,08333
251,36	55,53333
251,62	27,93333
251,89	31,48333
252,16	45,8
252,43	72,63333
252,69	66,2
252,96	32,65
253,23	25,38333
253,49	29,06667
253,76	38,35
254,03	58,05
254,29	60,88333
254,56	59
254,83	32,05
255,10	10,78333
255,36	8,63333
255,63	19,2
255,90	46,31667
256,16	48,33333
256,43	22,86667
256,70	25,25
256,96	24,91667
257,23	36,58333
257,50	27,63333
257,77	36,33333
258,03	37,63333
258,30	45,56667
258,57	22,58333
258,83	25,73333
259,10	15,81667
259,37	19,98333
259,63	8,43333
259,90	23,85
260,17	23,68333
260,43	32,31667
260,70	18,26667
260,97	40,81667
261,24	46,75
261,50	47,78333
261,77	33,68333
262,04	19,85
262,30	10,43333
262,57	4,86667
262,84	16,26667
263,10	42,3
263,37	56,45
263,64	38,73333
263,90	15,8
264,17	2,88333
264,44	9,3
264,70	8,85
264,97	20,68333
265,24	46,78333
265,50	60,88333
265,77	63,33333
266,04	45,15
266,30	33,13333
266,57	12,25
266,84	8,65
267,10	8,5
267,37	40,95
267,64	48,43333
267,90	64,2
268,17	51,53333
268,44	38,33333
268,70	17,53333
268,97	-9,43333
269,24	0,85
269,50	15,7
269,77	35,13333
270,04	44,4
270,30	33,3
270,57	42,05
270,84	19,58333
271,10	34,98333
271,37	23,58333
271,64	50,28333
271,90	75,63333
272,17	79,9
272,44	67,11667
272,70	35,78333
272,97	27,9
273,24	19,45
273,50	23,86667
273,77	32,3
274,04	37,4
274,30	31,63333
274,57	26,28333
274,84	39,85
275,10	40,48333
275,37	40,36667
275,64	22,11667
275,90	4,66667
276,17	-0,13333
276,43	11,91667
276,70	14,75
276,97	9,5
277,23	19,98333
277,50	21,66667
277,77	13,65
278,03	-22,01667
278,30	-9,21667
278,57	-6,08333
278,83	4,91667
279,10	9,48333
279,37	4,81667
279,63	5,01667
279,90	12,16667
280,16	32,95
280,43	51,53333
280,70	42,9
280,96	61,71667
281,23	56,78333
281,50	43,05
281,76	20,03333
282,03	18,91667
282,29	27,4
282,56	28,95
282,83	15,76667
283,09	5,73333
283,36	10,91667
283,63	19,3
283,89	28,13333
284,16	29,55
284,42	33,61667
284,69	37,2
284,96	30,75
285,22	24,95
285,49	27,91667
285,76	31,6
286,02	52,88333
286,29	59,75
286,55	54,88333
286,82	32,73333
287,09	11,65
287,35	27,9
287,62	19,5
287,88	25,88333
288,15	-1,71667
288,42	-4,21667
288,68	9,26667
288,95	22,23333
289,22	44,06667
289,48	38,1
289,75	42,85
290,01	40,65
290,28	21,86667
290,55	24,91667
290,81	7,73333
291,08	30,41667
291,34	39,26667
291,61	59,48333
291,88	57,5
292,14	28,43333
292,41	22,83333
292,67	39,71667
292,94	58,26667
293,21	55,71667
293,47	41,78333
293,74	41,9
294,00	25,06667
294,27	7,01667
294,54	-3,93333
294,80	12,11667
295,07	37,63333
295,33	34,53333
295,60	36,95
295,86	17,95
296,13	12,7
296,40	-1,86667
296,66	9,33333
296,93	49,43333
297,19	68,9
297,46	61,63333
297,73	43,03333
297,99	28,95
298,26	14,23333
298,52	-1,6
298,79	-2,15
299,05	-10,25
299,32	8,03333
299,59	26,23333
299,85	42,7
300,12	29,56667
300,38	10,88333
300,65	4,51667
300,92	15,85
301,18	20,58333
301,45	38,65
301,71	19,81667
301,98	25,38333
302,24	33,11667
302,51	46,41667
302,78	50,3
303,04	31,7
303,31	36,98333
303,57	44,2
303,84	43,2
304,10	24,05
304,37	18,63333
304,63	35,51667
304,90	56,85
305,17	63,4
305,43	46,78333
305,70	61,46667
305,96	56,93333
306,23	61,3
306,49	51,93333
306,76	47,93333
307,03	49,43333
307,29	37,28333
307,56	49,53333
307,82	55,06667
308,09	61,5
308,35	55,33333
308,62	69,35
308,88	57,08333
309,15	60,28333
309,42	50
309,68	59,01667
309,95	56,01667
310,21	40,41667
310,48	39,66667
310,74	40,13333
311,01	64,83333
311,27	56,73333
311,54	40,36667
311,80	22,43333
312,07	43,38333
312,34	62,1
312,60	50,58333
312,87	45,73333
313,13	57,25
313,40	63,4
313,66	67,3
313,93	47,08333
314,19	74,06667
314,46	67,2
314,72	82,31667
314,99	66,21667
315,25	57,76667
315,52	39,83333
315,78	36,78333
316,05	39,51667
316,32	49,16667
316,58	50
316,85	61,91667
317,11	62,33333
317,38	62,76667
317,64	62,88333
317,91	60,26667
318,17	61,65
318,44	61,48333
318,70	56,3
318,97	65,91667
319,23	84,2
319,50	88,71667
319,76	81,65
320,03	57,53333
320,29	69,93333
320,56	74,28333
320,82	84,6
321,09	81,46667
321,36	94,46667
321,62	90,46667
321,89	85,91667
322,15	73,28333
322,42	77,9
322,68	93,58333
322,95	111,93333
323,21	126,6
323,48	116
323,74	108,48333
324,01	100,45
324,27	95,83333
324,54	89,05
324,80	99,78333
325,07	116,05
325,33	135,21667
325,60	122,76667
325,86	128,93333
326,13	121,85
326,39	135,16667
326,66	131,26667
326,92	141,31667
327,19	150,13333
327,45	157,11667
327,72	172,88333
327,98	182,98333
328,25	212,25
328,51	214,76667
328,78	226,48333
329,04	220,98333
329,31	214,25
329,57	191,06667
329,84	174,38333
330,10	169,9
330,37	181,43333
330,63	170,65
330,90	160,88333
331,16	155,88333
331,43	159,16667
331,69	174,58333
331,96	176,06667
332,22	179,18333
332,49	178,4
332,75	162,78333
333,01	147,51667
333,28	130,1
333,54	133,26667
333,81	162,66667
334,07	169,35
334,34	162,95
334,60	154,88333
334,87	163,13333
335,13	194,75
335,40	185,11667
335,66	178,75
335,93	162,23333
336,19	166,93333
336,46	182,1
336,72	171,35
336,99	175,98333
337,25	175,78333
337,52	198,21667
337,78	227,7
338,05	235,41667
338,31	266,86667
338,57	292,43333
338,84	318,3
339,10	331,23333
339,37	322,31667
339,63	320,61667
339,90	295,68333
340,16	268,83333
340,43	233,31667
340,69	224,01667
340,96	202,55
341,22	210,26667
341,49	179,31667
341,75	180
342,01	175,01667
342,28	190,46667
342,54	216,96667
342,81	221,25
343,07	230,86667
343,34	206,1
343,60	205,36667
343,87	177,16667
344,13	175,63333
344,40	185
344,66	202,65
344,92	228,15
345,19	210,88333
345,45	212,03333
345,72	217,13333
345,98	231,96667
346,25	237,31667
346,51	231,76667
346,78	229,36667
347,04	244,06667
347,30	235,9
347,57	240,33333
347,83	232,36667
348,10	242,66667
348,36	252,03333
348,63	268,25
348,89	272,11667
349,15	277,9
349,42	273,83333
349,68	271,55
349,95	275,2
350,21	296,1
350,48	318,78333
350,74	335,91667
351,01	333,71667
351,27	336,93333
351,53	327,61667
351,80	320,76667
352,06	324,83333
352,33	330,36667
352,59	328,48333
352,86	328,2
353,12	341,53333
353,38	386,18333
353,65	384,56667
353,91	385,58333
354,18	387,51667
354,44	424,65
354,70	425,16667
354,97	397,61667
355,23	371,45
355,50	346,75
355,76	343,75
356,03	323,78333
356,29	337,41667
356,55	325,23333
356,82	312,28333
357,08	289,21667
357,35	281,33333
357,61	300,11667
357,87	305,88333
358,14	296,75
358,40	272,7
358,67	276,26667
358,93	277,3
359,20	289,38333
359,46	282,73333
359,72	285,75
359,99	279,43333
360,25	296,5
360,52	312,66667
360,78	328,75
361,04	328,33333
361,31	306,91667
361,57	284,1
361,84	269,76667
362,10	276,38333
362,36	286,48333
362,63	296,23333
362,89	299,66667
363,16	303,1
363,42	306,11667
363,68	297,36667
363,95	297,23333
364,21	274,85
364,47	285,78333
364,74	288,51667
365,00	296,95
365,27	285,26667
365,53	281,33333
365,79	294,16667
366,06	316,03333
366,32	335,23333
366,59	311,4
366,85	305,43333
367,11	287,66667
367,38	307
367,64	308,35
367,91	312,23333
368,17	302,88333
368,43	291,5
368,70	295,28333
368,96	294,6
369,22	317,65
369,49	317,53333
369,75	311,76667
370,02	294,18333
370,28	280,18333
370,54	285,25
370,81	276,61667
371,07	274,71667
371,33	305,51667
371,60	280,93333
371,86	273,48333
372,13	238,98333
372,39	258,76667
372,65	275,26667
372,92	282,26667
373,18	301,36667
373,44	293,9
373,71	270,56667
373,97	242,56667
374,23	243,6
374,50	279,43333
374,76	294,26667
375,03	296,98333
375,29	286,35
375,55	290,31667
375,82	283,75
376,08	275,41667
376,34	299,96667
376,61	285,2
376,87	269,86667
377,13	221,68333
377,40	239,93333
377,66	272,3
377,92	302,36667
378,19	309,98333
378,45	306,88333
378,72	284,58333
378,98	279,7
379,24	258,4
379,51	267,68333
379,77	256,73333
380,03	228,21667
380,30	240,8
380,56	238,61667
380,82	270,88333
381,09	252,3
381,35	261,25
381,61	250,23333
381,88	264,03333
382,14	271,7
382,40	284,08333
382,67	269,43333
382,93	250,56667
383,19	231,98333
383,46	230,28333
383,72	236,53333
383,98	239,6
384,25	256,08333
384,51	264,25
384,77	265,78333
385,04	262,75
385,30	247,2
385,56	271,5
385,83	287,58333
386,09	304,9
386,35	302,63333
386,62	290,73333
386,88	302,36667
387,14	302,75
387,41	291,21667
387,67	288,1
387,93	284,16667
388,20	288,23333
388,46	276,46667
388,72	282,16667
388,99	285,16667
389,25	289,21667
389,51	279,25
389,78	281,43333
390,04	295,36667
390,30	313,46667
390,56	314,7
390,83	306,58333
391,09	319,76667
391,35	327
391,62	347,3
391,88	352,23333
392,14	371,65
392,41	371,26667
392,67	349,13333
392,93	342,28333
393,20	319,4
393,46	328,5
393,72	314,53333
393,99	316,86667
394,25	324,35
394,51	308,13333
394,77	317,56667
395,04	298,91667
395,30	315,98333
395,56	314,78333
395,83	306,63333
396,09	297,41667
396,35	299,16667
396,62	292,65
396,88	313,08333
397,14	296,6
397,40	339,5
397,67	338,66667
397,93	333,23333
398,19	306,86667
398,46	295,68333
398,72	306,25
398,98	310,15
399,24	310,26667
399,51	312,1
399,77	309,48333
400,03	293,03333
400,30	268,45
400,56	290,28333
400,82	303,93333
401,08	308,38333
401,35	281,15
401,61	289,33333
401,87	290,66667
402,14	299,76667
402,40	290,38333
402,66	310,8
402,92	292,18333
403,19	292,4
403,45	305,35
403,71	320,36667
403,98	327,8
404,24	318,01667
404,50	315,28333
404,76	330,5
405,03	336,83333
405,29	351,93333
405,55	343,41667
405,81	357,91667
406,08	345,4
406,34	340,63333
406,60	321,93333
406,87	325,71667
407,13	327,6
407,39	316,13333
407,65	300,5
407,92	286,56667
408,18	279,16667
408,44	289,18333
408,70	289,93333
408,97	308,18333
409,23	317,38333
409,49	322
409,75	306,36667
410,02	294,61667
410,28	280,05
410,54	285,8
410,80	291,11667
411,07	306,65
411,33	317,55
411,59	294,95
411,85	309,96667
412,12	316,75
412,38	334,03333
412,64	315,3
412,90	289,5
413,17	287,03333
413,43	280,01667
413,69	297,93333
413,95	299,8
414,22	302,2
414,48	273,81667
414,74	256,93333
415,00	261,45
415,27	269,35
415,53	293,03333
415,79	286,23333
416,05	299,66667
416,32	300,63333
416,58	331,11667
416,84	349,81667
417,10	333,75
417,37	320,05
417,63	307,38333
417,89	328
418,15	320
418,41	314,58333
418,68	314,96667
418,94	334,31667
419,20	340,25
419,46	360,3
419,73	364,11667
419,99	389,9
420,25	389,05
420,51	446,61667
420,78	448,81667
421,04	432,18333
421,30	371,16667
421,56	380,51667
421,82	395,15
422,09	409,55
422,35	382,23333
422,61	374,58333
422,87	443,08333
423,14	422,93333
423,40	415,6
423,66	310,53333
423,92	328,65
424,18	318,05
424,45	315,56667
424,71	296,2
424,97	299,18333
425,23	289,93333
425,49	286,5
425,76	291,81667
426,02	311,46667
426,28	322,11667
426,54	309,88333
426,81	303,75
427,07	294,53333
427,33	284,06667
427,59	280,45
427,85	274,91667
428,12	286,26667
428,38	290,25
428,64	287,43333
428,90	276,16667
429,16	274,76667
429,43	277,63333
429,69	283,36667
429,95	288,56667
430,21	302,75
430,47	328,08333
430,74	313,2
431,00	305,35
431,26	273,73333
431,52	288,55
431,78	304,55
432,05	330,3
432,31	351,6
432,57	329,28333
432,83	297,78333
433,09	266,23333
433,35	263,01667
433,62	258,25
433,88	244,28333
434,14	240,81667
434,40	237,48333
434,66	249,13333
434,93	245,05
435,19	255,26667
435,45	245,1
435,71	275,2
435,97	282,56667
436,23	286,93333
436,50	271,31667
436,76	264,3
437,02	269,35
437,28	255,7
437,54	263
437,81	252,33333
438,07	255,78333
438,33	248,31667
438,59	241,71667
438,85	247,21667
439,11	231,13333
439,38	257,41667
439,64	247,25
439,90	261,03333
440,16	248,65
440,42	248,86667
440,68	255,95
440,95	240,35
441,21	257,3
441,47	266,63333
441,73	272,06667
441,99	265,05
442,25	247,46667
442,52	257,66667
442,78	243,61667
443,04	245,71667
443,30	237,28333
443,56	252,8
443,82	254,15
444,08	266,83333
444,35	259,4
444,61	256,33333
444,87	229,95
445,13	242,03333
445,39	221,5
445,65	234,71667
445,92	197,68333
446,18	217,41667
446,44	225
446,70	257,05
446,96	270,71667
447,22	280,43333
447,48	285,78333
447,75	288,38333
448,01	303,28333
448,27	285,33333
448,53	277,91667
448,79	270,78333
449,05	284,03333
449,31	271,5
449,58	254,63333
449,84	249,01667
450,10	263,86667
450,36	250,33333
450,62	246,73333
450,88	236,71667
451,14	235,08333
451,41	219,68333
451,67	205,51667
451,93	215,23333
452,19	233,43333
452,45	258,35
452,71	258,35
452,97	237,13333
453,23	244,83333
453,50	246,83333
453,76	259,06667
454,02	242,63333
454,28	242,81667
454,54	250,11667
454,80	259,96667
455,06	259,5
455,32	258,26667
455,59	243,75
455,85	248,8
456,11	250,95
456,37	259,45
456,63	259,46667
456,89	263,03333
457,15	282,48333
457,41	279,23333
457,68	283,56667
457,94	254,41667
458,20	253,56667
458,46	253,16667
458,72	267,91667
458,98	277,25
459,24	274,93333
459,50	270,2
459,76	260,35
460,03	235,31667
460,29	237,7
460,55	248,9
460,81	269,55
461,07	262,43333
461,33	277,26667
461,59	299,73333
461,85	296,5
462,11	284,9
462,37	277,95
462,64	292,46667
462,90	279,16667
463,16	267,11667
463,42	278,65
463,68	282,8
463,94	276,66667
464,20	264,4
464,46	264,8
464,72	286,93333
464,98	285,76667
465,24	307,95
465,51	303,13333
465,77	317,5
466,03	303,33333
466,29	309,71667
466,55	308,38333
466,81	322,76667
467,07	338,23333
467,33	356,76667
467,59	394,73333
467,85	392,23333
468,11	380,2
468,38	342,56667
468,64	355,8
468,90	345,01667
469,16	345,18333
469,42	318,06667
469,68	314,28333
469,94	318,66667
470,20	320,06667
470,46	313,48333
470,72	298,38333
470,98	277,78333
471,24	282,46667
471,50	279,88333
471,77	289,66667
472,03	294,53333
472,29	277,98333
472,55	277,76667
472,81	288,88333
473,07	299,26667
473,33	281,1
473,59	266,61667
473,85	263,31667
474,11	274,43333
474,37	271,2
474,63	268,15
474,89	290,15
475,15	308,46667
475,41	339,56667
475,68	332,58333
475,94	320,86667
476,20	306,21667
476,46	314,96667
476,72	307,71667
476,98	315,5
477,24	304,01667
477,50	308,75
477,76	305,96667
478,02	321,2
478,28	341,03333
478,54	351,1
478,80	367,33333
479,06	389,48333
479,32	423,58333
479,58	419,18333
479,84	408,03333
480,10	388,65
480,36	412,45
480,63	443,43333
480,89	432,81667
481,15	423,76667
481,41	394,3
481,67	408,81667
481,93	400,93333
482,19	399,81667
482,45	400,46667
482,71	393,9
482,97	386,76667
483,23	381,21667
483,49	386,91667
483,75	406,7
484,01	411,83333
484,27	409,06667
484,53	420,91667
484,79	473,63333
485,05	486,7
485,31	491,7
485,57	451,53333
485,83	469,35
486,09	468,96667
486,35	484,35
486,61	484,83333
486,87	498,98333
487,13	523,23333
487,39	554,46667
487,65	596,61667
487,91	626,05
488,17	640,93333
488,43	618,41667
488,70	598,63333
488,96	573,53333
489,22	548,63333
489,48	528,91667
489,74	517,93333
490,00	524,11667
490,26	508
490,52	518,61667
490,78	507,21667
491,04	511,13333
491,30	506,06667
491,56	519,28333
491,82	516,83333
492,08	508,06667
492,34	513,56667
492,60	524,4
492,86	522,81667
493,12	520,93333
493,38	537,4
493,64	557,61667
493,90	551,81667
494,16	518,63333
494,42	501,38333
494,68	499,96667
494,94	527,88333
495,20	546,95
495,46	545,75
495,72	529,46667
495,98	510,46667
496,24	494,53333
496,50	498,36667
496,76	523,33333
497,02	549,81667
497,28	564,73333
497,54	578,16667
497,80	588,73333
498,06	581,43333
498,32	550,91667
498,58	545,13333
498,84	543,7
499,10	546,43333
499,36	562,36667
499,62	575,71667
499,88	603,46667
500,14	604,66667
500,40	601,65
500,66	603,55
500,92	611,55
501,18	611,63333
501,44	598,46667
501,69	593,11667
501,95	612,86667
502,21	612,58333
502,47	595,98333
502,73	562,88333
502,99	562,6
503,25	565,96667
503,51	575,81667
503,77	563,86667
504,03	563,41667
504,29	577,05
504,55	594,55
504,81	588,9
505,07	570,11667
505,33	557,98333
505,59	559,31667
505,85	576,76667
506,11	582,86667
506,37	591,56667
506,63	578,13333
506,89	573,48333
507,15	577,8
507,41	583,58333
507,67	593,8
507,93	590,35
508,19	590,03333
508,45	601,6
508,71	604,3
508,97	598,48333
509,23	581,38333
509,49	601,86667
509,74	630,25
510,00	636,61667
510,26	627,91667
510,52	606,98333
510,78	619,35
511,04	608,88333
511,30	640,35
511,56	643,98333
511,82	661,2
512,08	650,65
512,34	682,53333
512,60	685,85
512,86	707,7
513,12	696,66667
513,38	705,45
513,64	716,01667
513,90	723,51667
514,16	766,16667
514,42	785,76667
514,67	802,01667
514,93	804,11667
515,19	802,23333
515,45	817,4
515,71	821,25
515,97	851,38333
516,23	867,68333
516,49	886,93333
516,75	910,96667
517,01	948,93333
517,27	980,68333
517,53	1008,66667
517,79	1047,96667
518,05	1106,4
518,31	1190,71667
518,56	1287,58333
518,82	1414,8
519,08	1558,3
519,34	1770,81667
519,60	2029,96667
519,86	2338,86667
520,12	2602,31667
520,38	2801,91667
520,64	2940,16667
520,90	3050,1
521,16	3202,23333
521,42	3344,75
521,68	3189,91667
521,93	2767,43333
522,19	2202
522,45	1847,15
522,71	1619,55
522,97	1478,03333
523,23	1334,96667
523,49	1237,25
523,75	1136,4
524,01	1072,53333
524,27	1000,33333
524,53	971,41667
524,79	944,51667
525,04	924,81667
525,30	873,76667
525,56	834,63333
525,82	803
526,08	801,2
526,34	783,68333
526,60	799,53333
526,86	781,8
527,12	786,48333
527,38	761,3
527,63	761,73333
527,89	755,9
528,15	760,46667
528,41	760,53333
528,67	773,08333
528,93	794,01667
529,19	788,11667
529,45	779,8
529,71	759,28333
529,97	773,06667
530,22	787,68333
530,48	810,71667
530,74	819,58333
531,00	824,76667
531,26	834,85
531,52	834,63333
531,78	824,18333
532,04	824,3
532,30	829,15
532,55	878,75
532,81	892,51667
533,07	897,1
533,33	876,31667
533,59	867,41667
533,85	866,1
534,11	903,26667
534,37	930,48333
534,62	958
534,88	923,45
535,14	901,35
535,40	898,43333
535,66	917,51667
535,92	937,43333
536,18	954,65
536,44	960,35
536,69	959,58333
536,95	967,36667
537,21	989,6
537,47	1029,08333
537,73	1065,05
537,99	1075,23333
538,25	1089,65
538,51	1102,85
538,76	1142,83333
539,02	1188,38333
539,28	1254,56667
539,54	1303,76667
539,80	1344,03333
540,06	1383,11667
540,32	1454,35
540,57	1522,21667
540,83	1579,16667
541,09	1594,5
541,35	1610,25
541,61	1616,76667
541,87	1630,15
542,13	1670,93333
542,38	1707,7
542,64	1745,91667
542,90	1772,03333
543,16	1785,05
543,42	1847,5
543,68	1897,88333
543,94	1997,93333
544,19	2109,93333
544,45	2286,76667
544,71	2503,03333
544,97	2794,1
545,23	3117,83333
545,49	3496,95
545,74	3835,7
546,00	4166,85
546,26	4375,76667
546,52	4587,81667
546,78	4782,78333
547,04	5001,61667
547,29	4872,55
547,55	4434,26667
547,81	3804,06667
548,07	3283,55
548,33	2871,21667
548,59	2534,53333
548,84	2277,03333
549,10	2063,18333
549,36	1880,63333
549,62	1728,03333
549,88	1618,1
550,14	1526,91667
550,39	1442,93333
550,65	1387,26667
550,91	1334
551,17	1292,16667
551,43	1246,21667
551,69	1215,5
551,94	1207,76667
552,20	1196,15
552,46	1189,01667
552,72	1158,66667
552,98	1138,03333
553,24	1118,68333
553,49	1113,93333
553,75	1109,65
554,01	1110,06667
554,27	1117,28333
554,53	1133,58333
554,78	1138,41667
555,04	1131,93333
555,30	1128,41667
555,56	1122,25
555,82	1144,35
556,07	1155,71667
556,33	1167,98333
556,59	1154,46667
556,85	1139,21667
557,11	1143,7
557,37	1137,06667
557,62	1109,21667
557,88	1072,93333
558,14	1069,78333
558,40	1057,25
558,66	1048,46667
558,91	1013,81667
559,17	1015,91667
559,43	1019,28333
559,69	1015,13333
559,95	1001,25
560,20	985,38333
560,46	1006,05
560,72	1024,31667
560,98	1052,8
561,24	1028,78333
561,49	1029,21667
561,75	1015,88333
562,01	1036,35
562,27	1044,21667
562,52	1041,06667
562,78	1039,68333
563,04	1034,63333
563,30	1013,26667
563,56	992,6
563,81	974,76667
564,07	977,46667
564,33	983,81667
564,59	952,21667
564,85	920,26667
565,10	914,48333
565,36	910,76667
565,62	926,48333
565,88	876,46667
566,13	868,23333
566,39	846,9
566,65	862,11667
566,91	871,86667
567,17	859,13333
567,42	869,45
567,68	848,61667
567,94	849,76667
568,20	812,96667
568,45	802,6
568,71	773,7
568,97	744,43333
569,23	745,38333
569,49	734,28333
569,74	730,88333
570,00	671,38333
570,26	658,05
570,52	641,11667
570,77	658,98333
571,03	667,26667
571,29	669,73333
571,55	662,03333
571,80	621,6
572,06	592,61667
572,32	572,68333
572,58	606,91667
572,83	623,65
573,09	609,93333
573,35	584,93333
573,61	559,65
573,86	556,21667
574,12	531,31667
574,38	538,65
574,64	530,6
574,89	543,31667
575,15	561,56667
575,41	563,48333
575,67	552,5
575,92	524,11667
576,18	532,3
576,44	529,53333
576,70	519,55
576,95	494,56667
577,21	480,05
577,47	481,46667
577,73	496,33333
577,98	494,56667
578,24	489
578,50	477,28333
578,76	483,6
579,01	472,18333
579,27	466,41667
579,53	479,76667
579,79	484,95
580,04	481,93333
580,30	448,88333
580,56	435,9
580,81	434,93333
581,07	446,13333
581,33	448,35
581,59	449,56667
581,84	460,3
582,10	475,35
582,36	476,78333
582,62	471,81667
582,87	469,81667
583,13	492,8
583,39	488,03333
583,64	488,36667
583,90	451,56667
584,16	448,7
584,42	432,95
584,67	434,66667
584,93	436,81667
585,19	439,2
585,45	443,36667
585,70	432,21667
585,96	439,4
586,22	434,5
586,47	430,1
586,73	429,45
586,99	422,48333
587,25	432,26667
587,50	418,1
587,76	420,66667
588,02	419,96667
588,27	437,08333
588,53	466,45
588,79	460,33333
589,04	443,71667
589,30	447,91667
589,56	457,43333
589,82	477,88333
590,07	463,03333
590,33	452,48333
590,59	430,21667
590,84	416,16667
591,10	413,81667
591,36	416,25
591,61	409,98333
591,87	412,11667
592,13	401,6
592,39	397,6
592,64	392,86667
592,90	384,3
593,16	381,06667
593,41	381,95
593,67	390,08333
593,93	394,55
594,18	402,5
594,44	412,23333
594,70	405,13333
594,95	399,41667
595,21	406,2
595,47	406,56667
595,73	398,78333
595,98	389
596,24	390,41667
596,50	375,13333
596,75	377,18333
597,01	387,26667
597,27	397,01667
597,52	396,48333
597,78	394,8
598,04	406,36667
598,29	387,68333
598,55	392,11667
598,81	378,1
599,06	385,95
599,32	364,78333
599,58	384,05
599,83	371,96667
600,09	379,18333
600,35	364,16667
600,60	371,93333
600,86	376,88333
601,12	378,8
601,37	385,03333
601,63	370,48333
601,89	358,1
602,14	350,98333
602,40	353,03333
602,66	356,1
602,91	345,06667
603,17	360,15
603,43	373,81667
603,68	394,71667
603,94	382,3
604,20	371,81667
604,45	357,56667
604,71	354
604,97	355,93333
605,22	359,15
605,48	361,98333
605,74	371,26667
605,99	372,03333
606,25	368,06667
606,51	355,31667
606,76	339,3
607,02	354,36667
607,27	348,26667
607,53	365,95
607,79	365,46667
608,04	355
608,30	347,2
608,56	333,76667
608,81	362,35
609,07	365,26667
609,33	392,98333
609,58	403,28333
609,84	415,86667
610,10	399,95
610,35	374,61667
610,61	365,15
610,86	351,2
611,12	355,46667
611,38	344,98333
611,63	342,78333
611,89	342,53333
612,15	355,08333
612,40	347,26667
612,66	328,11667
612,92	302,25
613,17	328,53333
613,43	351,78333
613,68	366,33333
613,94	346,51667
614,20	333,4
614,45	322,78333
614,71	340,11667
614,97	328,18333
615,22	330,96667
615,48	317,78333
615,73	330,48333
615,99	336,4
616,25	338,51667
616,50	346,01667
616,76	341,31667
617,01	342,36667
617,27	318,36667
617,53	321,48333
617,78	337,5
618,04	358,16667
618,30	368,6
618,55	335,03333
618,81	333,53333
619,06	311,66667
619,32	316,55
619,58	309,81667
619,83	319,9
620,09	314,65
620,34	312,36667
620,60	306,26667
620,86	308,8
621,11	309,86667
621,37	325,48333
621,62	327,48333
621,88	312,78333
622,14	287,63333
622,39	294,38333
622,65	306,33333
622,90	312,95
623,16	317
623,42	321,33333
623,67	310,65
623,93	312,3
624,18	306,68333
624,44	337,21667
624,70	346,41667
624,95	343,98333
625,21	336,71667
625,46	314,71667
625,72	330,76667
625,98	311,15
626,23	321,83333
626,49	296,06667
626,74	305,06667
627,00	304,45
627,25	313,13333
627,51	324,45
627,77	313,66667
628,02	299,1
628,28	290,98333
628,53	297,05
628,79	316,65
629,04	307,06667
629,30	304,28333
629,56	312,81667
629,81	310,31667
630,07	309,76667
630,32	296,4
630,58	328,65
630,83	328,18333
631,09	325,31667
631,35	301,1
631,60	302,91667
631,86	317,53333
632,11	322,13333
632,37	305,38333
632,62	287,63333
632,88	279,95
633,14	285,13333
633,39	286,53333
633,65	311,05
633,90	330,86667
634,16	328,31667
634,41	305,13333
634,67	300,91667
634,93	319,98333
635,18	328,55
635,44	307,46667
635,69	290,76667
635,95	294,98333
636,20	322,7
636,46	322,46667
636,71	318,16667
636,97	306
637,22	309,98333
637,48	296,88333
637,74	294,2
637,99	302,65
638,25	313,68333
638,50	312,08333
638,76	313,45
639,01	300,25
639,27	291,66667
639,52	286,1
639,78	296,98333
640,03	298,21667
640,29	286,51667
640,55	288,78333
640,80	287,48333
641,06	281,53333
641,31	290,58333
641,57	291,83333
641,82	309,93333
642,08	307,68333
642,33	315,56667
642,59	319,61667
642,84	319,33333
643,10	310,36667
643,35	296,66667
643,61	292,91667
643,87	299,95
644,12	301,23333
644,38	285,6
644,63	287,7
644,89	302,33333
645,14	313,1
645,40	308,16667
645,65	313,11667
645,91	308,01667
646,16	325,01667
646,42	322,4
646,67	318,98333
646,93	306,15
647,18	302,05
647,44	306,05
647,69	299,36667
647,95	282,51667
648,20	281,5
648,46	282,73333
648,71	289,48333
648,97	292,48333
649,22	293,88333
649,48	292,21667
649,73	288,56667
649,99	285,45
650,24	301,63333
650,50	312,65
650,75	320,91667
651,01	313,65
651,26	310,28333
651,52	304,23333
651,77	293,98333
652,03	295,06667
652,28	291,43333
652,54	312,86667
652,79	333,11667
653,05	351,83333
653,30	347,98333
653,56	325,85
653,81	323,1
654,07	325,18333
654,32	332,1
654,58	326,2
654,83	332,75
655,09	323,21667
655,34	324,3
655,60	315,28333
655,85	321,7
656,11	348,06667
656,36	359,76667
656,62	357,41667
656,87	336,61667
657,13	314,3
657,38	325,73333
657,64	340,3
657,89	358,26667
658,15	337,21667
658,40	312,18333
658,66	309,96667
658,91	311
659,17	312,45
659,42	307,91667
659,68	311,51667
659,93	298,23333
660,19	289,55
660,44	303,5
660,70	322,63333
660,95	325,15
661,20	313,76667
661,46	311,8
661,71	313,7
661,97	304,88333
662,22	306,96667
662,48	311,2
662,73	313,03333
662,99	321,5
663,24	322,25
663,50	315,36667
663,75	304,23333
664,01	278
664,26	298,35
664,52	289,1
664,77	306,9
665,02	307,3
665,28	311,13333
665,53	302,58333
665,79	301,5
666,04	301,58333
666,30	294,48333
666,55	287,18333
666,81	268,9
667,06	275,61667
667,32	277,73333
667,57	281,36667
667,82	277,15
668,08	277,08333
668,33	281,63333
668,59	275,3
668,84	280,56667
669,10	276,55
669,35	335,1
669,61	303,48333
669,86	315,63333
670,11	255,5
670,37	271,55
670,62	268,5
670,88	280
671,13	261,28333
671,39	239,95
671,64	226,93333
671,90	239,75
672,15	250,38333
672,40	245,81667
672,66	229,05
672,91	235,15
673,17	240,46667
673,42	255,26667
673,68	249,86667
673,93	242,98333
674,18	248,15
674,44	237,86667
674,69	247,53333
674,95	250,23333
675,20	256,13333
675,46	252,1
675,71	238,25
675,96	250,93333
676,22	242,65
676,47	250,15
676,73	244,11667
676,98	246,96667
677,23	254,16667
677,49	263,06667
677,74	285,56667
678,00	270,15
678,25	265,3
678,51	268,11667
678,76	261,68333
679,01	262,25
679,27	241,33333
679,52	245,78333
679,78	242,71667
680,03	251,08333
680,28	253,2
680,54	246,78333
680,79	230,1
681,05	232,83333
681,30	226,9
681,55	235,76667
681,81	237,68333
682,06	261,03333
682,32	272,5
682,57	287,73333
682,82	272,8
683,08	261,81667
683,33	232,55
683,59	246,05
683,84	237,81667
684,09	249,91667
684,35	240,01667
684,60	256,05
684,86	257,75
685,11	274,18333
685,36	271,9
685,62	284,06667
685,87	249,2
686,13	236,93333
686,38	211,45
686,63	230,95
686,89	247,36667
687,14	276,58333
687,40	268,98333
687,65	265,73333
687,90	249,01667
688,16	245,78333
688,41	233,53333
688,66	221,36667
688,92	221,4
689,17	210,38333
689,43	203,43333
689,68	207,56667
689,93	219,03333
690,19	224,01667
690,44	207,63333
690,69	196,3
690,95	196,05
691,20	208,63333
691,46	201,4
691,71	211,56667
691,96	214,36667
692,22	223,73333
692,47	211,55
692,72	199,28333
692,98	198,56667
693,23	206,26667
693,49	223,18333
693,74	227,11667
693,99	231,05
694,25	224,51667
694,50	223,75
694,75	215,41667
695,01	190,38333
695,26	191,66667
695,51	189,65
695,77	190,95
696,02	184,63333
696,27	180,43333
696,53	198,13333
696,78	205,85
697,04	213,38333
697,29	202,63333
697,54	194,56667
697,80	180,15
698,05	183,03333
698,30	172,38333
698,56	172,25
698,81	171
699,06	179,61667
699,32	178,08333
699,57	178,05
699,82	188,1
700,08	185,5
700,33	179,11667
700,58	164,13333
700,84	164,86667
701,09	156,28333
701,34	155,38333
701,60	162,8
701,85	168,11667
702,10	174,88333
702,36	182,28333
702,61	174,96667
702,86	160,73333
703,12	135,4
703,37	142,56667
703,62	140,43333
703,88	140,26667
704,13	129,98333
704,38	133,46667
704,64	161,35
704,89	170,61667
705,14	193,58333
705,40	188,08333
705,65	186,38333
705,90	162,78333
706,16	138,23333
706,41	145,31667
706,66	146,9
706,92	152,78333
707,17	157,7
707,42	179,28333
707,68	167,96667
707,93	155,46667
708,18	143,63333
708,44	172,21667
708,69	182,7
708,94	178,43333
709,19	163,88333
709,45	170,05
709,70	160,3
709,95	161,93333
710,21	136,5
710,46	129,83333
710,71	144,4
710,97	145,8
711,22	156,31667
711,47	133,38333
711,73	138,25
711,98	135,16667
712,23	132,25
712,48	123,86667
712,74	122,51667
712,99	122,06667
713,24	114,31667
713,50	111,98333
713,75	130,21667
714,00	146,03333
714,26	139,38333
714,51	126,85
714,76	127,21667
715,01	123,36667
715,27	142,51667
715,52	140,75
715,77	156,56667
716,03	138,81667
716,28	138,63333
716,53	148,8
716,78	146,9
717,04	150,61667
717,29	150,78333
717,54	159,55
717,80	149,61667
718,05	140,86667
718,30	131,05
718,55	137,66667
718,81	132,68333
719,06	142,9
719,31	141,18333
719,57	129,76667
719,82	122,78333
720,07	124,13333
720,32	126,08333
720,58	129,91667
720,83	127,08333
721,08	129,35
721,33	123,85
721,59	136,58333
721,84	147,93333
722,09	157,83333
722,35	150,16667
722,60	138,76667
722,85	132,31667
723,10	121,26667
723,36	123,23333
723,61	113
723,86	121,95
724,11	132,25
724,37	124,28333
724,62	117,8
724,87	103,46667
725,12	108
725,38	106,31667
725,63	104,75
725,88	98,15
726,13	98,01667
726,39	82,06667
726,64	101,96667
726,89	102,55
727,14	110,25
727,40	100,8
727,65	105,08333
727,90	123,41667
728,15	130,5
728,41	119,08333
728,66	121,45
728,91	108,51667
729,16	118,58333
729,42	116,75
729,67	126,91667
729,92	106,5
730,17	97,9
730,43	100,28333
730,68	123,8
730,93	128,68333
731,18	121,63333
731,44	111,65
731,69	103,18333
731,94	107,48333
732,19	119,96667
732,45	127,96667
732,70	140,41667
732,95	124,4
733,20	108,26667
733,45	98,81667
733,71	108,83333
733,96	106,53333
734,21	110,23333
734,46	104,98333
734,72	113,23333
734,97	107,85
735,22	103,16667
735,47	104,48333
735,72	99,53333
735,98	95,41667
736,23	97,5
736,48	103,35
736,73	111,28333
736,99	104,78333
737,24	102,96667
737,49	98,23333
737,74	101,56667
737,99	119,38333
738,25	123,46667
738,50	121,6
738,75	89,55
739,00	93,33333
739,25	101,98333
739,51	101,56667
739,76	101,71667
740,01	102,13333
740,26	115,01667
740,52	120,15
740,77	141,06667
741,02	142,08333
741,27	129,5
741,52	109,6
741,78	108,26667
742,03	111,25
742,28	107,78333
742,53	113,06667
742,78	127,35
743,04	138
743,29	145,8
743,54	149,81667
743,79	137,78333
744,04	121,53333
744,30	116,75
744,55	125,1
744,80	144,45
745,05	137,08333
745,30	135,4
745,55	117,05
745,81	136,3
746,06	138,08333
746,31	149,85
746,56	139,75
746,81	147,08333
747,07	151,75
747,32	153,76667
747,57	166,88333
747,82	172,73333
748,07	184,43333
748,32	158,55
748,58	145,53333
748,83	122,05
749,08	128,23333
749,33	126,43333
749,58	131,25
749,84	129,83333
750,09	115,8
750,34	104,7
750,59	109,61667
750,84	101,13333
751,09	121,58333
751,35	113,25
751,60	123,38333
751,85	93,36667
752,10	73,81667
752,35	87,98333
752,60	96,58333
752,86	106,6
753,11	83
753,36	73,18333
753,61	69,55
753,86	60,75
754,11	64,41667
754,37	47,9
754,62	51,56667
754,87	50,25
755,12	72,96667
755,37	84,41667
755,62	88,36667
755,87	67,1
756,13	55,11667
756,38	55,21667
756,63	73,58333
756,88	97,5
757,13	91
757,38	94,7
757,64	68,26667
757,89	71,18333
758,14	81,71667
758,39	83,53333
758,64	101,53333
758,89	86,83333
759,14	103,46667
759,40	94,15
759,65	90,15
759,90	80,98333
760,15	70,41667
760,40	52,75
760,65	47,63333
760,90	49,71667
761,15	59,45
761,41	67,71667
761,66	61,25
761,91	72,91667
762,16	61,61667
762,41	81,21667
762,66	69,83333
762,91	76,68333
763,17	71,23333
763,42	78
763,67	87,18333
763,92	86,3
764,17	85,91667
764,42	72,48333
764,67	76,96667
764,92	91,91667
765,18	96,1
765,43	83,16667
765,68	91,93333
765,93	106,75
766,18	115,15
766,43	105,88333
766,68	112,41667
766,93	116,33333
767,18	125,71667
767,44	147,03333
767,69	184,5
767,94	247,1
768,19	281,2
768,44	307,21667
768,69	304,66667
768,94	310,81667
769,19	313,33333
769,44	331,41667
769,70	311,78333
769,95	294,88333
770,20	252
770,45	235,7
770,70	211,48333
770,95	179,31667
771,20	143,46667
771,45	139,68333
771,70	128,93333
771,95	124,05
772,21	117,71667
772,46	115,86667
772,71	118,03333
772,96	106,6
773,21	103,16667
773,46	114,33333
773,71	113,71667
773,96	101,9
774,21	93,08333
774,46	90,75
774,72	102,11667
774,97	93,9
775,22	82,58333
775,47	87,18333
775,72	96,98333
775,97	126,26667
776,22	141,3
776,47	183,23333
776,72	201,91667
776,97	211,96667
777,22	186,38333
777,47	181,95
777,73	173,93333
777,98	188,63333
778,23	178,26667
778,48	163,2
778,73	129,11667
778,98	114,6
779,23	115,58333
779,48	114,26667
779,73	92,11667
779,98	71,61667
780,23	70,18333
780,48	73,2
780,73	86,23333
780,98	91,21667
781,24	92,16667
781,49	73,93333
781,74	53,81667
781,99	49,21667
782,24	54,88333
782,49	57,73333
782,74	57,46667
782,99	58,63333
783,24	57,96667
783,49	62,28333
783,74	60,81667
783,99	78,4
784,24	71,31667
784,49	68,15
784,74	59,01667
784,99	68,81667
785,24	54,85
785,49	31,1
785,75	53,18333
786,00	85,08333
786,25	92,66667
786,50	66,38333
786,75	39,2
787,00	59,38333
787,25	58,25
787,50	69,76667
787,75	59,88333
788,00	81,61667
788,25	57,55
788,50	47
788,75	26,2
789,00	32,68333
789,25	26,35
789,50	10,46667
789,75	10,46667
790,00	26,76667
790,25	37,6
790,50	73,85
790,75	87,2
791,00	85,38333
791,25	76,36667
791,50	55,93333
791,75	58,1
792,01	61,53333
792,26	63,86667
792,51	74,53333
792,76	52,9
793,01	52,95
793,26	24,5
793,51	31,98333
793,76	38,21667
794,01	65,83333
794,26	66,98333
794,51	68,83333
794,76	56,66667
795,01	65,35
795,26	67,11667
795,51	76,96667
795,76	68,4
796,01	77
796,26	80,36667
796,51	76
796,76	57,08333
797,01	36,15
797,26	43,25
797,51	36,05
797,76	56,53333
798,01	55,13333
798,26	80,51667
798,51	67,93333
798,76	50,35
799,01	38,76667
799,26	28,93333
799,51	35,35
799,76	32,3
800,01	54,16667
800,26	46,51667
800,51	50,65
800,76	40,8
801,01	50,36667
801,26	41,31667
801,51	34,1
801,76	35,78333
802,01	30
802,26	40,63333
802,51	53,75
802,76	62,7
803,01	56,7
803,26	29,73333
803,51	28,78333
803,76	32,66667
804,01	50,26667
804,26	39,73333
804,51	28,28333
804,76	17,51667
805,01	22,98333
805,26	21,98333
805,51	21,08333
805,76	14,75
806,01	51,58333
806,26	65,9
806,51	69,76667
806,76	26,81667
807,01	8,51667
807,26	8,11667
807,51	6,13333
807,76	7,61667
808,01	15,4
808,26	31,25
808,50	35,1
808,75	31,03333
809,00	23,5
809,25	31,43333
809,50	28,26667
809,75	35,51667
810,00	31,16667
810,25	27,05
810,50	35,03333
810,75	38,66667
811,00	54,05
811,25	48,58333
811,50	61,2
811,75	63,28333
812,00	56,36667
812,25	39,71667
812,50	8,85
812,75	4,96667
813,00	4,6
813,25	19,11667
813,50	22,61667
813,75	16,7
814,00	21,1
814,25	22,21667
814,50	45,5
814,74	42,5
814,99	57,61667
815,24	37,26667
815,49	41,76667
815,74	30,6
815,99	48,45
816,24	54,35
816,49	57,03333
816,74	66,73333
816,99	59,43333
817,24	65,28333
817,49	26,96667
817,74	42,86667
817,99	27,18333
818,24	38,98333
818,49	40,35
818,74	52,66667
818,98	70,15
819,23	59,71667
819,48	83,18333
819,73	77,81667
819,98	94,63333
820,23	65,35
820,48	71,11667
820,73	66,25
820,98	73,76667
821,23	63,28333
821,48	50,16667
821,73	50,4
821,98	58,68333
822,23	61,9
822,47	83,95
822,72	81,6
822,97	86,76667
823,22	75,58333
823,47	74,86667
823,72	77,1
823,97	80,53333
824,22	92,31667
824,47	85,96667
824,72	74
824,97	59,91667
825,22	63,08333
825,46	67,25
825,71	76,95
825,96	84,06667
826,21	100,3
826,46	127,13333
826,71	163,01667
826,96	203,01667
827,21	202,65
827,46	192,25
827,71	175,38333
827,96	183,23333
828,20	188,06667
828,45	174,48333
828,70	152,43333
828,95	123,28333
829,20	102,61667
829,45	85,61667
829,70	75,35
829,95	64,93333
830,20	56,48333
830,45	68,73333
830,69	68,83333
830,94	68,41667
831,19	60,6
831,44	45,26667
831,69	49,8
831,94	38,86667
832,19	52,18333
832,44	35,08333
832,69	32
832,93	30,78333
833,18	48,61667
833,43	42,91667
833,68	30,16667
833,93	27,23333
834,18	35
834,43	43,15
834,68	35,81667
834,92	24,83333
835,17	27,33333
835,42	35,3
835,67	50,95
835,92	38,51667
836,17	26,53333
836,42	11,95
836,67	-2,43333
836,91	12,68333
837,16	19,76667
837,41	23,06667
837,66	37,13333
837,91	55,06667
838,16	64,56667
838,41	48,7
838,66	22,61667
838,90	38,71667
839,15	30,86667
839,40	40,36667
839,65	21,5
839,90	14,81667
840,15	22,41667
840,40	16,01667
840,64	30,71667
840,89	10
841,14	27,11667
841,39	16,9
841,64	17,36667
841,89	18,36667
842,14	2,33333
842,38	33,36667
842,63	39,16667
842,88	46,25
843,13	18,06667
843,38	19,53333
843,63	27,95
843,87	47,86667
844,12	31,88333
844,37	29,85
844,62	21,93333
844,87	28,5
845,12	40,61667
845,37	33,75
845,61	28,21667
845,86	13,38333
846,11	15,8
846,36	12,38333
846,61	20,5
846,86	22,41667
847,10	30,91667
847,35	46,75
847,60	42,78333
847,85	39,18333
848,10	22,13333
848,35	26,18333
848,59	31,53333
848,84	19,6
849,09	27,55
849,34	19,45
849,59	28,7
849,84	2,8
850,08	10,58333
850,33	2,03333
850,58	11,06667
850,83	16,25
851,08	8,36667
851,32	-1,63333
851,57	-6,26667
851,82	19,93333
852,07	29,76667
852,32	41,23333
852,57	17,88333
852,81	35,18333
853,06	14,96667
853,31	33,96667
853,56	16,83333
853,81	17,13333
854,05	13,88333
854,30	8,2
854,55	10,01667
854,80	2,85
855,05	38,96667
855,29	39,36667
855,54	44,48333
855,79	15,83333
856,04	12,55
856,29	10,53333
856,53	19,66667
856,78	17,45
857,03	6,73333
857,28	0,15
857,53	6,66667
857,77	27,95
858,02	19,9
858,27	17,95
858,52	9,35
858,77	3,23333
859,01	-2,75
859,26	-7,21667
859,51	6,1
859,76	-1,15
860,01	-1,3
860,25	-7,45
860,50	11,56667
860,75	11,9
861,00	23,53333
861,25	19,75
861,49	21,6
861,74	16,63333
861,99	2,86667
862,24	-0,85
862,48	-3,9
862,73	1,91667
862,98	2,4
863,23	15,58333
863,48	26,56667
863,72	40,45
863,97	48,78333
864,22	53,35
864,47	29,85
864,71	7,53333
864,96	10,75
865,21	17,36667
865,46	14,08333
865,70	-2,61667
865,95	-15,58333
866,20	-6,43333
866,45	15,48333
866,70	36,55
866,94	52,91667
867,19	31,95
867,44	35,63333
867,69	31,46667
867,93	36,36667
868,18	40,95
868,43	40,7
868,68	46,45
868,92	38,95
869,17	22,23333
869,42	33,06667
869,67	27,3
869,91	25,81667
870,16	-0,41667
870,41	11,13333
870,66	21,11667
870,90	43,73333
871,15	34,65
871,40	21,56667
871,65	3,48333
871,89	9,53333
872,14	12,75
872,39	15
872,64	8,38333
872,88	6,6
873,13	-5,95
873,38	-19
873,63	2,03333
873,87	10,53333
874,12	-0,86667
874,37	-27,68333
874,62	-23,95
874,86	-10,65
875,11	-1,8
875,36	-3,65
875,60	-11,38333
875,85	-6,66667
876,10	1,13333
876,35	17,86667
876,59	12,43333
876,84	0,13333
877,09	1,4
877,34	8,73333
877,58	8,68333
877,83	1,58333
878,08	-5,75
878,32	-7,4
878,57	-16,6
878,82	-4,96667
879,07	-6,98333
879,31	-1,31667
879,56	-8,31667
879,81	-6,36667
880,06	-9,43333
880,30	-20,35
880,55	7,35
880,80	15,41667
881,04	21,55
881,29	25,15
881,54	33,46667
881,79	29,51667
882,03	-8,23333
882,28	-1,46667
882,53	3,65
882,77	23,58333
883,02	9,51667
883,27	11,41667
883,51	-4
883,76	2,63333
884,01	11,6
884,26	8,98333
884,50	-2,95
884,75	-26,41667
885,00	-19,13333
885,24	-15,16667
885,49	-7,85
885,74	9,48333
885,98	-7,9
886,23	-14,63333
886,48	-27,45
886,73	0,6
886,97	16,26667
887,22	5,11667
887,47	-13,28333
887,71	-26,81667
887,96	-27,28333
888,21	-15,81667
888,45	-6,25
888,70	11,53333
888,95	-2,6
889,19	-9,46667
889,44	-19,15
889,69	-7,15
889,93	-20,21667
890,18	-10,18333
890,43	-6,93333
890,67	11,7
890,92	-10,43333
891,17	-2,58333
891,42	7,45
891,66	36,95
891,91	31,9
892,16	27,35
892,40	29
892,65	22,46667
892,90	14,11667
893,14	0,8
893,39	2,46667
893,64	-1,5
893,88	-21,68333
894,13	-8,41667
894,38	3,66667
894,62	10,06667
894,87	-14,85
895,12	-32,85
895,36	-26
895,61	-22,08333
895,86	-15,71667
896,10	-23
896,35	-26,05
896,60	-38,58333
896,84	-38
897,09	-29,4
897,33	-11,26667
897,58	-10,63333
897,83	-9,4
898,07	-15,25
898,32	-8,11667
898,57	-5,6
898,81	4,85
899,06	15,26667
899,31	40,95
899,55	40,03333
899,80	17,66667
900,05	-12,2
900,29	-22,21667
900,54	4,4
900,79	0,36667
901,03	1,23333
901,28	-12,1
901,52	4,58333
901,77	20,9
902,02	29,61667
902,26	5,31667
902,51	-10,76667
902,76	-40,66667
903,00	-21,93333
903,25	-27,15
903,50	-8,95
903,74	-19,85
903,99	-21,41667
904,23	-16,3
904,48	-10,56667
904,73	10,4
904,97	14,65
905,22	25,63333
905,47	12,96667
905,71	15,75
905,96	8,16667
906,20	20,21667
906,45	13,16667
906,70	12,1
906,94	3,7
907,19	-0,98333
907,44	-13,26667
907,68	-25,93333
907,93	-23,28333
908,17	-36,85
908,42	-22,5
908,67	-35,15
908,91	-5,71667
909,16	2,65
909,40	5,78333
909,65	-11,13333
909,90	-22,4
910,14	-21,23333
910,39	-30,06667
910,63	-24,2
910,88	-8,28333
911,13	25
911,37	22,33333
911,62	8,26667
911,86	-13,43333
912,11	-14
912,36	-2,1
912,60	-0,1
912,85	11,6
913,09	7,6
913,34	20,63333
913,59	-6,35
913,83	-0,03333
914,08	-15,63333
914,32	6,78333
914,57	5,23333
914,82	17,08333
915,06	11,56667
915,31	3,35
915,55	6,26667
915,80	15,61667
916,05	5,66667
916,29	-14,66667
916,54	-31,83333
916,78	-12,66667
917,03	3
917,27	7,18333
917,52	-9,18333
917,77	-7,2
918,01	-5,95
918,26	-9,1
918,50	-20,18333
918,75	-24,08333
919,00	-19,58333
919,24	-21,65
919,49	-32,55
919,73	-21,43333
919,98	-23,21667
920,22	-8,55
920,47	-18,15
920,72	-22,66667
920,96	-30,81667
921,21	-29,38333
921,45	-16,73333
921,70	-19,4
921,94	-10,5
922,19	-7,46667
922,43	-3,76667
922,68	17,38333
922,93	19,45
923,17	14,88333
923,42	-21,6
923,66	-24,35
923,91	-23,68333
924,15	-12,88333
924,40	-14,6
924,64	-14
924,89	-18,5
925,14	-19,83333
925,38	-17,96667
925,63	-4,08333
925,87	2,43333
926,12	17,48333
926,36	3,76667
926,61	-6,31667
926,85	62,56667
927,10	55,85
927,35	52,5
927,59	-17,85
927,84	-21,43333
928,08	-9,78333
928,33	-23,23333
928,57	-12,1
928,82	-6,71667
929,06	0,2
929,31	1,88333
929,55	-7,21667
929,80	-1,18333
930,04	-2,78333
930,29	-4,43333
930,54	-8,31667
930,78	-12,5
931,03	-21,05
931,27	-12,06667
931,52	-10,35
931,76	-3,75
932,01	-28,06667
932,25	-31,5
932,50	-14,13333
932,74	-6,46667
932,99	18,83333
933,23	0,55
933,48	9,4
933,72	-7,46667
933,97	-13,51667
934,21	11,23333
934,46	26,18333
934,70	48,76667
934,95	22,01667
935,19	-7,91667
935,44	-27,3
935,68	-27,93333
935,93	-13,76667
936,18	-6,98333
936,42	-8,53333
936,67	-16,25
936,91	-6,51667
937,16	18,13333
937,40	16,06667
937,65	-8,81667
937,89	-32,66667
938,14	-32,68333
938,38	-20,03333
938,63	-11,7
938,87	-9,68333
939,12	-0,61667
939,36	20,66667
939,61	31,03333
939,85	17,95
940,10	-20,25
940,34	-20,86667
940,59	-19,95
940,83	-22,86667
941,08	-19,1
941,32	-10,68333
941,57	9,85
941,81	-9,21667
942,06	-15,03333
942,30	-20,3
942,55	-5,38333
942,79	-16,4
943,03	-15,91667
943,28	-10,78333
943,52	24,31667
943,77	9,96667
944,01	-12,16667
944,26	-45,11667
944,50	-46,36667
944,75	-14,46667
944,99	5,01667
945,24	12,33333
945,48	10,15
945,73	59,2
945,97	53,93333
946,22	36,55
946,46	-20,21667
946,71	-0,65
946,95	0,83333
947,20	-12,06667
947,44	-26,73333
947,69	-21,06667
947,93	-15,68333
948,17	-20,51667
948,42	-33,31667
948,66	-25,35
948,91	-32,2
949,15	-35,56667
949,40	-45,53333
949,64	-25,88333
949,89	-19,31667
950,13	-15,36667
950,38	-31,68333
950,62	-26,01667
950,87	-20
951,11	1,35
951,35	-6,03333
951,60	-6,08333
951,84	-21,6
952,09	-18,25
952,33	-20,86667
952,58	-7,55
952,82	-20,98333
953,07	-28,58333
953,31	-26,63333
953,56	-9,93333
953,80	-6,35
954,04	-37,26667
954,29	-58,56667
954,53	-64,91667
954,78	-53
955,02	-42,11667
955,27	-36,93333
955,51	-32,56667
955,76	-29,86667
956,00	-26,03333
956,24	-29,98333
956,49	-22,23333
956,73	-16,33333
956,98	-11,61667
957,22	6,1
957,47	17,56667
957,71	9,91667
957,95	0,28333
958,20	-5,65
958,44	15,43333
958,69	-0,56667
958,93	-5,75
959,18	-14,15
959,42	1,48333
959,66	-4,88333
959,91	-17,75
960,15	-34,93333
960,40	-35,6
960,64	-27,35
960,89	-13,36667
961,13	93,7
961,37	107,05
961,62	110,55
961,86	12
962,11	11,53333
962,35	-9,73333
962,59	-14,45
962,84	-42,53333
963,08	-24,91667
963,33	-22,96667
963,57	-11,25
963,81	-21,13333
964,06	-21,35
964,30	-3,88333
964,55	-20,25
964,79	6,85
965,04	9,91667
965,28	16,23333
965,52	-9,96667
965,77	-26,25
966,01	-14,03333
966,26	-15,73333
966,50	-8,46667
966,74	-2,05
966,99	6,55
967,23	3,65
967,48	-6,1
967,72	-15,58333
967,96	-28,73333
968,21	-20,06667
968,45	-22,86667
968,69	-10,91667
968,94	1,11667
969,18	-7,18333
969,43	-21,76667
969,67	-36,71667
969,91	-17,25
970,16	-2,48333
970,40	-9,03333
970,65	-18,33333
970,89	-37,76667
971,13	-31,01667
971,38	-30,9
971,62	5,5
971,86	0,83333
972,11	8,73333
972,35	-15,81667
972,60	-3,96667
972,84	3,91667
973,08	4,3
973,33	-7,5
973,57	-13,36667
973,81	-2,9
974,06	-3,08333
974,30	-20,65
974,55	-16,98333
974,79	-3,71667
975,03	9,31667
975,28	2
975,52	-19,48333
975,76	-20,68333
976,01	-24,03333
976,25	-10,36667
976,50	-11,95
976,74	-1,6
976,98	3,75
977,23	-3,08333
977,47	-2,9
977,71	-8,68333
977,96	-19,18333
978,20	-39,75
978,44	-50,13333
978,69	-23,55
978,93	-9,66667
979,17	-2,9
979,42	-8,53333
979,66	-12,58333
979,90	-3,61667
980,15	15
980,39	21,21667
980,64	5,35
980,88	2,41667
981,12	1,71667
981,37	0,8
981,61	-10,63333
981,85	-23,51667
982,10	-13,55
982,34	-38,18333
982,58	-25
982,83	-42,06667
983,07	-35,4
983,31	-41,16667
983,56	-41,03333
983,80	-30,53333
984,04	-29,28333
984,29	-6,66667
984,53	-3,55
984,77	-3,31667
985,02	-2,01667
985,26	-22,18333
985,50	-1,75
985,75	-16,3
985,99	-0,16667
986,23	-21,08333
986,48	-14,68333
986,72	-16,33333
986,96	-0,95
987,20	-1,5
987,45	-5,86667
987,69	-30,3
987,93	-20,51667
988,18	-4,25
988,42	8,31667
988,66	2,73333
988,91	-14,85
989,15	-19,31667
989,39	-30,78333
989,64	-34,38333
989,88	-30,93333
990,12	-27,21667
990,37	-15,03333
990,61	-14,25
990,85	-21,8
991,10	-35,13333
991,34	-36,66667
991,58	-31,56667
991,82	-28,55
992,07	-30,23333
992,31	-23,03333
992,55	-29,83333
992,80	-35
993,04	-26,38333
993,28	-0,06667
993,53	5,33333
993,77	-4,93333
994,01	-30,86667
994,25	-34,21667
994,50	-28,16667
994,74	-10,88333
994,98	-13,15
995,23	-19,46667
995,47	-17,18333
995,71	-18,38333
995,95	-17,03333
996,20	-7,95
996,44	-0,53333
996,68	-6,16667
996,93	-27,11667
997,17	-26,16667
997,41	-18,36667
997,65	-24,4
997,90	-33,08333
998,14	-40,91667
998,38	-25,55
998,63	-22,05
998,87	-20,78333
999,11	-33,55
999,35	-29,65
999,60	-35,01667
999,84	-29,88333
1000,08	-6,53333
1000,32	6,11667
1000,57	8,33333
1000,81	6,48333
1001,05	5,46667
1001,30	15,75
1001,54	-3,1
1001,78	12,33333
1002,02	2,88333
1002,27	7,58333
1002,51	-18,45
1002,75	-15,81667
1002,99	-28,51667
1003,24	-24,88333
1003,48	-22,33333
1003,72	-32,5
1003,96	-26
1004,21	-22,48333
1004,45	2,16667
1004,69	2,26667
1004,93	-1,51667
1005,18	-3,66667
1005,42	4,41667
1005,66	-6,26667
1005,90	-18,38333
1006,15	-37,96667
1006,39	-21,5
1006,63	-1,18333
1006,87	13,5
1007,12	5,43333
1007,36	2,96667
1007,60	8,05
1007,84	-1,05
1008,09	-6,86667
1008,33	-24,38333
1008,57	-14,9
1008,81	-12,7
1009,06	-10,05
1009,30	-10,13333
1009,54	-8,03333
1009,78	-1,1
1010,03	-2,6
1010,27	-18,45
1010,51	-16,65
1010,75	-18,5
1010,99	-3,28333
1011,24	-3,85
1011,48	24,2
1011,72	14,06667
1011,96	25,36667
1012,21	3,53333
1012,45	1,93333
1012,69	-8,83333
1012,93	-19,31667
1013,18	-12,31667
1013,42	-15,03333
1013,66	-6,4
1013,90	-17,6
1014,14	-20,15
1014,39	-13,9
1014,63	-10,21667
1014,87	2,43333
1015,11	-14,61667
1015,35	-32,41667
1015,60	-20,63333
1015,84	-6,08333
1016,08	1,03333
1016,32	-16,88333
1016,57	-28,55
1016,81	-22,06667
1017,05	-20,21667
1017,29	-11,68333
1017,53	-9,3
1017,78	-12,36667
1018,02	-24,9
1018,26	-15,85
1018,50	-23,6
1018,74	-3,35
1018,99	-18,03333
1019,23	-22,13333
1019,47	-37,36667
1019,71	-23,5
1019,95	-9,6
1020,20	-11,56667
1020,44	-24,13333
1020,68	-24,26667
1020,92	-5,26667
1021,16	-5
1021,41	-7,18333
1021,65	-29,98333
1021,89	-30,56667
1022,13	-37,63333
1022,37	-37,03333
1022,61	-40,3
1022,86	-45,26667
1023,10	-22,5
1023,34	-18,33333
1023,58	-5,26667
1023,82	-29,88333
1024,07	-26,1
1024,31	-16,68333
1024,55	-11,45
1024,79	-4,55
1025,03	-26,56667
1025,27	-18,36667
1025,52	-36,6
1025,76	-35,41667
1026,00	-26,1
1026,24	-20,56667
1026,48	-18,63333
1026,73	-23,96667
1026,97	0,35
1027,21	10
1027,45	9,01667
1027,69	-9,65
1027,93	-4,21667
1028,18	-4,76667
1028,42	4,76667
1028,66	0,55
1028,90	4,65
1029,14	-1,78333
1029,38	-15,3
1029,62	-9,48333
1029,87	-8,26667
1030,11	8,36667
1030,35	-10,7
1030,59	-12,91667
1030,83	-30,05
1031,07	-32,56667
1031,32	-40,55
1031,56	-13,41667
1031,80	2,58333
1032,04	17,01667
1032,28	-5,35
1032,52	-7,06667
1032,76	-9,41667
1033,01	-12,05
1033,25	-8,83333
1033,49	-13,2
1033,73	-11,96667
1033,97	-31,36667
1034,21	-40,06667
1034,45	-45,26667
1034,70	-46,53333
1034,94	-32,85
1035,18	58,25
1035,42	69,53333
1035,66	83,61667
1035,90	9,85
1036,14	-7,15
1036,39	-10,88333
1036,63	-26,23333
1036,87	13,63333
1037,11	0,93333
1037,35	8,15
1037,59	1,06667
1037,83	15,73333
1038,07	42,98333
1038,32	20,73333
1038,56	7,35
1038,80	8,45
1039,04	24,71667
1039,28	31,78333
1039,52	5,86667
1039,76	-9,81667
1040,00	-9,48333
1040,25	-24,2
1040,49	-20,25
1040,73	-24,35
1040,97	-14,38333
1041,21	-1,33333
1041,45	4,33333
1041,69	23,48333
1041,93	2,06667
1042,17	-6,01667
1042,42	-25,51667
1042,66	-24,06667
1042,90	-15,83333
1043,14	-27,71667
1043,38	-11,65
1043,62	-25,56667
1043,86	-14,03333
1044,10	-11,68333
1044,34	15,45
1044,59	20,66667
1044,83	12,28333
1045,07	-10,55
1045,31	-9,9
1045,55	-18,01667
1045,79	-39,43333
1046,03	-31,68333
1046,27	-12,5
1046,51	7,48333
1046,75	-9,45
1047,00	-21,63333
1047,24	-16,45
1047,48	-11,75
1047,72	-8,75
1047,96	-17,6
1048,20	-6,98333
1048,44	-3,18333
1048,68	-5,68333
1048,92	-18,78333
1049,16	-37,91667
1049,40	-33,93333
1049,64	-35,13333
1049,89	-13,38333
1050,13	-11,85
1050,37	12,43333
1050,61	11,5
1050,85	24,03333
1051,09	12,75
1051,33	8,5
1051,57	12,31667
1051,81	6,33333
1052,05	8,71667
1052,29	18,23333
1052,53	5,41667
1052,77	23,86667
1053,02	2,68333
1053,26	21,08333
1053,50	2,55
1053,74	-2,33333
1053,98	-9,08333
1054,22	-24,2
1054,46	-17,38333
1054,70	-12,55
1054,94	-14,21667
1055,18	-13,26667
1055,42	-0,9
1055,66	6,3
1055,90	-5,71667
1056,14	-14,28333
1056,38	7,15
1056,62	11,26667
1056,86	15,56667
1057,11	2,58333
1057,35	2,08333
1057,59	-23,36667
1057,83	-13,65
1058,07	1,23333
1058,31	41,05
1058,55	39,8
1058,79	27,6
1059,03	-8,58333
1059,27	-11,15
1059,51	-10,86667
1059,75	2,28333
1059,99	-9,81667
1060,23	-4,48333
1060,47	18,61667
1060,71	39,85
1060,95	19,55
1061,19	-2,63333
1061,43	-14,13333
1061,67	19,05
1061,91	27,76667
1062,15	21,16667
1062,39	4,68333
1062,64	16,81667
1062,88	24,98333
1063,12	41,4
1063,36	59,8
1063,60	122,48333
1063,84	304,68333
1064,08	763,61667
1064,32	1443,06667
1064,56	1797,76667
1064,80	1594,53333
1065,04	1100,63333
1065,28	677,65
1065,52	496,73333
1065,76	314,01667
1066,00	255,35
1066,24	192,55
1066,48	173,51667
1066,72	146,56667
1066,96	125,88333
1067,20	94,01667
1067,44	82,21667
1067,68	74,83333
1067,92	66,1
1068,16	62
1068,40	65,61667
1068,64	74,66667
1068,88	70,65
1069,12	51,06667
1069,36	55,4
1069,60	34,73333
1069,84	60,35
1070,08	43,95
1070,32	59,21667
1070,56	34,56667
1070,80	31,56667
1071,04	67,26667
1071,28	64,33333
1071,52	70,61667
1071,76	17,05
1072,00	26,58333
1072,24	10,3
1072,48	13,53333
1072,72	8,11667
1072,96	25,2
1073,20	9,58333
1073,44	18,26667
1073,68	11,41667
1073,92	26,5
1074,16	5,28333
1074,40	0,05
1074,64	-10,95
1074,88	-8,21667
1075,12	0,1
1075,36	2,05
1075,60	9,83333
1075,84	-3,4
1076,08	-2,88333
1076,32	-10,38333
1076,56	-14,21667
1076,80	-12,58333
1077,04	-26,28333
1077,28	-27,21667
1077,52	-41,95
1077,76	-47,15
1078,00	-35,88333
1078,24	-1,63333
1078,48	15,85
1078,71	8,55
1078,95	-7,46667
1079,19	-24,11667
1079,43	-41,08333
1079,67	-46,23333
1079,91	-25,35
1080,15	-13,93333
1080,39	-14,46667
1080,63	-14,78333
1080,87	-12,1
1081,11	-11,76667
1081,35	-15,11667
1081,59	-2,3
1081,83	-4,61667
1082,07	-17,63333
1082,31	-25,18333
1082,55	-26,45
1082,79	-21,38333
1083,03	-17,66667
1083,27	-28,48333
1083,51	-23,36667
1083,75	-27,03333
1083,99	1,18333
1084,22	2,06667
1084,46	-3,81667
1084,70	-2,81667
1084,94	-10,11667
1085,18	-9,9
1085,42	-37,76667
1085,66	-31,8
1085,90	-32,23333
1086,14	-4,93333
1086,38	15,36667
1086,62	7,4
1086,86	8,78333
1087,10	-9,58333
1087,34	2
1087,58	-19,81667
1087,82	-22,85
1088,06	-12,5
1088,29	10,61667
1088,53	2
1088,77	-16,06667
1089,01	-20,36667
1089,25	-12,66667
1089,49	-2,15
1089,73	-16,58333
1089,97	-7,9
1090,21	-15,16667
1090,45	-7,31667
1090,69	-16,55
1090,93	-18,88333
1091,17	-34,25
1091,40	-12,61667
1091,64	-15,45
1091,88	-12,51667
1092,12	-36,28333
1092,36	-26,96667
1092,60	-23,6
1092,84	-11,46667
1093,08	-3,78333
1093,32	5,61667
1093,56	6,08333
1093,80	17,06667
1094,04	9,16667
1094,27	-2,91667
1094,51	-8,46667
1094,75	1,9
1094,99	8,6
1095,23	0,86667
1095,47	84,46667
1095,71	80,4
1095,95	74,13333
1096,19	-16,8
1096,43	-8,65
1096,66	-24,61667
1096,90	-32,93333
1097,14	-35,3
1097,38	-35,85
1097,62	-26,21667
1097,86	-29,71667
1098,10	-9,08333
1098,34	-3,75
1098,58	-9,21667
1098,81	-10,38333
1099,05	-9,35
1099,29	17,15
1099,53	26,1
1099,77	20,65
1100,01	-9,95
1100,25	-15,95
1100,49	-13,4
1100,73	17,51667
1100,96	33,46667
1101,20	41,93333
1101,44	5,2
1101,68	-9,65
1101,92	-22,01667
1102,16	-10,35
1102,40	-3,91667
1102,64	0,03333
1102,87	7,6
1103,11	-6,98333
1103,35	-5,25
1103,59	-13,46667
1103,83	-15,66667
1104,07	-5,7
1104,31	-4,91667
1104,55	-1,91667
1104,78	-24,06667
1105,02	-12,55
1105,26	-22,31667
1105,50	-10,68333
1105,74	-30,11667
1105,98	-18,11667
1106,22	-4,86667
1106,45	-1,31667
1106,69	-12,3
1106,93	-21,16667
1107,17	-20,03333
1107,41	-17,2
1107,65	-27,4
1107,89	-20
1108,12	-16,2
1108,36	-30,31667
1108,60	-25,96667
1108,84	-20,86667
1109,08	-12,06667
1109,32	-12,73333
1109,55	-19,9
1109,79	3,48333
1110,03	-7,4
1110,27	-1,18333
1110,51	-17,11667
1110,75	-25,66667
1110,99	-29,23333
1111,22	-40,71667
1111,46	-33,63333
1111,70	-38,11667
1111,94	-47,85
1112,18	-53,9
1112,42	-47,53333
1112,65	-26,28333
1112,89	-12
1113,13	-18,7
1113,37	-12,65
1113,61	-10,4
1113,85	15,26667
1114,08	4,28333
1114,32	-8
1114,56	-14,68333
1114,80	-13,16667
1115,04	4,53333
1115,28	-12,36667
1115,51	-5,88333
1115,75	-4,6
1115,99	-1,6
1116,23	-1,43333
1116,47	-1,7
1116,70	-2,9
1116,94	-15,41667
1117,18	-12,15
1117,42	-17,35
1117,66	-3,58333
1117,90	-28,6
1118,13	-28,78333
1118,37	-53,2
1118,61	-45,83333
1118,85	-35,41667
1119,09	-33,85
1119,32	-23,45
1119,56	-21,43333
1119,80	-25,3
1120,04	-41,33333
1120,28	-31,83333
1120,51	-23,23333
1120,75	-13,68333
1120,99	-33,175