194,56	-196,06923
194,83	-196,06923
195,09	-194,56923
195,36	-131,1859
195,63	-68,20256
195,90	-9,91923
196,17	-21,1859
196,44	-33,75256
196,71	-21,26923
196,97	-7,91923
197,24	17,48077
197,51	-6,8859
197,78	6,09744
198,05	9,38077
198,32	24,1141
198,59	7,33077
198,86	9,2641
199,12	3,3641
199,39	10,89744
199,66	11,89744
199,93	27,34744
200,20	27,2641
200,47	6,79744
200,74	4,8641
201,00	-3,6859
201,27	4,04744
201,54	-10,26923
201,81	13,1641
202,08	-6,61923
202,35	7,43077
202,61	1,08077
202,88	53,23077
203,15	34,79744
203,42	25,54744
203,69	-8,2859
203,96	0,33077
204,23	-1,6859
204,49	-6,05256
204,76	20,73077
205,03	35,29744
205,30	39,63077
205,57	19,88077
205,84	19,58077
206,10	38,5641
206,37	42,8641
206,64	48,8141
206,91	43,14744
207,18	32,08077
207,45	27,08077
207,71	13,79744
207,98	29,18077
208,25	13,9641
208,52	6,24744
208,79	-3,01923
209,06	5,7141
209,32	18,8141
209,59	24,7141
209,86	-0,21923
210,13	7,38077
210,40	17,6641
210,67	48,04744
210,93	39,64744
211,20	16,59744
211,47	10,93077
211,74	30,59744
212,01	31,33077
212,28	46,94744
212,54	52,98077
212,81	54,94744
213,08	43,1641
213,35	33,0641
213,62	47,73077
213,88	54,08077
214,15	39,4141
214,42	25,9641
214,69	28,94744
214,96	32,99744
215,23	60,09744
215,49	51,43077
215,76	49,83077
216,03	43,14744
216,30	27,4141
216,57	11,9141
216,83	4,08077
217,10	10,74744
217,37	32,34744
217,64	55,98077
217,91	65,7641
218,17	33,24744
218,44	-13,10256
218,71	-12,35256
218,98	13,2141
219,25	47,49744
219,51	49,7141
219,78	46,08077
220,05	30,88077
220,32	16,93077
220,59	21,99744
220,85	22,13077
221,12	39,19744
221,39	54,7141
221,66	54,1141
221,93	35,2141
222,19	8,03077
222,46	21,89744
222,73	38,33077
223,00	60,74744
223,27	46,04744
223,53	42,49744
223,80	34,89744
224,07	43,89744
224,34	58,29744
224,61	48,29744
224,87	28,3641
225,14	-0,30256
225,41	6,4141
225,68	32,03077
225,94	48,79744
226,21	50,48077
226,48	31,48077
226,75	31,14744
227,02	15,23077
227,28	24,2141
227,55	7,8141
227,82	20,1641
228,09	-4,00256
228,36	-3,50256
228,62	2,0641
228,89	23,54744
229,16	31,93077
229,43	25,2141
229,69	23,3641
229,96	24,88077
230,23	18,43077
230,50	26,73077
230,76	15,74744
231,03	19,4641
231,30	19,38077
231,57	30,3641
231,84	27,94744
232,10	16,5141
232,37	17,23077
232,64	8,9141
232,91	13,0141
233,17	20,58077
233,44	29,6641
233,71	29,14744
233,98	8,9641
234,24	10,19744
234,51	29,7641
234,78	39,93077
235,05	52,69744
235,31	35,78077
235,58	31,93077
235,85	11,43077
236,12	-4,65256
236,39	18,99744
236,65	31,78077
236,92	80,2141
237,19	72,74744
237,46	104,7641
237,72	67,74744
237,99	46,6141
238,26	15,38077
238,53	40,8141
238,79	40,79744
239,06	36,0141
239,33	4,5641
239,60	1,6641
239,86	-9,21923
240,13	-9,96923
240,40	-14,01923
240,67	16,3641
240,93	27,13077
241,20	29,73077
241,47	4,0641
241,73	5,78077
242,00	11,84744
242,27	20,3641
242,54	20,69744
242,80	20,43077
243,07	27,5641
243,34	26,54744
243,61	62,1141
243,87	43,3141
244,14	39,34744
244,41	0,98077
244,68	13,3641
244,94	18,88077
245,21	28,3641
245,48	35,39744
245,74	26,2641
246,01	37,4141
246,28	25,8641
246,55	23,8141
246,81	-0,8859
247,08	5,39744
247,35	16,6141
247,62	20,13077
247,88	2,13077
248,15	7,3641
248,42	47,08077
248,68	50,99744
248,95	35,5141
249,22	3,29744
249,49	15,64744
249,75	16,53077
250,02	24,98077
250,29	14,44744
250,56	31,73077
250,82	42,5641
251,09	50,59744
251,36	55,84744
251,62	29,23077
251,89	32,5641
252,16	46,64744
252,43	75,0141
252,69	66,4641
252,96	33,3141
253,23	25,23077
253,49	30,8641
253,76	40,53077
254,03	58,19744
254,29	60,08077
254,56	55,89744
254,83	27,53077
255,10	7,9141
255,36	7,14744
255,63	21,5641
255,90	46,8641
256,16	50,73077
256,43	26,1141
256,70	29,9141
256,96	26,83077
257,23	38,03077
257,50	29,04744
257,77	38,1141
258,03	37,49744
258,30	41,9141
258,57	19,04744
258,83	21,7141
259,10	15,64744
259,37	21,8641
259,63	10,98077
259,90	25,74744
260,17	22,2141
260,43	29,69744
260,70	14,53077
260,97	37,2641
261,24	44,4141
261,50	45,83077
261,77	33,78077
262,04	17,3141
262,30	8,48077
262,57	2,09744
262,84	16,39744
263,10	43,13077
263,37	59,1641
263,64	39,68077
263,90	14,5641
264,17	1,24744
264,44	8,74744
264,70	9,6141
264,97	21,6641
265,24	47,1141
265,50	60,58077
265,77	61,1141
266,04	45,0641
266,30	32,54744
266,57	12,84744
266,84	9,3641
267,10	11,9641
267,37	42,58077
267,64	48,49744
267,90	64,13077
268,17	52,28077
268,44	41,08077
268,70	17,63077
268,97	-9,15256
269,24	-2,25256
269,50	11,33077
269,77	32,99744
270,04	47,03077
270,30	38,84744
270,57	45,53077
270,84	18,79744
271,10	31,54744
271,37	21,04744
271,64	46,9641
271,90	74,88077
272,17	77,44744
272,44	66,74744
272,70	34,6141
272,97	27,0141
273,24	18,18077
273,50	22,68077
273,77	33,24744
274,04	39,09744
274,30	31,93077
274,57	24,0641
274,84	37,64744
275,10	39,19744
275,37	41,7641
275,64	22,4641
275,90	6,48077
276,17	0,74744
276,43	11,9141
276,70	12,1641
276,97	5,5641
277,23	17,6141
277,50	22,38077
277,77	15,58077
278,03	-20,75256
278,30	-9,41923
278,57	-6,05256
278,83	5,03077
279,10	9,69744
279,37	5,63077
279,63	7,24744
279,90	14,64744
280,16	34,28077
280,43	51,33077
280,70	41,59744
280,96	60,79744
281,23	56,73077
281,50	43,9141
281,76	20,53077
282,03	18,39744
282,29	26,0641
282,56	28,2641
282,83	17,79744
283,09	8,38077
283,36	11,43077
283,63	18,13077
283,89	28,1141
284,16	30,4141
284,42	34,39744
284,69	38,53077
284,96	34,78077
285,22	28,23077
285,49	31,48077
285,76	31,4141
286,02	54,1141
286,29	59,33077
286,55	56,33077
286,82	32,08077
287,09	9,79744
287,35	24,48077
287,62	16,54744
287,88	25,18077
288,15	0,79744
288,42	0,34744
288,68	12,0141
288,95	22,5641
289,22	41,79744
289,48	36,69744
289,75	41,28077
290,01	41,48077
290,28	23,3641
290,55	27,94744
290,81	8,48077
291,08	29,08077
291,34	37,59744
291,61	57,64744
291,88	57,03077
292,14	29,28077
292,41	25,8141
292,67	44,2141
292,94	61,24744
293,21	57,84744
293,47	43,29744
293,74	44,38077
294,00	28,23077
294,27	8,5141
294,54	-3,46923
294,80	14,43077
295,07	39,93077
295,33	36,1141
295,60	38,08077
295,86	21,53077
296,13	15,0641
296,40	0,7141
296,66	11,13077
296,93	55,44744
297,19	74,84744
297,46	68,28077
297,73	48,18077
297,99	33,53077
298,26	18,59744
298,52	3,8641
298,79	4,14744
299,05	-3,5859
299,32	15,48077
299,59	32,0141
299,85	48,89744
300,12	35,0641
300,38	18,5141
300,65	12,3641
300,92	25,1141
301,18	28,89744
301,45	48,48077
301,71	29,9141
301,98	42,83077
302,24	51,68077
302,51	66,23077
302,78	63,64744
303,04	44,53077
303,31	50,14744
303,57	59,3141
303,84	59,03077
304,10	38,98077
304,37	34,9141
304,63	50,9641
304,90	73,29744
305,17	79,39744
305,43	66,9141
305,70	82,38077
305,96	77,68077
306,23	78,98077
306,49	71,33077
306,76	70,8141
307,03	70,98077
307,29	57,64744
307,56	69,29744
307,82	76,2141
308,09	84,64744
308,35	78,13077
308,62	94,83077
308,88	81,88077
309,15	87,1641
309,42	74,94744
309,68	86,24744
309,95	83,54744
310,21	70,83077
310,48	68,6641
310,74	69,23077
311,01	95,13077
311,27	87,89744
311,54	71,88077
311,80	53,2641
312,07	74,83077
312,34	94,43077
312,60	83,39744
312,87	79,94744
313,13	90,9641
313,40	100,13077
313,66	102,73077
313,93	82,23077
314,19	106,9141
314,46	104,54744
314,72	120,49744
314,99	105,33077
315,25	94,8141
315,52	76,88077
315,78	75,7141
316,05	78,4641
316,32	87,53077
316,58	89,64744
316,85	103,34744
317,11	106,9641
317,38	106,78077
317,64	108,04744
317,91	105,93077
318,17	107,5141
318,44	109,64744
318,70	105,58077
318,97	119,34744
319,23	136,73077
319,50	142,73077
319,76	134,73077
320,03	110,74744
320,29	121,0141
320,56	124,74744
320,82	137,74744
321,09	137,63077
321,36	153,9641
321,62	148,14744
321,89	142,29744
322,15	129,1141
322,42	134,23077
322,68	154,78077
322,95	177,9141
323,21	195,2141
323,48	188,13077
323,74	178,99744
324,01	173,38077
324,27	166,44744
324,54	161,0641
324,80	173,54744
325,07	190,2141
325,33	211,34744
325,60	201,59744
325,86	212,64744
326,13	208,73077
326,39	224,73077
326,66	227,99744
326,92	244,98077
327,19	263,08077
327,45	280,2141
327,72	309,13077
327,98	336,4141
328,25	387,94744
328,51	413,28077
328,78	438,13077
329,04	430,84744
329,31	407,33077
329,57	360,23077
329,84	317,08077
330,10	293,79744
330,37	295,6141
330,63	281,29744
330,90	270,6641
331,16	261,69744
331,43	263,9641
331,69	273,3141
331,96	273,83077
332,22	273,94744
332,49	275,39744
332,75	262,28077
333,01	246,5141
333,28	230,5141
333,54	231,33077
333,81	261,44744
334,07	268,04744
334,34	258,88077
334,60	251,48077
334,87	263,18077
335,13	303,7641
335,40	298,6141
335,66	292,5141
335,93	274,08077
336,19	280,04744
336,46	299,43077
336,72	296,84744
336,99	309,09744
337,25	317,04744
337,52	346,43077
337,78	387,1141
338,05	407,09744
338,31	460,78077
338,57	515,1141
338,84	572,68077
339,10	607,23077
339,37	592,4641
339,63	566,1641
339,90	506,68077
340,16	451,44744
340,43	395,4141
340,69	370,3641
340,96	340,7641
341,22	342,2641
341,49	306,79744
341,75	306,4141
342,01	300,68077
342,28	317,14744
342,54	341,19744
342,81	346,6141
343,07	357,28077
343,34	336,8141
343,60	340,7641
343,87	316,0141
344,13	316,89744
344,40	326,94744
344,66	346,59744
344,92	375,28077
345,19	357,83077
345,45	362,3641
345,72	364,9141
345,98	381,78077
346,25	386,08077
346,51	383,73077
346,78	379,19744
347,04	394,78077
347,30	386,4641
347,57	392,08077
347,83	383,0641
348,10	396,69744
348,36	409,99744
348,63	428,99744
348,89	432,6641
349,15	437,68077
349,42	434,03077
349,68	434,1641
349,95	440,59744
350,21	467,73077
350,48	493,8641
350,74	517,19744
351,01	518,4141
351,27	525,54744
351,53	517,73077
351,80	511,58077
352,06	515,09744
352,33	522,7641
352,59	524,64744
352,86	525,58077
353,12	537,29744
353,38	578,43077
353,65	576,98077
353,91	581,3641
354,18	587,38077
354,44	635,7641
354,70	641,63077
354,97	613,13077
355,23	576,64744
355,50	544,69744
355,76	533,78077
356,03	509,8641
356,29	523,59744
356,55	512,9141
356,82	501,8141
357,08	475,58077
357,35	469,09744
357,61	484,6141
357,87	489,58077
358,14	480,9141
358,40	456,4641
358,67	459,4141
358,93	461,54744
359,20	474,68077
359,46	466,63077
359,72	462,9641
359,99	456,09744
360,25	473,03077
360,52	494,2141
360,78	507,69744
361,04	507,64744
361,31	485,8141
361,57	463,4141
361,84	453,6641
362,10	462,53077
362,36	474,14744
362,63	483,49744
362,89	481,03077
363,16	487,8141
363,42	485,88077
363,68	479,1141
363,95	475,33077
364,21	455,84744
364,47	470,14744
364,74	471,03077
365,00	476,1141
365,27	460,23077
365,53	458,2641
365,79	475,59744
366,06	500,1141
366,32	521,03077
366,59	496,94744
366,85	489,19744
367,11	471,54744
367,38	489,24744
367,64	492,09744
367,91	496,19744
368,17	488,0641
368,43	478,23077
368,70	480,79744
368,96	478,6641
369,22	498,6641
369,49	498,13077
369,75	493,19744
370,02	475,33077
370,28	460,49744
370,54	463,3141
370,81	454,19744
371,07	453,43077
371,33	485,5141
371,60	463,18077
371,86	454,74744
372,13	421,1641
372,39	439,78077
372,65	456,63077
372,92	465,13077
373,18	482,8141
373,44	477,44744
373,71	455,13077
373,97	429,79744
374,23	431,3141
374,50	464,2641
374,76	476,54744
375,03	479,68077
375,29	470,3641
375,55	475,18077
375,82	466,3641
376,08	458,49744
376,34	481,29744
376,61	469,18077
376,87	452,18077
377,13	408,23077
377,40	419,08077
377,66	449,5641
377,92	476,98077
378,19	489,84744
378,45	488,3641
378,72	464,74744
378,98	459,34744
379,24	436,98077
379,51	447,28077
379,77	435,19744
380,03	405,43077
380,30	419,08077
380,56	419,2141
380,82	454,0641
381,09	435,33077
381,35	442,7641
381,61	431,48077
381,88	446,44744
382,14	455,88077
382,40	467,94744
382,67	454,3641
382,93	433,53077
383,19	417,1641
383,46	414,8641
383,72	426,24744
383,98	432,94744
384,25	448,08077
384,51	454,49744
384,77	453,0641
385,04	451,7641
385,30	435,38077
385,56	460,69744
385,83	478,29744
386,09	496,6141
386,35	494,38077
386,62	482,89744
386,88	498,34744
387,14	497,54744
387,41	488,88077
387,67	483,3641
387,93	482,13077
388,20	484,34744
388,46	474,28077
388,72	479,43077
388,99	484,48077
389,25	488,8641
389,51	481,5141
389,78	486,74744
390,04	504,23077
390,30	524,2641
390,56	528,58077
390,83	525,59744
391,09	542,89744
391,35	552,3141
391,62	573,64744
391,88	581,94744
392,14	603,4641
392,41	604,1141
392,67	584,53077
392,93	581,74744
393,20	564,5641
393,46	575,98077
393,72	569,8641
393,99	577,79744
394,25	585,98077
394,51	560,4641
394,77	557,89744
395,04	535,34744
395,30	550,54744
395,56	549,0141
395,83	539,6141
396,09	530,63077
396,35	534,18077
396,62	528,6641
396,88	551,09744
397,14	539,3641
397,40	588,23077
397,67	586,99744
397,93	579,63077
398,19	547,03077
398,46	533,73077
398,72	543,78077
398,98	545,54744
399,24	548,09744
399,51	550,78077
399,77	552,0641
400,03	535,54744
400,30	510,49744
400,56	533,5141
400,82	546,73077
401,08	549,2141
401,35	518,93077
401,61	525,1641
401,87	526,23077
402,14	537,98077
402,40	528,18077
402,66	547,49744
402,92	525,28077
403,19	524,08077
403,45	537,43077
403,71	554,13077
403,98	566,53077
404,24	559,7641
404,50	559,7641
404,76	575,63077
405,03	582,78077
405,29	599,54744
405,55	593,68077
405,81	610,9141
406,08	599,7641
406,34	596,9141
406,60	576,9141
406,87	578,4141
407,13	576,99744
407,39	566,1141
407,65	551,38077
407,92	535,89744
408,18	528,5641
408,44	538,2641
408,70	537,33077
408,97	551,5641
409,23	557,4141
409,49	559,04744
409,75	544,3641
410,02	531,93077
410,28	520,19744
410,54	522,9141
410,80	530,28077
411,07	545,68077
411,33	557,7141
411,59	530,73077
411,85	546,44744
412,12	553,53077
412,38	574,3141
412,64	556,34744
412,90	532,49744
413,17	529,54744
413,43	518,5141
413,69	535,93077
413,95	535,19744
414,22	538,18077
414,48	508,03077
414,74	495,34744
415,00	499,74744
415,27	510,6641
415,53	528,74744
415,79	522,7141
416,05	530,93077
416,32	533,1641
416,58	562,68077
416,84	582,4141
417,10	569,48077
417,37	556,43077
417,63	546,5141
417,89	568,48077
418,15	565,14744
418,41	560,79744
418,68	561,43077
418,94	580,4141
419,20	586,68077
419,46	608,83077
419,73	614,68077
419,99	641,74744
420,25	641,2641
420,51	700,9641
420,78	708,79744
421,04	693,68077
421,30	638,08077
421,56	649,68077
421,82	666,59744
422,09	677,83077
422,35	642,0141
422,61	629,6641
422,87	692,13077
423,14	672,49744
423,40	661,34744
423,66	553,4641
423,92	569,19744
424,18	557,79744
424,45	550,18077
424,71	529,29744
424,97	530,8141
425,23	525,23077
425,49	517,68077
425,76	523,1141
426,02	541,78077
426,28	551,08077
426,54	535,04744
426,81	526,83077
427,07	518,4641
427,33	508,04744
427,59	503,6641
427,85	499,24744
428,12	508,78077
428,38	513,49744
428,64	509,0141
428,90	498,53077
429,16	495,63077
429,43	502,03077
429,69	507,4641
429,95	511,08077
430,21	522,6141
430,47	551,49744
430,74	537,8641
431,00	529,98077
431,26	496,64744
431,52	511,3641
431,78	529,03077
432,05	558,8141
432,31	583,93077
432,57	560,53077
432,83	526,3141
433,09	491,59744
433,35	490,34744
433,62	484,13077
433,88	469,8141
434,14	464,63077
434,40	463,5141
434,66	475,09744
434,93	470,74744
435,19	478,54744
435,45	469,23077
435,71	497,14744
435,97	505,14744
436,23	507,04744
436,50	491,99744
436,76	483,89744
437,02	488,1141
437,28	473,23077
437,54	482,03077
437,81	473,09744
438,07	475,1141
438,33	462,88077
438,59	456,59744
438,85	462,4641
439,11	449,0641
439,38	474,69744
439,64	466,49744
439,90	480,43077
440,16	468,1141
440,42	470,23077
440,68	479,1641
440,95	464,64744
441,21	482,2141
441,47	490,3641
441,73	497,28077
441,99	490,04744
442,25	470,43077
442,52	481,28077
442,78	462,6641
443,04	466,9141
443,30	455,89744
443,56	475,09744
443,82	480,14744
444,08	495,4641
444,35	488,2641
444,61	482,08077
444,87	452,9141
445,13	466,3141
445,39	450,2141
445,65	466,53077
445,92	428,84744
446,18	446,0141
446,44	450,89744
446,70	480,84744
446,96	492,89744
447,22	503,3141
447,48	508,1641
447,75	510,78077
448,01	524,1141
448,27	510,54744
448,53	500,73077
448,79	491,5141
449,05	499,43077
449,31	485,23077
449,58	467,58077
449,84	460,34744
450,10	474,8641
450,36	462,8141
450,62	459,64744
450,88	450,78077
451,14	447,1141
451,41	432,5141
451,67	415,78077
451,93	424,1141
452,19	437,7641
452,45	461,63077
452,71	463,54744
452,97	444,54744
453,23	452,24744
453,50	452,19744
453,76	464,4641
454,02	449,08077
454,28	450,58077
454,54	455,84744
454,80	466,4641
455,06	466,48077
455,32	465,94744
455,59	450,9641
455,85	455,69744
456,11	460,3641
456,37	471,64744
456,63	475,49744
456,89	481,99744
457,15	500,33077
457,41	494,1141
457,68	500,09744
457,94	474,4141
458,20	478,23077
458,46	473,63077
458,72	488,0141
458,98	496,49744
459,24	498,64744
459,50	498,54744
459,76	492,9641
460,03	472,0141
460,29	474,5641
460,55	484,94744
460,81	509,7641
461,07	505,93077
461,33	528,2141
461,59	552,54744
461,85	554,09744
462,11	541,28077
462,37	534,18077
462,64	548,34744
462,90	538,09744
463,16	527,63077
463,42	537,08077
463,68	541,99744
463,94	532,7141
464,20	519,9641
464,46	515,6641
464,72	538,94744
464,98	537,7641
465,24	560,89744
465,51	555,1641
465,77	568,7641
466,03	553,93077
466,29	559,69744
466,55	555,54744
466,81	568,19744
467,07	584,5141
467,33	610,5141
467,59	652,38077
467,85	649,39744
468,11	633,33077
468,38	593,0641
468,64	604,08077
468,90	591,28077
469,16	593,59744
469,42	564,3141
469,68	559,3641
469,94	557,23077
470,20	560,5141
470,46	555,83077
470,72	544,04744
470,98	520,33077
471,24	522,64744
471,50	519,89744
471,77	530,6641
472,03	534,0641
472,29	515,98077
472,55	519,88077
472,81	529,6141
473,07	542,03077
473,33	520,39744
473,59	512,4141
473,85	506,3141
474,11	519,2141
474,37	511,2641
474,63	509,44744
474,89	532,6141
475,15	553,79744
475,41	585,19744
475,68	579,54744
475,94	572,39744
476,20	563,5641
476,46	572,4141
476,72	563,18077
476,98	570,8141
477,24	563,83077
477,50	573,93077
477,76	578,2641
478,02	596,7141
478,28	618,58077
478,54	626,14744
478,80	647,1641
479,06	672,29744
479,32	716,58077
479,58	718,79744
479,84	713,9641
480,10	692,14744
480,36	713,03077
480,63	745,44744
480,89	737,53077
481,15	728,8641
481,41	699,09744
481,67	714,73077
481,93	711,7141
482,19	708,6141
482,45	709,38077
482,71	700,99744
482,97	698,38077
483,23	695,7641
483,49	700,83077
483,75	725,08077
484,01	733,39744
484,27	735,43077
484,53	747,23077
484,79	800,0641
485,05	816,58077
485,31	830,33077
485,57	797,2141
485,83	816,9141
486,09	814,84744
486,35	834,1641
486,61	843,33077
486,87	864,79744
487,13	893,49744
487,39	930,13077
487,65	972,3641
487,91	1008,59744
488,17	1030,09744
488,43	1015,73077
488,70	995,03077
488,96	967,4641
489,22	940,84744
489,48	920,73077
489,74	906,69744
490,00	915,59744
490,26	898,69744
490,52	910,53077
490,78	898,54744
491,04	905,29744
491,30	904,84744
491,56	920,0641
491,82	917,39744
492,08	907,94744
492,34	914,84744
492,60	929,4641
492,86	934,04744
493,12	933,4141
493,38	949,24744
493,64	968,8141
493,90	964,49744
494,16	932,6641
494,42	914,49744
494,68	914,7641
494,94	945,49744
495,20	968,28077
495,46	970,29744
495,72	960,83077
495,98	945,38077
496,24	933,44744
496,50	941,68077
496,76	972,9641
497,02	1005,79744
497,28	1021,99744
497,54	1041,3141
497,80	1053,3641
498,06	1056,1141
498,32	1031,88077
498,58	1037,78077
498,84	1044,93077
499,10	1059,9141
499,36	1084,8641
499,62	1114,69744
499,88	1155,0141
500,14	1168,88077
500,40	1168,8141
500,66	1169,6141
500,92	1177,08077
501,18	1174,9641
501,44	1161,64744
501,69	1147,13077
501,95	1157,1141
502,21	1143,69744
502,47	1120,1641
502,73	1079,3141
502,99	1070,04744
503,25	1064,3641
503,51	1070,8141
503,77	1056,48077
504,03	1055,48077
504,29	1063,78077
504,55	1080,1141
504,81	1072,4141
505,07	1047,7141
505,33	1030,19744
505,59	1026,78077
505,85	1044,18077
506,11	1050,98077
506,37	1053,1141
506,63	1038,03077
506,89	1029,5141
507,15	1038,29744
507,41	1040,48077
507,67	1049,0141
507,93	1045,43077
508,19	1046,18077
508,45	1055,2641
508,71	1054,7641
508,97	1045,3141
509,23	1028,4641
509,49	1046,78077
509,74	1074,58077
510,00	1078,9641
510,26	1072,23077
510,52	1054,5141
510,78	1071,53077
511,04	1061,9641
511,30	1097,6641
511,56	1102,04744
511,82	1121,1641
512,08	1112,34744
512,34	1146,3641
512,60	1156,4141
512,86	1181,28077
513,12	1176,7141
513,38	1190,54744
513,64	1210,49744
513,90	1224,14744
514,16	1270,6141
514,42	1294,7641
514,67	1317,3141
514,93	1328,89744
515,19	1333,73077
515,45	1347,9141
515,71	1353,88077
515,97	1383,29744
516,23	1408,13077
516,49	1429,03077
516,75	1456,03077
517,01	1501,38077
517,27	1536,04744
517,53	1569,5641
517,79	1609,84744
518,05	1676,8141
518,31	1775,5641
518,56	1888,09744
518,82	2041,03077
519,08	2225,74744
519,34	2513,6141
519,60	2870,88077
519,86	3284,5141
520,12	3641,49744
520,38	3904,2641
520,64	4079,03077
520,90	4210,9141
521,16	4441,19744
521,42	4729,4641
521,68	4557,83077
521,93	3948,18077
522,19	3102,49744
522,45	2606,83077
522,71	2324,8141
522,97	2145,9641
523,23	1959,14744
523,49	1831,5141
523,75	1702,3641
524,01	1620,5641
524,27	1535,59744
524,53	1494,03077
524,79	1458,44744
525,04	1434,69744
525,30	1379,6141
525,56	1335,69744
525,82	1300,1141
526,08	1292,98077
526,34	1271,2641
526,60	1284,3141
526,86	1263,8641
527,12	1271,4641
527,38	1246,2141
527,63	1251,03077
527,89	1246,88077
528,15	1249,74744
528,41	1250,6641
528,67	1265,6141
528,93	1293,38077
529,19	1295,29744
529,45	1287,93077
529,71	1273,8641
529,97	1288,7141
530,22	1312,48077
530,48	1337,9141
530,74	1351,93077
531,00	1361,1141
531,26	1375,38077
531,52	1379,69744
531,78	1371,18077
532,04	1373,4641
532,30	1381,8641
532,55	1434,44744
532,81	1452,59744
533,07	1457,29744
533,33	1442,58077
533,59	1437,43077
533,85	1439,23077
534,11	1476,44744
534,37	1505,84744
534,62	1540,3641
534,88	1510,44744
535,14	1496,68077
535,40	1495,8641
535,66	1521,4141
535,92	1535,2641
536,18	1553,28077
536,44	1559,43077
536,69	1571,9641
536,95	1587,29744
537,21	1621,13077
537,47	1666,83077
537,73	1713,59744
537,99	1732,7141
538,25	1764,34744
538,51	1795,13077
538,76	1859,93077
539,02	1930,53077
539,28	2025,9641
539,54	2105,43077
539,80	2176,98077
540,06	2249,48077
540,32	2348,34744
540,57	2445,03077
540,83	2524,03077
541,09	2561,09744
541,35	2579,83077
541,61	2586,5641
541,87	2590,19744
542,13	2625,7141
542,38	2655,38077
542,64	2683,3141
542,90	2705,2141
543,16	2707,7141
543,42	2770,54744
543,68	2819,84744
543,94	2933,63077
544,19	3064,78077
544,45	3279,99744
544,71	3568,2641
544,97	3973,29744
545,23	4447,89744
545,49	4994,6141
545,74	5501,0141
546,00	5973,23077
546,26	6276,84744
546,52	6541,64744
546,78	6843,89744
547,04	7261,24744
547,29	7133,28077
547,55	6477,18077
547,81	5471,03077
548,07	4692,7641
548,33	4132,9641
548,59	3683,33077
548,84	3352,1141
549,10	3063,09744
549,36	2819,98077
549,62	2619,4141
549,88	2477,1641
550,14	2348,84744
550,39	2236,5641
550,65	2158,53077
550,91	2090,19744
551,17	2034,39744
551,43	1973,94744
551,69	1933,9141
551,94	1920,89744
552,20	1903,98077
552,46	1893,39744
552,72	1860,14744
552,98	1837,48077
553,24	1812,4141
553,49	1807,1141
553,75	1801,0641
554,01	1799,73077
554,27	1801,63077
554,53	1819,1141
554,78	1827,48077
555,04	1824,2641
555,30	1821,43077
555,56	1816,1641
555,82	1840,54744
556,07	1851,04744
556,33	1865,5141
556,59	1847,6141
556,85	1835,54744
557,11	1834,44744
557,37	1825,2141
557,62	1787,34744
557,88	1745,08077
558,14	1737,08077
558,40	1720,6141
558,66	1705,69744
558,91	1671,98077
559,17	1675,54744
559,43	1686,09744
559,69	1681,74744
559,95	1670,68077
560,20	1653,2641
560,46	1675,18077
560,72	1695,2641
560,98	1726,48077
561,24	1708,28077
561,49	1712,9641
561,75	1706,43077
562,01	1734,29744
562,27	1747,39744
562,52	1745,98077
562,78	1740,7641
563,04	1732,98077
563,30	1708,23077
563,56	1684,04744
563,81	1659,68077
564,07	1657,5641
564,33	1656,94744
564,59	1620,14744
564,85	1577,3641
565,10	1559,2641
565,36	1545,8141
565,62	1555,4641
565,88	1500,58077
566,13	1488,0141
566,39	1457,54744
566,65	1469,64744
566,91	1470,38077
567,17	1453,34744
567,42	1461,04744
567,68	1431,1641
567,94	1422,54744
568,20	1375,78077
568,45	1356,34744
568,71	1323,5141
568,97	1278,64744
569,23	1268,1641
569,49	1243,79744
569,74	1231,23077
570,00	1167,44744
570,26	1144,5141
570,52	1123,44744
570,77	1131,84744
571,03	1134,8641
571,29	1127,94744
571,55	1116,94744
571,80	1067,38077
572,06	1034,7141
572,32	1008,43077
572,58	1043,3641
572,83	1051,5641
573,09	1031,78077
573,35	998,0141
573,61	973,28077
573,86	971,4641
574,12	946,68077
574,38	950,63077
574,64	934,84744
574,89	943,34744
575,15	955,8141
575,41	956,79744
575,67	946,04744
575,92	912,93077
576,18	917,63077
576,44	912,09744
576,70	903,0141
576,95	876,64744
577,21	858,58077
577,47	858,7641
577,73	871,5141
577,98	869,3141
578,24	863,58077
578,50	847,9641
578,76	851,2141
579,01	837,2641
579,27	831,6141
579,53	843,93077
579,79	844,54744
580,04	840,53077
580,30	802,7141
580,56	789,74744
580,81	785,13077
581,07	798,34744
581,33	798,94744
581,59	803,3141
581,84	815,7141
582,10	829,4641
582,36	826,2141
582,62	817,53077
582,87	815,4641
583,13	839,3141
583,39	832,29744
583,64	832,79744
583,90	797,4641
584,16	795,99744
584,42	781,0141
584,67	781,3641
584,93	779,94744
585,19	778,83077
585,45	778,03077
585,70	767,24744
585,96	772,0141
586,22	769,13077
586,47	763,34744
586,73	761,13077
586,99	753,88077
587,25	766,7141
587,50	757,2641
587,76	763,79744
588,02	766,08077
588,27	788,93077
588,53	817,89744
588,79	818,53077
589,04	803,63077
589,30	814,9641
589,56	825,23077
589,82	844,63077
590,07	827,03077
590,33	808,0641
590,59	779,03077
590,84	758,58077
591,10	755,79744
591,36	758,64744
591,61	750,18077
591,87	750,29744
592,13	741,14744
592,39	737,44744
592,64	730,1141
592,90	717,44744
593,16	716,63077
593,41	721,7641
593,67	733,5641
593,93	734,69744
594,18	737,2641
594,44	747,1641
594,70	738,9641
594,95	731,78077
595,21	733,78077
595,47	731,23077
595,73	725,39744
595,98	711,7641
596,24	713,48077
596,50	697,1641
596,75	702,9141
597,01	712,49744
597,27	722,94744
597,52	718,1641
597,78	716,78077
598,04	724,34744
598,29	704,28077
598,55	705,33077
598,81	689,7641
599,06	700,54744
599,32	682,03077
599,58	700,09744
599,83	685,03077
600,09	689,8641
600,35	674,13077
600,60	679,6141
600,86	683,68077
601,12	686,59744
601,37	691,29744
601,63	673,68077
601,89	659,78077
602,14	658,28077
602,40	661,79744
602,66	664,6641
602,91	647,0641
603,17	660,14744
603,43	672,58077
603,68	695,34744
603,94	680,5141
604,20	670,1141
604,45	653,48077
604,71	654,73077
604,97	656,68077
605,22	659,6641
605,48	660,18077
605,74	665,33077
605,99	666,63077
606,25	661,0141
606,51	649,04744
606,76	632,3141
607,02	649,0641
607,27	643,13077
607,53	661,7141
607,79	657,49744
608,04	650,44744
608,30	641,88077
608,56	630,4141
608,81	657,19744
609,07	662,6141
609,33	691,9141
609,58	702,83077
609,84	709,9641
610,10	691,53077
610,35	662,48077
610,61	654,6641
610,86	640,63077
611,12	643,8641
611,38	634,8641
611,63	635,4641
611,89	636,09744
612,15	646,0141
612,40	635,3141
612,66	616,5641
612,92	593,69744
613,17	618,94744
613,43	638,18077
613,68	651,68077
613,94	631,24744
614,20	618,6641
614,45	606,19744
614,71	621,99744
614,97	610,7141
615,22	614,38077
615,48	601,93077
615,73	616,13077
615,99	621,3141
616,25	623,9641
616,50	633,14744
616,76	628,9641
617,01	630,48077
617,27	602,6141
617,53	604,2141
617,78	619,79744
618,04	642,2641
618,30	649,7641
618,55	616,6641
618,81	612,59744
619,06	594,14744
619,32	600,93077
619,58	593,9141
619,83	600,29744
620,09	592,44744
620,34	590,7641
620,60	582,6141
620,86	579,69744
621,11	580,3141
621,37	599,24744
621,62	602,7641
621,88	587,79744
622,14	560,84744
622,39	569,3641
622,65	579,98077
622,90	584,03077
623,16	587,2141
623,42	590,64744
623,67	583,73077
623,93	589,33077
624,18	586,68077
624,44	617,0641
624,70	622,3141
624,95	617,0641
625,21	609,94744
625,46	589,3641
625,72	606,08077
625,98	583,8641
626,23	591,48077
626,49	565,83077
626,74	579,5141
627,00	578,0141
627,25	586,3641
627,51	592,58077
627,77	582,8641
628,02	568,38077
628,28	561,28077
628,53	563,49744
628,79	581,8641
629,04	569,49744
629,30	568,09744
629,56	575,43077
629,81	573,69744
630,07	575,39744
630,32	562,73077
630,58	594,8141
630,83	592,39744
631,09	588,9141
631,35	566,29744
631,60	570,64744
631,86	585,5641
632,11	590,7641
632,37	572,69744
632,62	554,93077
632,88	545,7641
633,14	552,84744
633,39	555,93077
633,65	582,58077
633,90	601,18077
634,16	599,69744
634,41	573,6641
634,67	564,13077
634,93	578,64744
635,18	586,9641
635,44	570,64744
635,69	555,64744
635,95	559,34744
636,20	585,49744
636,46	583,79744
636,71	578,7641
636,97	567,84744
637,22	573,4641
637,48	562,63077
637,74	557,24744
637,99	560,28077
638,25	570,39744
638,50	564,9641
638,76	568,14744
639,01	556,23077
639,27	551,79744
639,52	548,1641
639,78	555,18077
640,03	558,89744
640,29	548,63077
640,55	550,44744
640,80	549,68077
641,06	543,58077
641,31	556,73077
641,57	557,63077
641,82	573,64744
642,08	568,43077
642,33	574,89744
642,59	580,04744
642,84	580,68077
643,10	571,8641
643,35	558,78077
643,61	551,73077
643,87	558,6641
644,12	560,49744
644,38	548,79744
644,63	550,93077
644,89	564,14744
645,14	574,24744
645,40	568,6141
645,65	570,38077
645,91	567,54744
646,16	584,88077
646,42	583,1641
646,67	579,53077
646,93	566,13077
647,18	566,04744
647,44	570,74744
647,69	567,33077
647,95	551,7141
648,20	548,89744
648,46	549,14744
648,71	555,84744
648,97	559,58077
649,22	560,13077
649,48	558,5141
649,73	553,9641
649,99	551,44744
650,24	567,43077
650,50	579,73077
650,75	588,6641
651,01	582,08077
651,26	582,09744
651,52	577,54744
651,77	569,84744
652,03	570,2641
652,28	567,3641
652,54	587,24744
652,79	607,53077
653,05	624,09744
653,30	623,53077
653,56	604,98077
653,81	608,6141
654,07	612,98077
654,32	623,19744
654,58	624,09744
654,83	638,84744
655,09	631,98077
655,34	638,28077
655,60	631,63077
655,85	644,63077
656,11	670,83077
656,36	684,38077
656,62	687,19744
656,87	670,54744
657,13	643,89744
657,38	649,2641
657,64	657,88077
657,89	675,33077
658,15	650,98077
658,40	619,13077
658,66	611,39744
658,91	607,84744
659,17	608,54744
659,42	601,38077
659,68	601,8641
659,93	583,93077
660,19	569,3641
660,44	578,69744
660,70	599,39744
660,95	602,1141
661,20	589,44744
661,46	581,03077
661,71	580,5641
661,97	573,2641
662,22	575,9141
662,48	577,5641
662,73	576,73077
662,99	581,5641
663,24	581,28077
663,50	571,94744
663,75	560,78077
664,01	533,04744
664,26	550,09744
664,52	535,83077
664,77	551,43077
665,02	549,49744
665,28	552,09744
665,53	542,08077
665,79	539,4641
666,04	540,19744
666,30	533,6141
666,55	525,48077
666,81	505,49744
667,06	510,69744
667,32	510,78077
667,57	515,39744
667,82	509,39744
668,08	507,38077
668,33	506,28077
668,59	500,43077
668,84	506,9641
669,10	501,29744
669,35	558,08077
669,61	524,83077
669,86	538,2141
670,11	474,73077
670,37	490,6641
670,62	488,13077
670,88	499,78077
671,13	480,49744
671,39	459,0141
671,64	444,0641
671,90	454,5141
672,15	461,84744
672,40	458,64744
672,66	444,74744
672,91	451,63077
673,17	454,39744
673,42	466,2141
673,68	458,63077
673,93	455,19744
674,18	458,4641
674,44	451,29744
674,69	459,19744
674,95	463,28077
675,20	467,58077
675,46	462,89744
675,71	446,64744
675,96	458,08077
676,22	449,54744
676,47	459,44744
676,73	453,33077
676,98	456,79744
677,23	463,88077
677,49	473,74744
677,74	495,49744
678,00	479,23077
678,25	475,5141
678,51	475,9141
678,76	470,2641
679,01	472,2141
679,27	455,59744
679,52	459,99744
679,78	457,08077
680,03	463,74744
680,28	468,3641
680,54	460,5641
680,79	445,7641
681,05	446,69744
681,30	440,38077
681,55	446,7141
681,81	446,04744
682,06	468,6641
682,32	479,14744
682,57	491,2641
682,82	477,2641
683,08	466,9641
683,33	441,19744
683,59	453,5141
683,84	443,39744
684,09	454,33077
684,35	443,24744
684,60	458,03077
684,86	458,48077
685,11	475,6141
685,36	476,0141
685,62	488,5141
685,87	450,13077
686,13	435,4141
686,38	407,24744
686,63	428,8141
686,89	445,24744
687,14	478,28077
687,40	467,93077
687,65	465,5141
687,90	444,13077
688,16	439,23077
688,41	424,3641
688,66	415,0141
688,92	415,53077
689,17	404,7641
689,43	395,1641
689,68	398,6641
689,93	406,6141
690,19	410,34744
690,44	393,04744
690,69	379,5641
690,95	379,58077
691,20	390,24744
691,46	386,9641
691,71	396,44744
691,96	399,58077
692,22	407,8641
692,47	394,78077
692,72	383,13077
692,98	382,24744
693,23	392,24744
693,49	405,34744
693,74	407,59744
693,99	407,68077
694,25	399,98077
694,50	398,1641
694,75	390,69744
695,01	366,89744
695,26	367,64744
695,51	365,79744
695,77	366,13077
696,02	357,74744
696,27	352,1641
696,53	367,59744
696,78	374,79744
697,04	380,78077
697,29	370,34744
697,54	362,53077
697,80	349,59744
698,05	354,2641
698,30	345,3141
698,56	341,78077
698,81	338,69744
699,06	343,73077
699,32	341,99744
699,57	340,5141
699,82	352,08077
700,08	345,78077
700,33	338,5641
700,58	321,2141
700,84	320,49744
701,09	311,59744
701,34	308,18077
701,60	314,99744
701,85	320,58077
702,10	326,4141
702,36	333,19744
702,61	324,4141
702,86	311,83077
703,12	288,53077
703,37	295,54744
703,62	289,64744
703,88	288,38077
704,13	276,29744
704,38	280,89744
704,64	307,6641
704,89	314,63077
705,14	335,59744
705,40	327,38077
705,65	326,0141
705,90	303,9641
706,16	282,28077
706,41	289,23077
706,66	288,68077
706,92	292,63077
707,17	297,4641
707,42	320,24744
707,68	307,7641
707,93	295,2641
708,18	281,9141
708,44	311,68077
708,69	321,6641
708,94	317,98077
709,19	304,64744
709,45	308,9141
709,70	296,08077
709,95	291,54744
710,21	265,2641
710,46	260,28077
710,71	277,63077
710,97	277,79744
711,22	286,7641
711,47	259,44744
711,73	266,73077
711,98	262,5141
712,23	263,43077
712,48	255,79744
712,74	255,0141
712,99	251,59744
713,24	242,03077
713,50	239,14744
713,75	261,18077
714,00	277,4641
714,26	274,34744
714,51	260,03077
714,76	259,99744
715,01	258,5141
715,27	279,43077
715,52	275,64744
715,77	289,7641
716,03	272,6641
716,28	275,9141
716,53	285,18077
716,78	284,24744
717,04	286,69744
717,29	281,2141
717,54	285,4141
717,80	272,39744
718,05	265,88077
718,30	253,63077
718,55	263,13077
718,81	254,78077
719,06	264,53077
719,31	258,2141
719,57	246,9641
719,82	238,94744
720,07	240,39744
720,32	241,09744
720,58	246,33077
720,83	241,7141
721,08	247,44744
721,33	240,2141
721,59	252,69744
721,84	260,99744
722,09	271,29744
722,35	263,99744
722,60	252,24744
722,85	247,2641
723,10	236,7141
723,36	237,98077
723,61	225,28077
723,86	233,59744
724,11	244,04744
724,37	237,33077
724,62	230,34744
724,87	216,2141
725,12	218,98077
725,38	216,0141
725,63	214,43077
725,88	208,4641
726,13	208,0641
726,39	191,79744
726,64	211,3641
726,89	211,1641
727,14	219,89744
727,40	212,9141
727,65	218,6141
727,90	235,3641
728,15	239,53077
728,41	227,2141
728,66	227,38077
728,91	213,93077
729,16	221,39744
729,42	220,63077
729,67	228,99744
729,92	210,34744
730,17	199,99744
730,43	202,1641
730,68	225,09744
730,93	227,7141
731,18	220,8641
731,44	213,4641
731,69	207,2641
731,94	211,19744
732,19	220,09744
732,45	226,6641
732,70	238,89744
732,95	223,1641
733,20	207,59744
733,45	197,99744
733,71	208,58077
733,96	207,59744
734,21	210,43077
734,46	204,9641
734,72	214,0141
734,97	207,73077
735,22	202,88077
735,47	204,43077
735,72	199,63077
735,98	196,5141
736,23	195,39744
736,48	202,19744
736,73	210,13077
736,99	202,5641
737,24	199,58077
737,49	193,69744
737,74	198,9641
737,99	217,6641
738,25	220,04744
738,50	219,39744
738,75	189,33077
739,00	192,64744
739,25	199,28077
739,51	199,7141
739,76	201,5641
740,01	204,09744
740,26	213,69744
740,52	219,54744
740,77	240,89744
741,02	243,63077
741,27	235,7141
741,52	219,03077
741,78	222,04744
742,03	227,63077
742,28	227,04744
742,53	235,63077
742,78	251,99744
743,04	271,79744
743,29	287,9141
743,54	298,43077
743,79	285,2641
744,04	267,88077
744,30	264,4141
744,55	273,94744
744,80	296,68077
745,05	292,83077
745,30	292,24744
745,55	271,43077
745,81	293,08077
746,06	303,09744
746,31	321,99744
746,56	310,43077
746,81	315,03077
747,07	320,04744
747,32	325,09744
747,57	340,8641
747,82	342,74744
748,07	343,69744
748,32	304,24744
748,58	282,53077
748,83	251,39744
749,08	250,98077
749,33	243,33077
749,58	243,68077
749,84	237,43077
750,09	216,74744
750,34	204,3641
750,59	204,53077
750,84	197,74744
751,09	216,64744
751,35	207,99744
751,60	217,18077
751,85	184,68077
752,10	165,8641
752,35	175,6141
752,60	182,8141
752,86	192,54744
753,11	169,24744
753,36	158,39744
753,61	154,4141
753,86	147,18077
754,11	150,04744
754,37	134,48077
754,62	135,18077
754,87	135,3641
755,12	156,83077
755,37	166,69744
755,62	168,49744
755,87	145,83077
756,13	135,28077
756,38	134,54744
756,63	151,58077
756,88	175,78077
757,13	170,74744
757,38	172,4141
757,64	144,59744
757,89	143,53077
758,14	155,09744
758,39	155,1141
758,64	175,59744
758,89	160,84744
759,14	178,28077
759,40	170,29744
759,65	167,23077
759,90	159,69744
760,15	148,59744
760,40	131,2641
760,65	125,3641
760,90	126,09744
761,15	134,73077
761,41	144,9641
761,66	140,28077
761,91	151,78077
762,16	136,4141
762,41	154,99744
762,66	143,2641
762,91	152,34744
763,17	144,64744
763,42	150,18077
763,67	158,68077
763,92	159,63077
764,17	163,43077
764,42	150,58077
764,67	156,19744
764,92	169,03077
765,18	173,29744
765,43	159,89744
765,68	167,09744
765,93	183,3141
766,18	191,43077
766,43	184,73077
766,68	189,04744
766,93	194,74744
767,18	208,2641
767,44	238,88077
767,69	292,18077
767,94	372,54744
768,19	418,7641
768,44	444,49744
768,69	436,69744
768,94	441,28077
769,19	445,44744
769,44	471,24744
769,70	449,39744
769,95	421,79744
770,20	360,54744
770,45	333,8141
770,70	305,14744
770,95	269,18077
771,20	228,14744
771,45	222,4141
771,70	208,28077
771,95	201,3141
772,21	195,6641
772,46	194,98077
772,71	198,94744
772,96	186,1141
773,21	183,5641
773,46	194,59744
773,71	195,09744
773,96	184,84744
774,21	178,0641
774,46	179,99744
774,72	194,4141
774,97	192,73077
775,22	187,89744
775,47	200,23077
775,72	225,83077
775,97	279,68077
776,22	333,7141
776,47	413,59744
776,72	459,48077
776,97	480,8641
777,22	454,04744
777,47	443,49744
777,73	434,54744
777,98	453,78077
778,23	435,4641
778,48	396,98077
778,73	320,8141
778,98	275,98077
779,23	250,03077
779,48	233,89744
779,73	199,53077
779,98	171,03077
780,23	162,29744
780,48	159,14744
780,73	167,73077
780,98	171,5641
781,24	169,34744
781,49	149,89744
781,74	128,64744
781,99	124,13077
782,24	124,4641
782,49	125,2141
782,74	122,8141
782,99	126,4641
783,24	124,99744
783,49	128,99744
783,74	124,9141
783,99	140,18077
784,24	130,7641
784,49	127,39744
784,74	119,5641
784,99	129,4141
785,24	116,89744
785,49	93,78077
785,75	113,18077
786,00	143,6141
786,25	147,98077
786,50	123,49744
786,75	97,49744
787,00	118,88077
787,25	119,28077
787,50	129,54744
787,75	118,03077
788,00	136,33077
788,25	113,6141
788,50	103,78077
788,75	86,2141
789,00	91,8141
789,25	85,5641
789,50	69,94744
789,75	71,99744
790,00	87,7141
790,25	93,7141
790,50	127,2141
790,75	142,73077
791,00	145,49744
791,25	134,23077
791,50	112,4141
791,75	112,18077
792,01	119,99744
792,26	123,08077
792,51	134,7641
792,76	109,9141
793,01	109,49744
793,26	82,34744
793,51	93,09744
793,76	100,9141
794,01	131,18077
794,26	138,44744
794,51	143,28077
794,76	133,7141
795,01	140,34744
795,26	143,54744
795,51	153,89744
795,76	143,58077
796,01	148,39744
796,26	147,44744
796,51	140,63077
796,76	122,28077
797,01	100,84744
797,26	105,8641
797,51	94,78077
797,76	115,34744
798,01	111,69744
798,26	135,39744
798,51	122,39744
798,76	108,53077
799,01	99,84744
799,26	89,94744
799,51	95,0641
799,76	88,9141
800,01	108,68077
800,26	101,49744
800,51	106,24744
800,76	94,38077
801,01	101,4641
801,26	90,7641
801,51	86,3141
801,76	84,59744
802,01	82,19744
802,26	89,83077
802,51	102,68077
802,76	109,5141
803,01	102,9141
803,26	78,18077
803,51	74,1641
803,76	77,64744
804,01	92,78077
804,26	85,49744
804,51	73,53077
804,76	64,33077
805,01	67,3641
805,26	65,9141
805,51	67,08077
805,76	58,54744
806,01	96,03077
806,26	105,98077
806,51	112,48077
806,76	69,04744
807,01	53,53077
807,26	52,4641
807,51	51,28077
807,76	52,0641
808,01	59,69744
808,26	72,6141
808,50	76,1141
808,75	73,1641
809,00	68,8641
809,25	77,48077
809,50	71,9141
809,75	78,7141
810,00	73,6141
810,25	68,38077
810,50	74,5641
810,75	76,8141
811,00	93,99744
811,25	89,1641
811,50	103,29744
811,75	104,13077
812,00	96,6641
812,25	81,2641
812,50	52,33077
812,75	50,1141
813,00	49,94744
813,25	62,19744
813,50	64,5141
813,75	57,38077
814,00	63,1641
814,25	64,8641
814,50	86,33077
814,74	83,0641
814,99	99,0141
815,24	77,88077
815,49	83,2141
815,74	71,1141
815,99	91,8141
816,24	99,94744
816,49	104,54744
816,74	116,73077
816,99	109,48077
817,24	119,8141
817,49	87,4141
817,74	112,18077
817,99	104,1641
818,24	121,93077
818,49	123,89744
818,74	134,04744
818,98	151,44744
819,23	144,38077
819,48	172,68077
819,73	164,58077
819,98	180,39744
820,23	147,8641
820,48	162,03077
820,73	165,94744
820,98	186,2641
821,23	182,0641
821,48	172,8641
821,73	174,44744
821,98	184,44744
822,23	189,3641
822,47	208,59744
822,72	200,63077
822,97	198,0641
823,22	180,08077
823,47	173,2141
823,72	171,2641
823,97	171,08077
824,22	177,78077
824,47	163,6141
824,72	147,34744
824,97	132,73077
825,22	133,4641
825,46	132,53077
825,71	139,03077
825,96	148,3141
826,21	172,69744
826,46	215,2141
826,71	269,14744
826,96	315,13077
827,21	305,39744
827,46	281,79744
827,71	266,73077
827,96	278,94744
828,20	283,9641
828,45	258,24744
828,70	225,23077
828,95	185,49744
829,20	160,53077
829,45	139,24744
829,70	128,08077
829,95	115,84744
830,20	105,03077
830,45	115,1141
830,69	111,5141
830,94	108,49744
831,19	98,48077
831,44	82,63077
831,69	88,64744
831,94	78,84744
832,19	92,0641
832,44	74,6141
832,69	72,04744
832,93	71,5141
833,18	86,53077
833,43	79,1141
833,68	66,4141
833,93	65,8141
834,18	74,58077
834,43	81,39744
834,68	70,58077
834,92	56,74744
835,17	59,89744
835,42	69,89744
835,67	87,44744
835,92	75,53077
836,17	63,69744
836,42	50,1141
836,67	35,0641
836,91	49,79744
837,16	56,09744
837,41	58,3641
837,66	71,24744
837,91	87,74744
838,16	98,8641
838,41	81,9641
838,66	56,48077
838,90	69,34744
839,15	62,08077
839,40	70,53077
839,65	53,83077
839,90	48,14744
840,15	54,7641
840,40	47,14744
840,64	62,4641
840,89	43,63077
841,14	60,84744
841,39	49,68077
841,64	51,6641
841,89	53,54744
842,14	38,14744
842,38	68,53077
842,63	72,5641
842,88	80,24744
843,13	54,28077
843,38	58,83077
843,63	73,98077
843,87	100,83077
844,12	94,7141
844,37	97,74744
844,62	88,0141
844,87	92,39744
845,12	102,68077
845,37	94,6641
845,61	85,9141
845,86	64,58077
846,11	62,4641
846,36	53,78077
846,61	59,18077
846,86	59,19744
847,10	65,0141
847,35	77,6641
847,60	72,84744
847,85	68,64744
848,10	53,09744
848,35	54,4641
848,59	60,44744
848,84	45,03077
849,09	52,49744
849,34	44,33077
849,59	54,43077
849,84	29,04744
850,08	35,99744
850,33	27,29744
850,58	33,5641
850,83	36,9641
851,08	29,9141
851,32	23,74744
851,57	19,84744
851,82	45,34744
852,07	51,74744
852,32	63,73077
852,57	38,29744
852,81	55,99744
853,06	34,6641
853,31	52,3641
853,56	35,4641
853,81	35,1641
854,05	36,1141
854,30	31,4141
854,55	34,39744
854,80	25,0641
855,05	61,29744
855,29	60,9641
855,54	67,64744
855,79	38,93077
856,04	36,98077
856,29	34,9641
856,53	45,33077
856,78	43,88077
857,03	31,64744
857,28	28,14744
857,53	33,0641
857,77	55,9641
858,02	44,34744
858,27	42,49744
858,52	32,64744
858,77	27,33077
859,01	25,08077
859,26	23,88077
859,51	38,9141
859,76	30,5141
860,01	29,5641
860,25	22,03077
860,50	40,23077
860,75	39,64744
861,00	53,58077
861,25	52,33077
861,49	53,64744
861,74	45,6141
861,99	30,5141
862,24	32,14744
862,48	36,3141
862,73	46,4641
862,98	44,8641
863,23	55,94744
863,48	66,83077
863,72	85,3141
863,97	93,4641
864,22	93,98077
864,47	65,2141
864,71	41,4641
864,96	45,33077
865,21	52,04744
865,46	46,14744
865,70	30,7641
865,95	20,89744
866,20	32,2641
866,45	55,1641
866,70	79,1141
866,94	102,69744
867,19	92,08077
867,44	109,14744
867,69	116,5641
867,93	126,6641
868,18	131,69744
868,43	130,44744
868,68	137,53077
868,92	126,23077
869,17	103,53077
869,42	103,14744
869,67	89,9641
869,91	83,79744
870,16	57,5141
870,41	64,18077
870,66	75,03077
870,90	94,33077
871,15	85,74744
871,40	70,93077
871,65	52,93077
871,89	56,64744
872,14	57,04744
872,39	55,9641
872,64	48,94744
872,88	40,5141
873,13	28,04744
873,38	13,7141
873,63	34,5141
873,87	38,2141
874,12	22,6641
874,37	-2,9859
874,62	-0,4859
874,86	11,03077
875,11	17,1141
875,36	17,8641
875,60	13,19744
875,85	18,5641
876,10	22,7141
876,35	35,54744
876,59	28,98077
876,84	18,2141
877,09	19,99744
877,34	26,2141
877,58	22,24744
877,83	15,49744
878,08	8,4641
878,32	9,09744
878,57	1,14744
878,82	13,3641
879,07	12,14744
879,31	16,8141
879,56	8,79744
879,81	7,3141
880,06	1,13077
880,30	-8,66923
880,55	19,5641
880,80	29,53077
881,04	34,74744
881,29	39,4641
881,54	47,64744
881,79	43,59744
882,03	5,43077
882,28	11,89744
882,53	18,39744
882,77	38,5641
883,02	25,19744
883,27	25,29744
883,51	10,19744
883,76	14,2141
884,01	22,13077
884,26	16,7141
884,50	8,8141
884,75	-12,51923
885,00	-4,8359
885,24	-4,1359
885,49	-0,76923
885,74	18,3641
885,98	1,44744
886,23	-4,5859
886,48	-15,2359
886,73	13,23077
886,97	30,2641
887,22	15,53077
887,47	-6,81923
887,71	-19,81923
887,96	-18,8859
888,21	-2,61923
888,45	6,7141
888,70	23,73077
888,95	7,88077
889,19	0,28077
889,44	-8,2859
889,69	2,93077
889,93	-10,9359
890,18	0,04744
890,43	5,34744
890,67	24,38077
890,92	0,9641
891,17	10,08077
891,42	20,53077
891,66	49,04744
891,91	42,98077
892,16	39,1141
892,40	40,78077
892,65	33,83077
892,90	24,0141
893,14	9,34744
893,39	9,93077
893,64	6,4641
893,88	-11,35256
894,13	4,98077
894,38	17,29744
894,62	21,6641
894,87	-3,81923
895,12	-23,80256
895,36	-15,5359
895,61	-12,1359
895,86	-4,10256
896,10	-10,05256
896,35	-16,45256
896,60	-28,8359
896,84	-31,15256
897,09	-20,76923
897,33	-3,2359
897,58	-0,35256
897,83	1,43077
898,07	-2,41923
898,32	3,34744
898,57	7,5641
898,81	19,89744
899,06	31,5141
899,31	55,19744
899,55	52,0141
899,80	29,14744
900,05	-2,3359
900,29	-13,70256
900,54	12,1641
900,79	10,23077
901,03	11,98077
901,28	-0,41923
901,52	16,4641
901,77	33,08077
902,02	41,94744
902,26	16,68077
902,51	3,1141
902,76	-23,4859
903,00	-3,76923
903,25	-9,96923
903,50	8,83077
903,74	-1,21923
903,99	-0,0859
904,23	5,53077
904,48	13,39744
904,73	34,09744
904,97	35,48077
905,22	46,03077
905,47	32,18077
905,71	38,6641
905,96	29,54744
906,20	40,09744
906,45	28,33077
906,70	25,64744
906,94	14,7641
907,19	10,4641
907,44	-1,45256
907,68	-12,6859
907,93	-11,06923
908,17	-24,90256
908,42	-12,11923
908,67	-25,01923
908,91	5,33077
909,16	13,29744
909,40	15,53077
909,65	-2,0359
909,90	-11,85256
910,14	-8,31923
910,39	-17,10256
910,63	-12,20256
910,88	1,2641
911,13	32,03077
911,37	30,1641
911,62	14,53077
911,86	-4,7859
912,11	-5,11923
912,36	6,18077
912,60	7,6641
912,85	18,24744
913,09	16,7141
913,34	29,3141
913,59	-1,26923
913,83	6,14744
914,08	-11,41923
914,32	17,48077
914,57	12,59744
914,82	27,43077
915,06	18,0141
915,31	11,08077
915,55	12,63077
915,80	23,3141
916,05	16,59744
916,29	-5,0359
916,54	-23,75256
916,78	-6,90256
917,03	10,9141
917,27	14,53077
917,52	-0,7359
917,77	-0,9859
918,01	2,1641
918,26	-4,15256
918,50	-15,40256
918,75	-20,30256
919,00	-15,8359
919,24	-15,71923
919,49	-26,9859
919,73	-15,1359
919,98	-18,2859
920,22	-4,15256
920,47	-13,26923
920,72	-16,1359
920,96	-22,91923
921,21	-20,8359
921,45	-11,61923
921,70	-16,76923
921,94	-8,80256
922,19	-1,91923
922,43	4,29744
922,68	25,4141
922,93	26,78077
923,17	21,98077
923,42	-15,4859
923,66	-20,10256
923,91	-19,46923
924,15	-7,00256
924,40	-6,40256
924,64	-6,15256
924,89	-11,16923
925,14	-14,60256
925,38	-11,5359
925,63	4,68077
925,87	14,63077
926,12	28,33077
926,36	13,69744
926,61	2,2141
926,85	73,2141
927,10	67,84744
927,35	65,19744
927,59	-5,15256
927,84	-10,4359
928,08	2,5641
928,33	-9,96923
928,57	3,43077
928,82	7,03077
929,06	11,8641
929,31	12,2641
929,55	2,29744
929,80	8,83077
930,04	4,13077
930,29	4,24744
930,54	-2,61923
930,78	-3,71923
931,03	-13,86923
931,27	-2,2359
931,52	-0,4859
931,76	5,69744
932,01	-19,70256
932,25	-26,55256
932,50	-8,1859
932,74	-0,8359
932,99	24,79744
933,23	4,9141
933,48	14,04744
933,72	-1,7859
933,97	-8,6359
934,21	15,48077
934,46	29,6141
934,70	49,63077
934,95	22,59744
935,19	-6,7359
935,44	-20,9859
935,68	-19,35256
935,93	-4,6359
936,18	1,04744
936,42	-2,11923
936,67	-9,9859
936,91	-2,9859
937,16	21,7641
937,40	19,69744
937,65	-3,85256
937,89	-25,86923
938,14	-23,65256
938,38	-9,1859
938,63	-1,36923
938,87	2,38077
939,12	12,5641
939,36	33,14744
939,61	41,2641
939,85	27,94744
940,10	-8,75256
940,34	-8,0859
940,59	-7,86923
940,83	-11,90256
941,08	-10,0859
941,32	-1,60256
941,57	20,2641
941,81	-0,06923
942,06	-6,46923
942,30	-15,2359
942,55	-0,80256
942,79	-13,51923
943,03	-12,6859
943,28	-7,80256
943,52	25,38077
943,77	12,13077
944,01	-9,60256
944,26	-43,15256
944,50	-45,15256
944,75	-13,6859
944,99	6,58077
945,24	13,84744
945,48	12,64744
945,73	63,7141
945,97	58,89744
946,22	38,43077
946,46	-19,90256
946,71	-0,60256
946,95	2,79744
947,20	-8,4859
947,44	-21,65256
947,69	-17,21923
947,93	-12,65256
948,17	-18,00256
948,42	-30,06923
948,66	-21,2859
948,91	-27,00256
949,15	-29,3859
949,40	-40,5359
949,64	-26,66923
949,89	-18,9859
950,13	-14,50256
950,38	-27,46923
950,62	-21,51923
950,87	-13,26923
951,11	7,7141
951,35	-1,5359
951,60	-5,25256
951,84	-20,01923
952,09	-16,46923
952,33	-16,20256
952,58	-4,20256
952,82	-19,16923
953,07	-27,16923
953,31	-24,85256
953,56	-7,80256
953,80	-5,7359
954,04	-36,60256
954,29	-57,21923
954,53	-63,3359
954,78	-52,0359
955,02	-38,15256
955,27	-31,55256
955,51	-26,05256
955,76	-26,46923
956,00	-24,4859
956,24	-28,65256
956,49	-21,25256
956,73	-14,8359
956,98	-8,35256
957,22	9,24744
957,47	20,09744
957,71	10,99744
957,95	2,18077
958,20	-4,35256
958,44	16,18077
958,69	0,9641
958,93	-3,2859
959,18	-12,7859
959,42	2,98077
959,66	-5,9859
959,91	-16,56923
960,15	-34,2859
960,40	-32,15256
960,64	-25,50256
960,89	-12,16923
961,13	95,79744
961,37	109,99744
961,62	113,0641
961,86	12,7641
962,11	13,04744
962,35	-8,00256
962,59	-12,7359
962,84	-39,90256
963,08	-21,1359
963,33	-19,1859
963,57	-8,56923
963,81	-19,65256
964,06	-19,15256
964,30	-2,30256
964,55	-19,76923
964,79	5,08077
965,04	5,83077
965,28	16,1641
965,52	-7,80256
965,77	-19,76923
966,01	-9,61923
966,26	-11,91923
966,50	-6,8859
966,74	-1,06923
966,99	6,94744
967,23	5,9641
967,48	-4,61923
967,72	-12,46923
967,96	-26,7359
968,21	-15,70256
968,45	-18,8359
968,69	-6,90256
968,94	4,34744
969,18	-3,3859
969,43	-18,31923
969,67	-33,25256
969,91	-15,1859
970,16	0,4141
970,40	-5,0359
970,65	-12,8859
970,89	-34,51923
971,13	-29,96923
971,38	-30,2359
971,62	7,64744
971,86	4,74744
972,11	10,23077
972,35	-16,10256
972,60	-6,41923
972,84	1,14744
973,08	3,08077
973,33	-7,71923
973,57	-10,00256
973,81	0,99744
974,06	0,5641
974,30	-15,7859
974,55	-14,21923
974,79	-1,40256
975,03	8,38077
975,28	0,94744
975,52	-19,35256
975,76	-18,7859
976,01	-21,61923
976,25	-7,21923
976,50	-9,95256
976,74	1,2641
976,98	5,29744
977,23	0,53077
977,47	0,3141
977,71	-6,0359
977,96	-16,95256
978,20	-38,10256
978,44	-47,21923
978,69	-20,75256
978,93	-8,2859
979,17	-3,1859
979,42	-10,61923
979,66	-13,00256
979,90	-3,2359
980,15	17,5141
980,39	23,23077
980,64	4,89744
980,88	-0,95256
981,12	-0,15256
981,37	0,9141
981,61	-8,80256
981,85	-24,3359
982,10	-14,65256
982,34	-40,61923
982,58	-27,76923
982,83	-45,71923
983,07	-41,36923
983,31	-45,4359
983,56	-41,70256
983,80	-29,71923
984,04	-25,35256
984,29	-2,81923
984,53	-0,7859
984,77	-2,25256
985,02	-4,16923
985,26	-22,96923
985,50	-2,40256
985,75	-14,70256
985,99	4,7641
986,23	-17,65256
986,48	-13,1359
986,72	-17,1359
986,96	-1,4859
987,20	-0,4859
987,45	-5,80256
987,69	-29,90256
987,93	-20,45256
988,18	-3,01923
988,42	11,49744
988,66	6,1141
988,91	-11,9859
989,15	-16,7859
989,39	-27,70256
989,64	-31,06923
989,88	-29,56923
990,12	-25,1359
990,37	-14,70256
990,61	-13,11923
990,85	-21,55256
991,10	-30,86923
991,34	-33,8859
991,58	-28,85256
991,82	-28,45256
992,07	-27,95256
992,31	-20,50256
992,55	-28,56923
992,80	-35,40256
993,04	-28,81923
993,28	0,53077
993,53	6,0641
993,77	-3,45256
994,01	-31,1859
994,25	-33,1859
994,50	-25,6359
994,74	-9,31923
994,98	-11,26923
995,23	-18,7859
995,47	-15,56923
995,71	-18,31923
995,95	-18,31923
996,20	-8,7859
996,44	0,8141
996,68	-4,75256
996,93	-23,0359
997,17	-24,20256
997,41	-14,36923
997,65	-22,3859
997,90	-31,31923
998,14	-39,46923
998,38	-25,8359
998,63	-22,91923
998,87	-23,2859
999,11	-34,7859
999,35	-33,05256
999,60	-36,76923
999,84	-31,20256
1000,08	-5,2359
1000,32	6,78077
1000,57	7,4141
1000,81	5,44744
1001,05	4,24744
1001,30	13,48077
1001,54	-5,91923
1001,78	10,04744
1002,02	6,04744
1002,27	12,54744
1002,51	-11,8359
1002,75	-11,6359
1002,99	-24,60256
1003,24	-26,91923
1003,48	-26,0859
1003,72	-37,70256
1003,96	-29,11923
1004,21	-24,41923
1004,45	2,2641
1004,69	5,14744
1004,93	0,6141
1005,18	-2,51923
1005,42	3,0141
1005,66	-9,21923
1005,90	-21,1359
1006,15	-39,9359
1006,39	-22,20256
1006,63	-0,9359
1006,87	15,7641
1007,12	9,4641
1007,36	6,4141
1007,60	9,73077
1007,84	0,04744
1008,09	-8,51923
1008,33	-25,20256
1008,57	-15,3859
1008,81	-10,96923
1009,06	-9,20256
1009,30	-11,6359
1009,54	-9,8859
1009,78	-1,41923
1010,03	-2,05256
1010,27	-18,06923
1010,51	-16,31923
1010,75	-19,46923
1010,99	-5,20256
1011,24	-6,01923
1011,48	23,84744
1011,72	15,28077
1011,96	24,84744
1012,21	2,89744
1012,45	3,1141
1012,69	-6,20256
1012,93	-14,66923
1013,18	-8,5859
1013,42	-10,75256
1013,66	-3,45256
1013,90	-16,35256
1014,14	-20,20256
1014,39	-14,9359
1014,63	-11,90256
1014,87	0,99744
1015,11	-14,46923
1015,35	-31,50256
1015,60	-19,15256
1015,84	-7,5859
1016,08	0,8141
1016,32	-17,56923
1016,57	-28,71923
1016,81	-22,61923
1017,05	-19,75256
1017,29	-8,50256
1017,53	-7,75256
1017,78	-11,26923
1018,02	-24,40256
1018,26	-11,8359
1018,50	-19,4859
1018,74	-1,56923
1018,99	-17,66923
1019,23	-19,95256
1019,47	-34,7859
1019,71	-22,0359
1019,95	-10,01923
1020,20	-10,65256
1020,44	-21,11923
1020,68	-21,4859
1020,92	-1,5359
1021,16	-1,45256
1021,41	-3,36923
1021,65	-26,7359
1021,89	-29,35256
1022,13	-37,95256
1022,37	-36,21923
1022,61	-41,1859
1022,86	-43,06923
1023,10	-19,4359
1023,34	-12,41923
1023,58	-2,01923
1023,82	-29,85256
1024,07	-24,76923
1024,31	-15,3859
1024,55	-9,10256
1024,79	-4,31923
1025,03	-25,51923
1025,27	-15,36923
1025,52	-33,31923
1025,76	-34,20256
1026,00	-25,3359
1026,24	-18,56923
1026,48	-15,5359
1026,73	-25,1859
1026,97	-3,21923
1027,21	5,24744
1027,45	9,0641
1027,69	-8,6359
1027,93	-3,25256
1028,18	-4,95256
1028,42	2,1641
1028,66	-0,00256
1028,90	0,98077
1029,14	-1,8359
1029,38	-14,4359
1029,62	-8,80256
1029,87	-8,90256
1030,11	6,19744
1030,35	-10,86923
1030,59	-12,71923
1030,83	-27,35256
1031,07	-30,06923
1031,32	-39,41923
1031,56	-15,01923
1031,80	1,99744
1032,04	17,29744
1032,28	-4,85256
1032,52	-8,2359
1032,76	-8,45256
1033,01	-11,05256
1033,25	-7,00256
1033,49	-15,1859
1033,73	-14,1359
1033,97	-33,30256
1034,21	-39,56923
1034,45	-43,90256
1034,70	-47,0859
1034,94	-35,2859
1035,18	54,4141
1035,42	65,43077
1035,66	78,84744
1035,90	4,58077
1036,14	-10,3359
1036,39	-13,61923
1036,63	-26,80256
1036,87	13,7141
1037,11	-0,5359
1037,35	5,59744
1037,59	-2,90256
1037,83	13,2141
1038,07	40,48077
1038,32	18,4141
1038,56	4,44744
1038,80	5,9641
1039,04	27,1141
1039,28	36,63077
1039,52	11,64744
1039,76	-9,3359
1040,00	-10,6859
1040,25	-25,90256
1040,49	-22,1359
1040,73	-24,65256
1040,97	-16,00256
1041,21	-2,55256
1041,45	1,5141
1041,69	23,59744
1041,93	-0,25256
1042,17	-8,41923
1042,42	-32,1359
1042,66	-25,16923
1042,90	-15,36923
1043,14	-26,00256
1043,38	-13,7359
1043,62	-27,80256
1043,86	-17,1359
1044,10	-15,6859
1044,34	10,93077
1044,59	17,49744
1044,83	10,09744
1045,07	-12,00256
1045,31	-11,61923
1045,55	-18,31923
1045,79	-41,2859
1046,03	-31,0859
1046,27	-12,1859
1046,51	9,53077
1046,75	-7,45256
1047,00	-19,65256
1047,24	-14,35256
1047,48	-11,9859
1047,72	-9,16923
1047,96	-19,40256
1048,20	-6,86923
1048,44	-2,50256
1048,68	-3,46923
1048,92	-18,5359
1049,16	-38,46923
1049,40	-36,11923
1049,64	-38,9859
1049,89	-17,21923
1050,13	-12,91923
1050,37	15,38077
1050,61	14,29744
1050,85	24,7641
1051,09	10,58077
1051,33	6,74744
1051,57	8,74744
1051,81	3,2141
1052,05	4,68077
1052,29	14,38077
1052,53	1,64744
1052,77	21,49744
1053,02	3,13077
1053,26	19,84744
1053,50	-0,1859
1053,74	-8,56923
1053,98	-12,5359
1054,22	-28,45256
1054,46	-21,10256
1054,70	-18,91923
1054,94	-19,80256
1055,18	-20,50256
1055,42	-8,9359
1055,66	-0,9359
1055,90	-8,61923
1056,14	-15,21923
1056,38	4,69744
1056,62	6,99744
1056,86	9,94744
1057,11	-0,61923
1057,35	-1,11923
1057,59	-24,5359
1057,83	-15,91923
1058,07	-0,06923
1058,31	37,89744
1058,55	36,5141
1058,79	23,39744
1059,03	-9,1359
1059,27	-14,0359
1059,51	-13,41923
1059,75	-2,0359
1059,99	-13,1359
1060,23	-9,45256
1060,47	11,18077
1060,71	30,5141
1060,95	10,0141
1061,19	-11,51923
1061,43	-21,61923
1061,67	11,14744
1061,91	19,63077
1062,15	11,63077
1062,39	-3,11923
1062,64	5,2141
1062,88	10,74744
1063,12	22,6641
1063,36	39,8141
1063,60	90,9141
1063,84	218,34744
1064,08	529,78077
1064,32	985,73077
1064,56	1219,3141
1064,80	1076,48077
1065,04	743,9641
1065,28	457,7641
1065,52	333,2141
1065,76	207,98077
1066,00	171,74744
1066,24	129,63077
1066,48	114,0641
1066,72	91,44744
1066,96	74,8641
1067,20	50,0141
1067,44	44,3641
1067,68	39,8641
1067,92	35,4141
1068,16	34,99744
1068,40	41,59744
1068,64	49,33077
1068,88	46,23077
1069,12	27,5641
1069,36	35,0141
1069,60	17,64744
1069,84	46,74744
1070,08	31,1141
1070,32	47,19744
1070,56	20,19744
1070,80	17,33077
1071,04	50,99744
1071,28	52,0641
1071,52	60,5141
1071,76	10,1141
1072,00	15,9141
1072,24	0,7141
1072,48	1,49744
1072,72	-2,21923
1072,96	14,59744
1073,20	2,2641
1073,44	10,59744
1073,68	4,4641
1073,92	20,18077
1074,16	2,94744
1074,40	-0,75256
1074,64	-12,85256
1074,88	-11,80256
1075,12	-6,70256
1075,36	-3,2859
1075,60	6,03077
1075,84	-3,70256
1076,08	-2,0359
1076,32	-10,4359
1076,56	-17,0359
1076,80	-18,35256
1077,04	-31,26923
1077,28	-30,11923
1077,52	-41,91923
1077,76	-45,8359
1078,00	-34,6859
1078,24	-2,35256
1078,48	12,58077
1078,71	4,59744
1078,95	-10,40256
1079,19	-26,05256
1079,43	-41,95256
1079,67	-47,45256
1079,91	-23,95256
1080,15	-11,05256
1080,39	-13,0859
1080,63	-16,6859
1080,87	-15,55256
1081,11	-14,56923
1081,35	-17,65256
1081,59	-4,05256
1081,83	-3,06923
1082,07	-16,6859
1082,31	-25,7859
1082,55	-29,76923
1082,79	-23,61923
1083,03	-18,81923
1083,27	-29,90256
1083,51	-23,16923
1083,75	-26,10256
1083,99	3,69744
1084,22	2,79744
1084,46	-3,1359
1084,70	-3,71923
1084,94	-10,25256
1085,18	-11,31923
1085,42	-35,06923
1085,66	-30,06923
1085,90	-31,10256
1086,14	-8,9359
1086,38	11,03077
1086,62	4,5141
1086,86	8,14744
1087,10	-8,91923
1087,34	0,8141
1087,58	-22,36923
1087,82	-28,06923
1088,06	-16,11923
1088,29	6,53077
1088,53	0,43077
1088,77	-16,90256
1089,01	-20,5359
1089,25	-11,96923
1089,49	-4,30256
1089,73	-16,9359
1089,97	-9,56923
1090,21	-15,91923
1090,45	-9,51923
1090,69	-19,81923
1090,93	-21,76923
1091,17	-34,8359
1091,40	-12,46923
1091,64	-15,10256
1091,88	-12,70256
1092,12	-36,96923
1092,36	-27,9859
1092,60	-24,96923
1092,84	-10,11923
1093,08	-0,7359
1093,32	6,7641
1093,56	5,98077
1093,80	17,38077
1094,04	11,19744
1094,27	0,3141
1094,51	-6,8359
1094,75	3,6141
1094,99	7,04744
1095,23	0,93077
1095,47	84,99744
1095,71	80,49744
1095,95	74,14744
1096,19	-19,15256
1096,43	-9,8359
1096,66	-29,35256
1096,90	-34,8859
1097,14	-36,10256
1097,38	-32,96923
1097,62	-23,85256
1097,86	-28,36923
1098,10	-9,65256
1098,34	-4,5359
1098,58	-11,5859
1098,81	-11,55256
1099,05	-12,0359
1099,29	18,2641
1099,53	26,7141
1099,77	21,08077
1100,01	-9,71923
1100,25	-17,85256
1100,49	-13,76923
1100,73	17,14744
1100,96	36,44744
1101,20	44,63077
1101,44	6,83077
1101,68	-8,4359
1101,92	-20,55256
1102,16	-8,8859
1102,40	-2,86923
1102,64	3,38077
1102,87	10,78077
1103,11	-3,96923
1103,35	-6,65256
1103,59	-16,10256
1103,83	-17,65256
1104,07	-6,10256
1104,31	-2,6359
1104,55	-1,11923
1104,78	-24,01923
1105,02	-13,50256
1105,26	-23,95256
1105,50	-15,2859
1105,74	-34,4859
1105,98	-23,61923
1106,22	-5,66923
1106,45	-2,15256
1106,69	-8,7859
1106,93	-20,30256
1107,17	-19,2859
1107,41	-18,8859
1107,65	-25,41923
1107,89	-18,81923
1108,12	-12,01923
1108,36	-28,56923
1108,60	-24,3359
1108,84	-23,0859
1109,08	-14,81923
1109,32	-16,75256
1109,55	-22,35256
1109,79	3,2141
1110,03	-6,00256
1110,27	0,24744
1110,51	-17,6859
1110,75	-25,3359
1110,99	-29,11923
1111,22	-39,96923
1111,46	-33,11923
1111,70	-39,16923
1111,94	-48,05256
1112,18	-54,31923
1112,42	-45,6359
1112,65	-24,9359
1112,89	-10,65256
1113,13	-19,21923
1113,37	-14,96923
1113,61	-12,0859
1113,85	13,59744
1114,08	1,98077
1114,32	-10,61923
1114,56	-16,26923
1114,80	-12,6859
1115,04	4,2641
1115,28	-14,06923
1115,51	-7,55256
1115,75	-6,0359
1115,99	-1,60256
1116,23	-2,40256
1116,47	-4,2359
1116,70	-6,05256
1116,94	-19,46923
1117,18	-16,26923
1117,42	-21,3359
1117,66	-5,0859
1117,90	-29,05256
1118,13	-28,86923
1118,37	-53,50256
1118,61	-48,40256
1118,85	-39,95256
1119,09	-37,3859
1119,32	-24,15256
1119,56	-20,40256
1119,80	-25,9359
1120,04	-41,11923
1120,28	-29,51923
1120,51	-21,06923
1120,75	-13,4359
1120,99	-35,26923