194,56	-203,3
194,83	-203,3
195,09	-198,18333
195,36	-129,8
195,63	-60,93333
195,90	-3,63333
196,17	-16,2
196,44	-32,01667
196,71	-20,51667
196,97	-8,23333
197,24	14,66667
197,51	-8,75
197,78	4,73333
198,05	8,9
198,32	23,86667
198,59	6,03333
198,86	7,35
199,12	0,96667
199,39	9,45
199,66	12,33333
199,93	28,33333
200,20	27,93333
200,47	5,06667
200,74	2,81667
201,00	-4,56667
201,27	6,21667
201,54	-8,08333
201,81	16,03333
202,08	-5,66667
202,35	7,43333
202,61	0,4
202,88	55,73333
203,15	37,18333
203,42	28
203,69	-7,71667
203,96	1,95
204,23	-2,26667
204,49	-7,78333
204,76	19,66667
205,03	35,6
205,30	40,01667
205,57	18,21667
205,84	17,2
206,10	37,6
206,37	42,91667
206,64	48,41667
206,91	42,08333
207,18	31,9
207,45	28,18333
207,71	15,66667
207,98	31,13333
208,25	16,5
208,52	8,13333
208,79	-3,21667
209,06	5,78333
209,32	19,28333
209,59	28
209,86	1,66667
210,13	6,41667
210,40	14,25
210,67	44,83333
210,93	39,4
211,20	16,26667
211,47	10,96667
211,74	32,5
212,01	34,18333
212,28	48,1
212,54	49,3
212,81	53,98333
213,08	43,05
213,35	33,73333
213,62	45,4
213,88	51,96667
214,15	39,15
214,42	28,25
214,69	32,1
214,96	36,06667
215,23	61,13333
215,49	51,1
215,76	50,35
216,03	42,76667
216,30	26,65
216,57	12,96667
216,83	7,4
217,10	14,05
217,37	34,26667
217,64	57,75
217,91	69,4
218,17	36,35
218,44	-10,05
218,71	-8,68333
218,98	15,35
219,25	48,1
219,51	47,58333
219,78	44,38333
220,05	28,63333
220,32	16,11667
220,59	21,78333
220,85	23,33333
221,12	41,76667
221,39	57,5
221,66	57,4
221,93	36,43333
222,19	11,23333
222,46	26,91667
222,73	43,75
223,00	64,56667
223,27	45,86667
223,53	41,2
223,80	32,31667
224,07	42,93333
224,34	59,68333
224,61	52,58333
224,87	33,71667
225,14	2,91667
225,41	7,23333
225,68	30,51667
225,94	46,11667
226,21	48,83333
226,48	30,53333
226,75	32,11667
227,02	16,7
227,28	25,33333
227,55	11,08333
227,82	21,15
228,09	-2,75
228,36	-6
228,62	-0,51667
228,89	21,31667
229,16	32,13333
229,43	26,26667
229,69	23,08333
229,96	24,66667
230,23	18,41667
230,50	25,8
230,76	16,18333
231,03	21,63333
231,30	23,88333
231,57	33,36667
231,84	31,53333
232,10	18,38333
232,37	18,11667
232,64	7
232,91	11,25
233,17	20,05
233,44	31,98333
233,71	33,3
233,98	11,85
234,24	10,9
234,51	31,2
234,78	45,15
235,05	60,15
235,31	40,68333
235,58	32,98333
235,85	12,4
236,12	-2,01667
236,39	23,38333
236,65	33,51667
236,92	83,41667
237,19	74,05
237,46	106,13333
237,72	66,75
237,99	46,18333
238,26	15,76667
238,53	42,06667
238,79	43,96667
239,06	37,76667
239,33	7,56667
239,60	2,26667
239,86	-8,36667
240,13	-10,46667
240,40	-14,28333
240,67	15,48333
240,93	26,13333
241,20	28,75
241,47	6,15
241,73	6,93333
242,00	11,83333
242,27	19,43333
242,54	20,31667
242,80	23,46667
243,07	29,55
243,34	27,98333
243,61	61,65
243,87	43,78333
244,14	40,93333
244,41	1,06667
244,68	12,01667
244,94	16,65
245,21	28,25
245,48	36,15
245,74	27,7
246,01	38,7
246,28	27,96667
246,55	25,5
246,81	0,08333
247,08	4,88333
247,35	18,73333
247,62	22,73333
247,88	5,16667
248,15	9,15
248,42	47,01667
248,68	54,41667
248,95	37,51667
249,22	8,88333
249,49	19
249,75	21,33333
250,02	28,91667
250,29	18,63333
250,56	34,93333
250,82	46,1
251,09	51,71667
251,36	57,31667
251,62	28,9
251,89	32,8
252,16	46,3
252,43	74,93333
252,69	66,98333
252,96	33,11667
253,23	24,03333
253,49	30,2
253,76	40
254,03	57,76667
254,29	58,91667
254,56	58,15
254,83	31,58333
255,10	11,95
255,36	7,76667
255,63	17,95
255,90	41,51667
256,16	46,01667
256,43	22,76667
256,70	27,01667
256,96	24,7
257,23	35,63333
257,50	28,35
257,77	38,7
258,03	39,6
258,30	45,93333
258,57	22,76667
258,83	26,21667
259,10	16,88333
259,37	21,95
259,63	9,98333
259,90	26,25
260,17	22,83333
260,43	32,25
260,70	15,96667
260,97	37,98333
261,24	43,45
261,50	46,75
261,77	34,51667
262,04	19,98333
262,30	8,03333
262,57	3
262,84	15,78333
263,10	43,46667
263,37	59,03333
263,64	41,31667
263,90	18,65
264,17	4,83333
264,44	11,05
264,70	9,93333
264,97	23,43333
265,24	48,45
265,50	62,06667
265,77	62,83333
266,04	46,83333
266,30	33,96667
266,57	11,93333
266,84	7,83333
267,10	10,5
267,37	41,08333
267,64	48,08333
267,90	63,45
268,17	53,21667
268,44	42,53333
268,70	17,5
268,97	-9,63333
269,24	-1,18333
269,50	15,51667
269,77	37,63333
270,04	45,18333
270,30	34,56667
270,57	39,55
270,84	17,36667
271,10	32,43333
271,37	21,46667
271,64	48,51667
271,90	75,63333
272,17	78,95
272,44	67,43333
272,70	34,36667
272,97	28
273,24	21,13333
273,50	27
273,77	35,55
274,04	40,05
274,30	33,08333
274,57	27
274,84	39,66667
275,10	42,26667
275,37	42,81667
275,64	23,78333
275,90	6
276,17	2,3
276,43	12,23333
276,70	13,06667
276,97	6,35
277,23	18,8
277,50	22,96667
277,77	16,08333
278,03	-19,45
278,30	-7,46667
278,57	-4,48333
278,83	8,11667
279,10	12,91667
279,37	9,13333
279,63	7,58333
279,90	15,9
280,16	36,66667
280,43	53,36667
280,70	42,98333
280,96	59,93333
281,23	57,38333
281,50	44,38333
281,76	22,85
282,03	20,91667
282,29	27,73333
282,56	29,43333
282,83	17,6
283,09	8,23333
283,36	12,85
283,63	20,53333
283,89	30,4
284,16	32,26667
284,42	37,88333
284,69	40,31667
284,96	34,35
285,22	28
285,49	30,85
285,76	31,7
286,02	51,68333
286,29	58,3
286,55	55,93333
286,82	32,93333
287,09	11,85
287,35	27,68333
287,62	21,33333
287,88	31,25
288,15	5,3
288,42	3,73333
288,68	15,43333
288,95	25,83333
289,22	44,98333
289,48	40,9
289,75	45,16667
290,01	44,3
290,28	23,1
290,55	28,73333
290,81	11,03333
291,08	31,38333
291,34	39,86667
291,61	60,23333
291,88	60,78333
292,14	30,95
292,41	26,01667
292,67	42,5
292,94	62,25
293,21	59,61667
293,47	47,96667
293,74	47,25
294,00	31,96667
294,27	13,9
294,54	2,56667
294,80	18,46667
295,07	43,3
295,33	42,31667
295,60	46,43333
295,86	26,53333
296,13	19,85
296,40	4,11667
296,66	17,11667
296,93	58,95
297,19	79,05
297,46	74,38333
297,73	54,66667
297,99	39,41667
298,26	23,23333
298,52	7,1
298,79	9,41667
299,05	1,18333
299,32	21,7
299,59	39,21667
299,85	57,81667
300,12	44,41667
300,38	26,7
300,65	17,73333
300,92	30,1
301,18	35,21667
301,45	57,83333
301,71	42,76667
301,98	55,05
302,24	63,25
302,51	77,51667
302,78	77,4
303,04	57,98333
303,31	64,06667
303,57	72,55
303,84	74,2
304,10	51,01667
304,37	45,63333
304,63	63
304,90	88,68333
305,17	96,5
305,43	84,26667
305,70	103,46667
305,96	100,21667
306,23	103,2
306,49	93,9
306,76	92,2
307,03	94,4
307,29	80,21667
307,56	91,81667
307,82	98,11667
308,09	107,23333
308,35	102,98333
308,62	117,2
308,88	106,66667
309,15	112,31667
309,42	102,38333
309,68	114,1
309,95	111,03333
310,21	99,7
310,48	97,43333
310,74	97,35
311,01	120,53333
311,27	112,9
311,54	97,78333
311,80	81,41667
312,07	101,5
312,34	122,51667
312,60	113,43333
312,87	111,8
313,13	122,93333
313,40	129,96667
313,66	134,1
313,93	113,63333
314,19	139,91667
314,46	132,13333
314,72	148,63333
314,99	133,43333
315,25	126,91667
315,52	111,06667
315,78	109,68333
316,05	115,31667
316,32	123,66667
316,58	128,25
316,85	141,55
317,11	148,5
317,38	149,26667
317,64	149,63333
317,91	147,25
318,17	149,06667
318,44	154,01667
318,70	149,11667
318,97	163
319,23	180,31667
319,50	188,95
319,76	178,55
320,03	156,56667
320,29	166,46667
320,56	173,01667
320,82	183,03333
321,09	183,11667
321,36	197,88333
321,62	196,01667
321,89	192
322,15	181,25
322,42	186,55
322,68	205,05
322,95	230,31667
323,21	249,8
323,48	245,78333
323,74	235,86667
324,01	229,01667
324,27	222,9
324,54	219,1
324,80	235,18333
325,07	252,86667
325,33	276,38333
325,60	266,73333
325,86	279,61667
326,13	280,73333
326,39	303,7
326,66	311,43333
326,92	333,36667
327,19	357,46667
327,45	385,66667
327,72	427,71667
327,98	470,91667
328,25	540,46667
328,51	588,68333
328,78	630,76667
329,04	627,83333
329,31	585,68333
329,57	513,93333
329,84	446,88333
330,10	406,38333
330,37	394,23333
330,63	372,28333
330,90	359,78333
331,16	347,36667
331,43	347,33333
331,69	355,46667
331,96	355,61667
332,22	356,38333
332,49	358,08333
332,75	345,55
333,01	331,9
333,28	316,85
333,54	320,66667
333,81	350,7
334,07	360,36667
334,34	358,3
334,60	354,38333
334,87	367,83333
335,13	402,31667
335,40	395,68333
335,66	388,41667
335,93	378,71667
336,19	390,85
336,46	414,9
336,72	411,55
336,99	429,95
337,25	445,28333
337,52	484,43333
337,78	533,63333
338,05	566,25
338,31	638,58333
338,57	719,7
338,84	810,96667
339,10	862,5
339,37	843,38333
339,63	792,86667
339,90	703,68333
340,16	620,53333
340,43	538,88333
340,69	503,4
340,96	468,21667
341,22	467,36667
341,49	431,58333
341,75	430
342,01	425,6
342,28	439,98333
342,54	467,58333
342,81	476,45
343,07	492,35
343,34	472,71667
343,60	480,23333
343,87	456,63333
344,13	461,96667
344,40	474,38333
344,66	501,08333
344,92	532,85
345,19	518,86667
345,45	522,8
345,72	526,85
345,98	543,76667
346,25	547,08333
346,51	540,88333
346,78	533,16667
347,04	544,88333
347,30	536,96667
347,57	545,35
347,83	538,2
348,10	553,7
348,36	565,76667
348,63	588,66667
348,89	589,95
349,15	598,51667
349,42	596,56667
349,68	605,4
349,95	613,63333
350,21	643,28333
350,48	671,95
350,74	696,16667
351,01	698,38333
351,27	703,68333
351,53	693,86667
351,80	687,38333
352,06	691,93333
352,33	701,16667
352,59	705,15
352,86	708,68333
353,12	723,78333
353,38	765,51667
353,65	763,66667
353,91	767,6
354,18	774,5
354,44	816,23333
354,70	824,85
354,97	797,55
355,23	768,43333
355,50	734,55
355,76	723,51667
356,03	697,36667
356,29	710,28333
356,55	697,71667
356,82	687,33333
357,08	661,73333
357,35	653,96667
357,61	671,01667
357,87	679,65
358,14	673,11667
358,40	650,75
358,67	649,68333
358,93	650,53333
359,20	657,95
359,46	655,46667
359,72	654,03333
359,99	652,3
360,25	668,83333
360,52	689,06667
360,78	702,51667
361,04	698,85
361,31	676,91667
361,57	655,71667
361,84	647,46667
362,10	656
362,36	668,03333
362,63	675,81667
362,89	673,93333
363,16	674,78333
363,42	675,21667
363,68	668,76667
363,95	667,96667
364,21	644,25
364,47	655,33333
364,74	659,38333
365,00	668,78333
365,27	657,9
365,53	653,83333
365,79	668,03333
366,06	689,4
366,32	711,56667
366,59	689,35
366,85	685,46667
367,11	667,5
367,38	688,73333
367,64	686,13333
367,91	689,83333
368,17	679,38333
368,43	674,8
368,70	676,5
368,96	673,93333
369,22	694,36667
369,49	696,8
369,75	692,3
370,02	673,9
370,28	659,61667
370,54	666,5
370,81	656
371,07	656,48333
371,33	686
371,60	663,7
371,86	652,23333
372,13	616,18333
372,39	633,16667
372,65	652,51667
372,92	662,38333
373,18	684,05
373,44	674,43333
373,71	651,01667
373,97	624,51667
374,23	625,73333
374,50	662,78333
374,76	677,86667
375,03	684,63333
375,29	673,21667
375,55	677
375,82	668,6
376,08	659,81667
376,34	681,61667
376,61	668,53333
376,87	653,91667
377,13	608,1
377,40	621,91667
377,66	650,28333
377,92	679
378,19	690,43333
378,45	690,38333
378,72	668,56667
378,98	661,2
379,24	637,66667
379,51	647,68333
379,77	637,4
380,03	612,5
380,30	624,08333
380,56	622,85
380,82	653,16667
381,09	639,78333
381,35	651,8
381,61	644,46667
381,88	657,68333
382,14	666,15
382,40	678,95
382,67	666,4
382,93	646,86667
383,19	630,7
383,46	627,4
383,72	635,66667
383,98	640,58333
384,25	659,2
384,51	668,35
384,77	671,2
385,04	671,05
385,30	658,03333
385,56	685,06667
385,83	700,75
386,09	717,86667
386,35	713,55
386,62	705,05
386,88	719,2
387,14	719,56667
387,41	709,16667
387,67	706,21667
387,93	705,35
388,20	710,2
388,46	699,51667
388,72	705,51667
388,99	711,26667
389,25	719,78333
389,51	713,68333
389,78	720,65
390,04	735,13333
390,30	757,48333
390,56	761,5
390,83	761,78333
391,09	779,48333
391,35	793,01667
391,62	814,85
391,88	821,21667
392,14	841,16667
392,41	845,36667
392,67	828,6
392,93	826,41667
393,20	808,46667
393,46	821,91667
393,72	818,65
393,99	827,81667
394,25	838,58333
394,51	807,1
394,77	801,4
395,04	772,38333
395,30	790,78333
395,56	790,86667
395,83	782,88333
396,09	772,15
396,35	777,3
396,62	774,43333
396,88	800,91667
397,14	790,78333
397,40	844,35
397,67	847,86667
397,93	844,45
398,19	808,66667
398,46	792,18333
398,72	805,11667
398,98	810,21667
399,24	817,85
399,51	820,63333
399,77	825,48333
400,03	812,71667
400,30	789,23333
400,56	812,03333
400,82	824,13333
401,08	822,58333
401,35	790,58333
401,61	792,58333
401,87	790,6
402,14	797,78333
402,40	787,4
402,66	806,41667
402,92	786,05
403,19	783,9
403,45	801,28333
403,71	820,43333
403,98	833,11667
404,24	825,28333
404,50	824,15
404,76	841,68333
405,03	852,38333
405,29	871,43333
405,55	866,91667
405,81	883,83333
406,08	876,95
406,34	876,86667
406,60	854,38333
406,87	851,93333
407,13	847,16667
407,39	836,56667
407,65	825,61667
407,92	810,35
408,18	805,66667
408,44	812,18333
408,70	811,8
408,97	825,55
409,23	830,6
409,49	831,66667
409,75	815,31667
410,02	801,06667
410,28	789,06667
410,54	791,58333
410,80	801,1
411,07	813,88333
411,33	826,06667
411,59	800,33333
411,85	816,46667
412,12	822,46667
412,38	837,9
412,64	819,46667
412,90	794,05
413,17	789,93333
413,43	779,81667
413,69	793,3
413,95	795,85
414,22	798,6
414,48	773,85
414,74	760,28333
415,00	765,08333
415,27	773,78333
415,53	793,26667
415,79	787,16667
416,05	795,31667
416,32	793,66667
416,58	823,28333
416,84	841,56667
417,10	829,91667
417,37	814,3
417,63	805,48333
417,89	824,43333
418,15	819,33333
418,41	817,11667
418,68	821,83333
418,94	842,18333
419,20	851,53333
419,46	872,83333
419,73	881,75
419,99	909,25
420,25	912,16667
420,51	976,21667
420,78	982,91667
421,04	969,75
421,30	915,81667
421,56	932,36667
421,82	953,03333
422,09	961,95
422,35	919,36667
422,61	899,45
422,87	958,45
423,14	941,98333
423,40	931,23333
423,66	821,86667
423,92	829,03333
424,18	818,05
424,45	810,85
424,71	789,6
424,97	787,18333
425,23	780,53333
425,49	772,95
425,76	773,58333
426,02	787,46667
426,28	799,45
426,54	785,28333
426,81	776,58333
427,07	764,6
427,33	754,85
427,59	751,08333
427,85	745,31667
428,12	756,7
428,38	758,8
428,64	754,3
428,90	742,4
429,16	742,81667
429,43	747,58333
429,69	750,85
429,95	753,81667
430,21	767,66667
430,47	797,15
430,74	787,33333
431,00	780,41667
431,26	749,05
431,52	766,23333
431,78	784,73333
432,05	814,41667
432,31	836,43333
432,57	816,76667
432,83	782,58333
433,09	745,81667
433,35	744,56667
433,62	739,76667
433,88	730,41667
434,14	723,7
434,40	725,41667
434,66	735,55
434,93	729,35
435,19	735,53333
435,45	726,06667
435,71	758,7
435,97	767,33333
436,23	769,18333
436,50	751,85
436,76	742,23333
437,02	747,36667
437,28	732,83333
437,54	741,08333
437,81	730,58333
438,07	732,11667
438,33	723,05
438,59	714,35
438,85	720,75
439,11	702,31667
439,38	728,33333
439,64	719,53333
439,90	736,4
440,16	725,58333
440,42	729,23333
440,68	737,15
440,95	722,6
441,21	738,96667
441,47	751,8
441,73	762,6
441,99	755,75
442,25	735,83333
442,52	747,51667
442,78	729,41667
443,04	733,41667
443,30	726,03333
443,56	744,21667
443,82	747
444,08	756,01667
444,35	753,4
444,61	751,68333
444,87	726,76667
445,13	738,56667
445,39	719,85
445,65	732,55
445,92	696,65
446,18	714,76667
446,44	721,5
446,70	744
446,96	753,25
447,22	764,68333
447,48	769,76667
447,75	769,81667
448,01	780,45
448,27	767,76667
448,53	758,21667
448,79	746,45
449,05	750,8
449,31	736,45
449,58	720,15
449,84	711,31667
450,10	723,6
450,36	710,4
450,62	709,3
450,88	701,88333
451,14	699,16667
451,41	682,4
451,67	664,91667
451,93	669,96667
452,19	687,33333
452,45	710,6
452,71	710,73333
452,97	688,71667
453,23	694,83333
453,50	697,45
453,76	711,98333
454,02	699,9
454,28	700,91667
454,54	704,46667
454,80	711,31667
455,06	709,38333
455,32	712,45
455,59	698,96667
455,85	704,78333
456,11	707,26667
456,37	720,43333
456,63	724,55
456,89	733,58333
457,15	752,21667
457,41	751,36667
457,68	756,4
457,94	733,96667
458,20	735,01667
458,46	736,21667
458,72	752,11667
458,98	768,16667
459,24	771,96667
459,50	773,78333
459,76	767,96667
460,03	751,03333
460,29	761,85
460,55	779,36667
460,81	803,41667
461,07	799,11667
461,33	820,3
461,59	854,68333
461,85	857,1
462,11	850,53333
462,37	841,93333
462,64	861,28333
462,90	852,83333
463,16	845,2
463,42	860,25
463,68	864,78333
463,94	858,43333
464,20	838,36667
464,46	830,55
464,72	846,98333
464,98	842,75
465,24	866,91667
465,51	861,2
465,77	880,11667
466,03	862,6
466,29	862,21667
466,55	854,48333
466,81	863,96667
467,07	883,16667
467,33	902,73333
467,59	946,53333
467,85	940,5
468,11	921,23333
468,38	875,7
468,64	884,76667
468,90	875,33333
469,16	872,86667
469,42	844,16667
469,68	835,86667
469,94	838,46667
470,20	839,08333
470,46	832,93333
470,72	818,16667
470,98	799,2
471,24	802,7
471,50	804,58333
471,77	813,36667
472,03	821,11667
472,29	801,01667
472,55	803,65
472,81	810,35
473,07	822,13333
473,33	801,26667
473,59	787,16667
473,85	781,13333
474,11	796,35
474,37	796,41667
474,63	795,56667
474,89	816,9
475,15	835,71667
475,41	867,75
475,68	863,85
475,94	864,95
476,20	859,06667
476,46	874,95
476,72	865,38333
476,98	877,73333
477,24	870,51667
477,50	883,45
477,76	890,93333
478,02	916,13333
478,28	942,83333
478,54	953,41667
478,80	976,28333
479,06	1006,15
479,32	1051,95
479,58	1053,66667
479,84	1049,45
480,10	1030,8
480,36	1059,01667
480,63	1091,28333
480,89	1084,71667
481,15	1075
481,41	1046,55
481,67	1064,45
481,93	1061,61667
482,19	1063,48333
482,45	1063,43333
482,71	1054,51667
482,97	1052,13333
483,23	1049,63333
483,49	1056,25
483,75	1079,68333
484,01	1091,53333
484,27	1097,65
484,53	1113,66667
484,79	1169,2
485,05	1190,8
485,31	1206,3
485,57	1174,65
485,83	1196,41667
486,09	1199,65
486,35	1227,48333
486,61	1236,81667
486,87	1262
487,13	1291,9
487,39	1337,56667
487,65	1381,85
487,91	1420,5
488,17	1443,75
488,43	1433,58333
488,70	1421,36667
488,96	1396,66667
489,22	1375,73333
489,48	1358,41667
489,74	1349
490,00	1359,5
490,26	1341,46667
490,52	1352,33333
490,78	1344,81667
491,04	1356,78333
491,30	1361,11667
491,56	1375,15
491,82	1377,11667
492,08	1371,28333
492,34	1385,71667
492,60	1402,33333
492,86	1411,13333
493,12	1414,13333
493,38	1432,11667
493,64	1453,8
493,90	1450,31667
494,16	1420,88333
494,42	1406,25
494,68	1409,65
494,94	1446,7
495,20	1472
495,46	1477,75
495,72	1467,03333
495,98	1457,93333
496,24	1452,71667
496,50	1466,3
496,76	1500,31667
497,02	1536,36667
497,28	1562,31667
497,54	1593,6
497,80	1618,23333
498,06	1632,81667
498,32	1619,6
498,58	1640,15
498,84	1663,46667
499,10	1694,88333
499,36	1735,28333
499,62	1781,51667
499,88	1834,18333
500,14	1864,76667
500,40	1873,63333
500,66	1888,05
500,92	1903,73333
501,18	1901,73333
501,44	1877,76667
501,69	1840,38333
501,95	1833,68333
502,21	1812,2
502,47	1776,66667
502,73	1727,83333
502,99	1705,31667
503,25	1696,06667
503,51	1696,11667
503,77	1674,28333
504,03	1663,85
504,29	1660,33333
504,55	1667,66667
504,81	1657,06667
505,07	1632,7
505,33	1614,01667
505,59	1602,93333
505,85	1616,46667
506,11	1619,11667
506,37	1621,26667
506,63	1595,95
506,89	1583,71667
507,15	1589,11667
507,41	1593,21667
507,67	1597,91667
507,93	1586,65
508,19	1588,23333
508,45	1594,38333
508,71	1595,61667
508,97	1579,28333
509,23	1557,71667
509,49	1575,33333
509,74	1602,6
510,00	1612,9
510,26	1603,91667
510,52	1585
510,78	1605,93333
511,04	1596,25
511,30	1633,93333
511,56	1630,91667
511,82	1652
512,08	1642,3
512,34	1679,56667
512,60	1686,78333
512,86	1717,25
513,12	1712,15
513,38	1732,58333
513,64	1751,25
513,90	1768,36667
514,16	1818,16667
514,42	1850,9
514,67	1881,03333
514,93	1892,25
515,19	1897,78333
515,45	1915,2
515,71	1926,36667
515,97	1959
516,23	1984,38333
516,49	2010,1
516,75	2044,06667
517,01	2087,61667
517,27	2122,48333
517,53	2154,78333
517,79	2203,48333
518,05	2275,1
518,31	2380,33333
518,56	2500,85
518,82	2671,83333
519,08	2879,26667
519,34	3200,7
519,60	3608,75
519,86	4076,41667
520,12	4499,05
520,38	4808,8
520,64	5008,45
520,90	5136,23333
521,16	5398,91667
521,42	5808,65
521,68	5656,51667
521,93	4933,36667
522,19	3882,95
522,45	3283,01667
522,71	2983,21667
522,97	2783,46667
523,23	2578,76667
523,49	2423,8
523,75	2281,63333
524,01	2184,66667
524,27	2093,41667
524,53	2050,38333
524,79	2013,45
525,04	1989,03333
525,30	1930,45
525,56	1882,28333
525,82	1843,5
526,08	1828,68333
526,34	1807,76667
526,60	1820,25
526,86	1802,33333
527,12	1809,53333
527,38	1784,7
527,63	1785,18333
527,89	1785,81667
528,15	1793,4
528,41	1799,91667
528,67	1807,06667
528,93	1829,96667
529,19	1831
529,45	1829,35
529,71	1820,06667
529,97	1834,55
530,22	1854,4
530,48	1877,13333
530,74	1894,53333
531,00	1906,66667
531,26	1924,28333
531,52	1931,33333
531,78	1928,63333
532,04	1933,5
532,30	1945,06667
532,55	1992,71667
532,81	2011,26667
533,07	2012,5
533,33	2002,71667
533,59	1994,23333
533,85	2001,7
534,11	2043,21667
534,37	2076,18333
534,62	2108,23333
534,88	2071,06667
535,14	2055,23333
535,40	2058,65
535,66	2092,23333
535,92	2111,45
536,18	2131,38333
536,44	2138,43333
536,69	2154,01667
536,95	2174,61667
537,21	2211,55
537,47	2261,48333
537,73	2306,71667
537,99	2328,75
538,25	2364,66667
538,51	2400,85
538,76	2466,26667
539,02	2533,68333
539,28	2625,16667
539,54	2705,56667
539,80	2774,7
540,06	2851,03333
540,32	2958,91667
540,57	3063,95
540,83	3147,86667
541,09	3180,46667
541,35	3203,9
541,61	3214,88333
541,87	3229,53333
542,13	3277,56667
542,38	3309,28333
542,64	3347,18333
542,90	3377,93333
543,16	3397,26667
543,42	3465,61667
543,68	3513,38333
543,94	3631,48333
544,19	3776,93333
544,45	4016,4
544,71	4338,48333
544,97	4796,73333
545,23	5363,08333
545,49	6019,58333
545,74	6633,75
546,00	7181,83333
546,26	7523,76667
546,52	7804,18333
546,78	8157,43333
547,04	8740,86667
547,29	8652,15
547,55	7867,8
547,81	6599,11667
548,07	5644,71667
548,33	4995,26667
548,59	4469,48333
548,84	4091,35
549,10	3781,33333
549,36	3515,81667
549,62	3296,91667
549,88	3133,16667
550,14	2994,7
550,39	2873,26667
550,65	2792,41667
550,91	2717,03333
551,17	2656,43333
551,43	2592,91667
551,69	2551,33333
551,94	2536,56667
552,20	2515,48333
552,46	2500,8
552,72	2464,68333
552,98	2443,31667
553,24	2418,06667
553,49	2411,71667
553,75	2401,38333
554,01	2399,7
554,27	2394,98333
554,53	2409,5
554,78	2411,96667
555,04	2405,93333
555,30	2401
555,56	2394,81667
555,82	2419,48333
556,07	2420,55
556,33	2431,45
556,59	2411,81667
556,85	2403,11667
557,11	2404,91667
557,37	2390,01667
557,62	2354,38333
557,88	2305,45
558,14	2302,98333
558,40	2282,36667
558,66	2271,98333
558,91	2234,86667
559,17	2240,08333
559,43	2247,61667
559,69	2238,15
559,95	2225,45
560,20	2206,76667
560,46	2233,5
560,72	2252
560,98	2282,63333
561,24	2264,48333
561,49	2271,76667
561,75	2263,95
562,01	2290,26667
562,27	2301,56667
562,52	2307,6
562,78	2305,33333
563,04	2302,1
563,30	2274,88333
563,56	2253,65
563,81	2232,06667
564,07	2234,01667
564,33	2236,38333
564,59	2201,36667
564,85	2163,08333
565,10	2152,6
565,36	2135,91667
565,62	2144,41667
565,88	2085,85
566,13	2083,51667
566,39	2057,91667
566,65	2078,66667
566,91	2084,3
567,17	2073,56667
567,42	2078,58333
567,68	2046,23333
567,94	2033,48333
568,20	1980,21667
568,45	1953,16667
568,71	1909,28333
568,97	1853,01667
569,23	1832,35
569,49	1796,56667
569,74	1776,46667
570,00	1702,21667
570,26	1673,91667
570,52	1645,7
570,77	1652,11667
571,03	1646,91667
571,29	1637,73333
571,55	1617,21667
571,80	1559,75
572,06	1517,5
572,32	1487,31667
572,58	1524,26667
572,83	1527,51667
573,09	1504,91667
573,35	1466,61667
573,61	1440,6
573,86	1434,08333
574,12	1404,38333
574,38	1407,16667
574,64	1392,11667
574,89	1401,05
575,15	1409,48333
575,41	1407,9
575,67	1391,28333
575,92	1358,11667
576,18	1357,31667
576,44	1350,93333
576,70	1338,38333
576,95	1309,53333
577,21	1290,58333
577,47	1289,31667
577,73	1300,98333
577,98	1294,36667
578,24	1287,8
578,50	1270,65
578,76	1269,73333
579,01	1252,15
579,27	1244,4
579,53	1258,61667
579,79	1256,95
580,04	1250,13333
580,30	1213,73333
580,56	1203,18333
580,81	1202,38333
581,07	1213
581,33	1212,18333
581,59	1212,13333
581,84	1221,65
582,10	1236,06667
582,36	1233,53333
582,62	1225,1
582,87	1219,55
583,13	1241,35
583,39	1235,6
583,64	1236,6
583,90	1200,38333
584,16	1193,46667
584,42	1174,48333
584,67	1172,35
584,93	1172,81667
585,19	1170,76667
585,45	1173,01667
585,70	1160,31667
585,96	1167,56667
586,22	1164,8
586,47	1157,91667
586,73	1157,41667
586,99	1149,56667
587,25	1166,95
587,50	1155,33333
587,76	1160,56667
588,02	1166,58333
588,27	1190,03333
588,53	1227
588,79	1227,01667
589,04	1217,2
589,30	1230,2
589,56	1251,78333
589,82	1273,2
590,07	1252,18333
590,33	1224
590,59	1192,11667
590,84	1169,35
591,10	1159,73333
591,36	1160,85
591,61	1152,91667
591,87	1155,93333
592,13	1148,86667
592,39	1148,13333
592,64	1145,86667
592,90	1135,01667
593,16	1134,56667
593,41	1136,81667
593,67	1149,45
593,93	1146,8
594,18	1151,5
594,44	1161,15
594,70	1154,63333
594,95	1145,86667
595,21	1140,88333
595,47	1135,5
595,73	1123,35
595,98	1112,71667
596,24	1107,96667
596,50	1084,2
596,75	1081,36667
597,01	1093,06667
597,27	1105,68333
597,52	1101,73333
597,78	1092,68333
598,04	1102,68333
598,29	1082,1
598,55	1091,31667
598,81	1071,6
599,06	1080,55
599,32	1059,16667
599,58	1078,28333
599,83	1063,95
600,09	1068,61667
600,35	1054,68333
600,60	1060,25
600,86	1063,2
601,12	1065,25
601,37	1069,96667
601,63	1050,03333
601,89	1033,71667
602,14	1027,05
602,40	1031,56667
602,66	1033,45
602,91	1017,1
603,17	1026,31667
603,43	1034,5
603,68	1053,75
603,94	1039,25
604,20	1030,75
604,45	1014,03333
604,71	1011,71667
604,97	1013,78333
605,22	1015,25
605,48	1017,38333
605,74	1021,78333
605,99	1022,15
606,25	1014,66667
606,51	1003,76667
606,76	988,96667
607,02	1006,15
607,27	997,28333
607,53	1016,43333
607,79	1011,6
608,04	1006,61667
608,30	997,56667
608,56	985,31667
608,81	1009,81667
609,07	1013,55
609,33	1044,01667
609,58	1053,35
609,84	1062,8
610,10	1043,06667
610,35	1013,61667
610,61	1002,3
610,86	991,51667
611,12	995,76667
611,38	986,48333
611,63	981,5
611,89	982,65
612,15	993,43333
612,40	982,16667
612,66	962,05
612,92	936,68333
613,17	963,61667
613,43	985,86667
613,68	1001,93333
613,94	980,1
614,20	964,06667
614,45	952,25
614,71	971,88333
614,97	960,33333
615,22	961,55
615,48	946,66667
615,73	959,83333
615,99	965,68333
616,25	967,88333
616,50	977,76667
616,76	973,28333
617,01	975,45
617,27	952,66667
617,53	954,23333
617,78	971,91667
618,04	989,91667
618,30	996,63333
618,55	962,18333
618,81	961,38333
619,06	939,91667
619,32	942,95
619,58	930,8
619,83	939,75
620,09	931,73333
620,34	927,01667
620,60	917,16667
620,86	919,15
621,11	918,96667
621,37	936,06667
621,62	931,46667
621,88	916,23333
622,14	888,11667
622,39	896,5
622,65	909,93333
622,90	918,08333
623,16	925,11667
623,42	931,01667
623,67	920,68333
623,93	925,63333
624,18	916,95
624,44	952,25
624,70	953,76667
624,95	951,15
625,21	938,81667
625,46	917,68333
625,72	934,63333
625,98	916,5
626,23	926,36667
626,49	901,33333
626,74	908,76667
627,00	909,56667
627,25	915,1
627,51	923,93333
627,77	911,8
628,02	897,06667
628,28	888,86667
628,53	891,56667
628,79	910,86667
629,04	896,38333
629,30	894,45
629,56	901,91667
629,81	902,15
630,07	902,81667
630,32	888,4
630,58	916,9
630,83	911,3
631,09	907,05
631,35	885,66667
631,60	891,41667
631,86	904,28333
632,11	910,85
632,37	895,36667
632,62	879,4
632,88	870,35
633,14	875,73333
633,39	877,33333
633,65	900,23333
633,90	912,28333
634,16	914,91667
634,41	889,01667
634,67	883,31667
634,93	893,36667
635,18	904,46667
635,44	887,71667
635,69	869,33333
635,95	872,25
636,20	898,88333
636,46	902,28333
636,71	896,9
636,97	884,53333
637,22	890,3
637,48	876,05
637,74	873,88333
637,99	875,13333
638,25	889,13333
638,50	884,63333
638,76	887,75
639,01	873,3
639,27	866,45
639,52	861,56667
639,78	872,73333
640,03	873,8
640,29	860,9
640,55	859,75
640,80	857,95
641,06	853,36667
641,31	864,38333
641,57	866,2
641,82	884,03333
642,08	877,3
642,33	882,21667
642,59	888,03333
642,84	889,75
643,10	882,15
643,35	867,16667
643,61	863,95
643,87	873,76667
644,12	876,33333
644,38	863,11667
644,63	868,23333
644,89	884,9
645,14	897,06667
645,40	887,78333
645,65	891,45
645,91	886,01667
646,16	905,86667
646,42	904,95
646,67	902,75
646,93	892,6
647,18	893,08333
647,44	900,85
647,69	896,01667
647,95	879,65
648,20	878,1
648,46	882,65
648,71	892,25
648,97	896,56667
649,22	900,65
649,48	896,35
649,73	892,83333
649,99	885,46667
650,24	905,2
650,50	918,9
650,75	925,8
651,01	919,11667
651,26	916,86667
651,52	912,8
651,77	903,3
652,03	904,48333
652,28	906
652,54	931,5
652,79	958,63333
653,05	982,16667
653,30	983,31667
653,56	966,86667
653,81	968,78333
654,07	980,81667
654,32	998,96667
654,58	1014,68333
654,83	1040,48333
655,09	1048
655,34	1063,35
655,60	1071,48333
655,85	1098,01667
656,11	1138,08333
656,36	1154,05
656,62	1157,51667
656,87	1135,78333
657,13	1105,78333
657,38	1100,38333
657,64	1096,58333
657,89	1101,55
658,15	1062,78333
658,40	1019,01667
658,66	998,26667
658,91	984,88333
659,17	979,3
659,42	963,23333
659,68	959,83333
659,93	938,33333
660,19	921,91667
660,44	926,3
660,70	938,13333
660,95	932,36667
661,20	915,46667
661,46	905,48333
661,71	904,96667
661,97	894,35
662,22	893,91667
662,48	892,58333
662,73	890,5
662,99	895,63333
663,24	893,93333
663,50	882,53333
663,75	868,6
664,01	839,98333
664,26	854,61667
664,52	839,25
664,77	852,43333
665,02	850,06667
665,28	851,76667
665,53	841,91667
665,79	840,33333
666,04	839,38333
666,30	828,66667
666,55	819,5
666,81	799,63333
667,06	801,15
667,32	798,63333
667,57	795,36667
667,82	792,88333
668,08	787,2
668,33	789
668,59	780,5
668,84	782,26667
669,10	775,31667
669,35	827,71667
669,61	795,66667
669,86	807,25
670,11	745,93333
670,37	760,88333
670,62	755,23333
670,88	763,41667
671,13	745,43333
671,39	721
671,64	710,83333
671,90	719,85
672,15	730,11667
672,40	723,18333
672,66	705,86667
672,91	713,31667
673,17	714
673,42	728,96667
673,68	719,98333
673,93	715,7
674,18	713,73333
674,44	702,71667
674,69	705,96667
674,95	708,8
675,20	712,3
675,46	707
675,71	690,4
675,96	701,78333
676,22	696,08333
676,47	704,73333
676,73	698,08333
676,98	699,1
677,23	707,33333
677,49	715,71667
677,74	737,06667
678,00	721,76667
678,25	716,33333
678,51	715,83333
678,76	706,95
679,01	705,6
679,27	687,83333
679,52	691,01667
679,78	689,5
680,03	698,58333
680,28	701,8
680,54	694,73333
680,79	673,78333
681,05	674,88333
681,30	668,71667
681,55	679,75
681,81	680,05
682,06	697,71667
682,32	705,51667
682,57	716,51667
682,82	705,15
683,08	692,08333
683,33	664,65
683,59	673,73333
683,84	667,25
684,09	680,78333
684,35	672
684,60	686,08333
684,86	683,28333
685,11	699,56667
685,36	695,8
685,62	709,13333
685,87	668,98333
686,13	654,46667
686,38	623,78333
686,63	645,85
686,89	664,65
687,14	699,01667
687,40	685,63333
687,65	680,08333
687,90	659,05
688,16	656,33333
688,41	642,53333
688,66	628,23333
688,92	627,95
689,17	616,78333
689,43	611,05
689,68	614,2
689,93	620,33333
690,19	623,01667
690,44	605,16667
690,69	592,08333
690,95	589,28333
691,20	600,73333
691,46	595,36667
691,71	604,76667
691,96	606,2
692,22	615,86667
692,47	603,46667
692,72	591,43333
692,98	590,88333
693,23	594,68333
693,49	609,95
693,74	611,85
693,99	619,06667
694,25	610,51667
694,50	609
694,75	599,43333
695,01	577,35
695,26	575,53333
695,51	574,5
695,77	568,06667
696,02	559,15
696,27	553,6
696,53	574,06667
696,78	582,56667
697,04	585,08333
697,29	573,16667
697,54	564,95
697,80	549,53333
698,05	551,05
698,30	539,46667
698,56	538,05
698,81	536,11667
699,06	540,15
699,32	536,46667
699,57	535,2
699,82	544,58333
700,08	537,76667
700,33	529,38333
700,58	513,58333
700,84	516,8
701,09	507,41667
701,34	504,03333
701,60	509,08333
701,85	511,3
702,10	516,33333
702,36	521,71667
702,61	512,78333
702,86	498,88333
703,12	470,81667
703,37	477,88333
703,62	472,31667
703,88	473,65
704,13	459,13333
704,38	464,43333
704,64	488,05
704,89	496,75
705,14	513,05
705,40	506,48333
705,65	504,95
705,90	482,25
706,16	459,36667
706,41	462,93333
706,66	464,93333
706,92	465,66667
707,17	471,58333
707,42	491,93333
707,68	481,95
707,93	470,55
708,18	457,15
708,44	483,9
708,69	489,9
708,94	486,21667
709,19	473,86667
709,45	481,9
709,70	467,71667
709,95	467,85
710,21	439,75
710,46	436,18333
710,71	449,16667
710,97	450,06667
711,22	458,66667
711,47	433,56667
711,73	439,83333
711,98	435,1
712,23	435,6
712,48	424,6
712,74	419,33333
712,99	415,03333
713,24	405,55
713,50	409,15
713,75	427
714,00	446,51667
714,26	442,46667
714,51	433,9
714,76	436,81667
715,01	438,38333
715,27	457,93333
715,52	457,46667
715,77	472,23333
716,03	461,26667
716,28	464,63333
716,53	472,76667
716,78	465,41667
717,04	460,98333
717,29	453,53333
717,54	457,05
717,80	445,78333
718,05	434,85
718,30	420,28333
718,55	426,15
718,81	415,88333
719,06	423,1
719,31	414,61667
719,57	403,86667
719,82	397,21667
720,07	398,63333
720,32	398
720,58	403,06667
720,83	398,71667
721,08	401,98333
721,33	392,16667
721,59	401,03333
721,84	409,35
722,09	418,61667
722,35	411
722,60	397,01667
722,85	392,15
723,10	379,38333
723,36	379,73333
723,61	364,73333
723,86	375,51667
724,11	386,98333
724,37	380,11667
724,62	370,8
724,87	357,11667
725,12	359,1
725,38	357,2
725,63	357,6
725,88	350,9
726,13	349,26667
726,39	330,31667
726,64	348,45
726,89	348,21667
727,14	355,45
727,40	349,53333
727,65	356,18333
727,90	373,83333
728,15	378,83333
728,41	364,28333
728,66	364,48333
728,91	350,18333
729,16	359,56667
729,42	357,66667
729,67	367,46667
729,92	344,9
730,17	334,81667
730,43	335,71667
730,68	358,71667
730,93	363,33333
731,18	354,7
731,44	346,18333
731,69	335,66667
731,94	339,73333
732,19	352,08333
732,45	362,81667
732,70	376,73333
732,95	358,03333
733,20	339,85
733,45	330,48333
733,71	341,65
733,96	339,83333
734,21	339,46667
734,46	331,2
734,72	337,95
734,97	334
735,22	331,25
735,47	333,03333
735,72	328,18333
735,98	325,8
736,23	326,05
736,48	330,63333
736,73	337,63333
736,99	329,55
737,24	328,9
737,49	323,78333
737,74	330,73333
737,99	348
738,25	352,11667
738,50	351,03333
738,75	321,65
739,00	324,5
739,25	330,53333
739,51	328,3
739,76	329,86667
740,01	335,61667
740,26	350,18333
740,52	356,58333
740,77	375,46667
741,02	383,56667
741,27	385,23333
741,52	385,01667
741,78	398,95
742,03	414,15
742,28	419,65
742,53	433,61667
742,78	458,2
743,04	491,25
743,29	526,05
743,54	554,86667
743,79	549,51667
744,04	529,8
744,30	517,83333
744,55	524,45
744,80	551,98333
745,05	553,91667
745,30	556,95
745,55	541,25
745,81	573,71667
746,06	597,25
746,31	626,08333
746,56	618,4
746,81	625,01667
747,07	625,43333
747,32	632,78333
747,57	648,5
747,82	648,48333
748,07	631,31667
748,32	567,55
748,58	517,88333
748,83	465,35
749,08	448,21667
749,33	425,86667
749,58	416,91667
749,84	398,98333
750,09	373,43333
750,34	355,25
750,59	353,75
750,84	340,9
751,09	353,66667
751,35	340,76667
751,60	348,75
751,85	315,41667
752,10	293,7
752,35	300,38333
752,60	307,35
752,86	315,31667
753,11	291,33333
753,36	278,16667
753,61	272,41667
753,86	264,93333
754,11	264,43333
754,37	247,51667
754,62	247,76667
754,87	248,28333
755,12	270,23333
755,37	278,66667
755,62	282,11667
755,87	258,01667
756,13	244,06667
756,38	242,08333
756,63	258,21667
756,88	283,45
757,13	275,65
757,38	278,43333
757,64	251,28333
757,89	250,41667
758,14	259,65
758,39	259,28333
758,64	278,41667
758,89	265,06667
759,14	281,26667
759,40	272,75
759,65	269,96667
759,90	260,06667
760,15	249,88333
760,40	226,28333
760,65	222,76667
760,90	220,96667
761,15	233,05
761,41	237,9
761,66	233,6
761,91	243,45
762,16	233,16667
762,41	250,86667
762,66	240,13333
762,91	247,8
763,17	242,81667
763,42	250,78333
763,67	260,13333
763,92	259,43333
764,17	258,15
764,42	245,26667
764,67	249,71667
764,92	265,08333
765,18	269,5
765,43	255,51667
765,68	262,81667
765,93	278,71667
766,18	288,86667
766,43	282,63333
766,68	286,68333
766,93	294,18333
767,18	308,53333
767,44	346,06667
767,69	410,11667
767,94	504,06667
768,19	558,45
768,44	584,25
768,69	571,91667
768,94	567,73333
769,19	574,86667
769,44	607,9
769,70	590,5
769,95	556,05
770,20	481,55
770,45	448,05
770,70	413,03333
770,95	376,25
771,20	332,9
771,45	326,26667
771,70	311,35
771,95	304,75
772,21	298,35
772,46	297,15
772,71	302,48333
772,96	292,9
773,21	288,2
773,46	302,98333
773,71	304,18333
773,96	303,01667
774,21	301,06667
774,46	309,26667
774,72	330,96667
774,97	337,1
775,22	345,86667
775,47	378,56667
775,72	435,43333
775,97	541,98333
776,22	666,31667
776,47	823,78333
776,72	930,46667
776,97	974,9
777,22	944,7
777,47	919,13333
777,73	913,56667
777,98	938,85
778,23	907,5
778,48	813,83333
778,73	667,53333
778,98	557,68333
779,23	487,91667
779,48	438,1
779,73	378,43333
779,98	331,91667
780,23	308,78333
780,48	295,93333
780,73	296,41667
780,98	292
781,24	285,2
781,49	261,18333
781,74	236,71667
781,99	230,3
782,24	229,58333
782,49	228,11667
782,74	221,46667
782,99	219,78333
783,24	213,95
783,49	216,33333
783,74	210,95
783,99	229,28333
784,24	218,11667
784,49	214,63333
784,74	201,63333
784,99	211,83333
785,24	198,58333
785,49	177,35
785,75	197,01667
786,00	226,71667
786,25	230,48333
786,50	203,28333
786,75	177,23333
787,00	198,23333
787,25	198,56667
787,50	209,28333
787,75	196,91667
788,00	215,23333
788,25	191,68333
788,50	182,31667
788,75	162,86667
789,00	166,05
789,25	158,21667
789,50	145,33333
789,75	146,05
790,00	161,6
790,25	167,58333
790,50	203,45
790,75	218,8
791,00	220,26667
791,25	210,58333
791,50	190,11667
791,75	188,73333
792,01	194,66667
792,26	198,75
792,51	211,93333
792,76	191,51667
793,01	191,38333
793,26	167,71667
793,51	182,23333
793,76	199,08333
794,01	237,9
794,26	253,53333
794,51	262,31667
794,76	255,7
795,01	261,08333
795,26	265
795,51	272,76667
795,76	260,53333
796,01	260,88333
796,26	254,46667
796,51	240,41667
796,76	213,15
797,01	185,58333
797,26	187,38333
797,51	176,7
797,76	191,93333
798,01	186,46667
798,26	208,48333
798,51	195,48333
798,76	176,98333
799,01	162,98333
799,26	151,38333
799,51	156,65
799,76	152,7
800,01	172,83333
800,26	165,11667
800,51	170,36667
800,76	157,5
801,01	162,65
801,26	149
801,51	144,38333
801,76	144,23333
802,01	140,93333
802,26	148,06667
802,51	161,11667
802,76	167,58333
803,01	161,13333
803,26	136,65
803,51	131,05
803,76	134,83333
804,01	148,03333
804,26	140,78333
804,51	128,68333
804,76	117,71667
805,01	122,11667
805,26	120,91667
805,51	121,3
805,76	113,75
806,01	150,05
806,26	160,43333
806,51	164,6
806,76	120,18333
807,01	103,05
807,26	102,91667
807,51	102,76667
807,76	106,46667
808,01	114,1
808,26	129,86667
808,50	131,75
808,75	128,68333
809,00	120,5
809,25	130,41667
809,50	126,21667
809,75	132,58333
810,00	128,33333
810,25	123,03333
810,50	130,06667
810,75	131,86667
811,00	149,88333
811,25	145,96667
811,50	159,93333
811,75	159,43333
812,00	151,01667
812,25	135,28333
812,50	107,36667
812,75	105,26667
813,00	104,08333
813,25	117,16667
813,50	120,51667
813,75	116,58333
814,00	120,03333
814,25	122,2
814,50	142,78333
814,74	139,76667
814,99	156,66667
815,24	138,18333
815,49	143,81667
815,74	132,18333
815,99	151,61667
816,24	161,23333
816,49	167,45
816,74	183,66667
816,99	182,83333
817,24	205,41667
817,49	190,53333
817,74	238,1
817,99	249,75
818,24	278,78333
818,49	283,61667
818,74	290,48333
818,98	312,41667
819,23	311,01667
819,48	341,01667
819,73	328,28333
819,98	336,8
820,23	309,26667
820,48	332,5
820,73	358,1
820,98	400,4
821,23	412,98333
821,48	411,03333
821,73	411,85
821,98	424,66667
822,23	432,08333
822,47	447,8
822,72	427,36667
822,97	406,8
823,22	374,15
823,47	358,53333
823,72	346,21667
823,97	330,25
824,22	317,78333
824,47	292,06667
824,72	272,76667
824,97	253,31667
825,22	246,55
825,46	237,3
825,71	235,46667
825,96	238,63333
826,21	261,71667
826,46	311,16667
826,71	373,81667
826,96	421,4
827,21	405,46667
827,46	371,68333
827,71	352,91667
827,96	368,4
828,20	369,76667
828,45	336,83333
828,70	291,15
828,95	245,63333
829,20	213,6
829,45	190,1
829,70	178,08333
829,95	166,58333
830,20	153,58333
830,45	163,56667
830,69	159,21667
830,94	155,75
831,19	145,3
831,44	128,16667
831,69	132,93333
831,94	120,91667
832,19	133,65
832,44	115,4
832,69	112,53333
832,93	111,41667
833,18	130,1
833,43	121,16667
833,68	107,78333
833,93	104,53333
834,18	115,1
834,43	123,61667
834,68	112,31667
834,92	98,95
835,17	100,38333
835,42	108,08333
835,67	122,58333
835,92	111,71667
836,17	104,78333
836,42	92,05
836,67	75,33333
836,91	85,8
837,16	92,65
837,41	97,46667
837,66	111,43333
837,91	127,9
838,16	136,35
838,41	119,35
838,66	93,13333
838,90	109,31667
839,15	102,3
839,40	111,86667
839,65	93,36667
839,90	88,23333
840,15	94,91667
840,40	88,18333
840,64	104,91667
840,89	85,7
841,14	101,86667
841,39	90,55
841,64	93,5
841,89	97,26667
842,14	83,18333
842,38	113,98333
842,63	119,68333
842,88	130,25
843,13	109,78333
843,38	123,03333
843,63	150,86667
843,87	193,48333
844,12	201,76667
844,37	211,13333
844,62	200,31667
844,87	199,35
845,12	209,53333
845,37	203,88333
845,61	188,85
845,86	154,83333
846,11	137,9
846,36	119,08333
846,61	116,13333
846,86	109,91667
847,10	114,33333
847,35	125,16667
847,60	118,08333
847,85	111
848,10	92,1
848,35	93,85
848,59	99,2
848,84	84,5
849,09	90,6
849,34	80,61667
849,59	90,15
849,84	60,63333
850,08	67,9
850,33	58,8
850,58	68,8
850,83	71,65
851,08	61,66667
851,32	54,38333
851,57	48,46667
851,82	75,75
852,07	81,15
852,32	92,8
852,57	68,06667
852,81	84,95
853,06	66,5
853,31	84,86667
853,56	70,23333
853,81	69,2
854,05	70,23333
854,30	62,78333
854,55	65,46667
854,80	53,45
855,05	89,38333
855,29	91,16667
855,54	99,38333
855,79	74,1
856,04	71,76667
856,29	72,18333
856,53	81,48333
856,78	78,93333
857,03	66,61667
857,28	64,93333
857,53	72,41667
857,77	94,03333
858,02	83,78333
858,27	82,26667
858,52	76,68333
858,77	73,75
859,01	71,83333
859,26	72,3
859,51	85,26667
859,76	79,35
860,01	78,1
860,25	70,36667
860,50	86,31667
860,75	83,1
861,00	97,03333
861,25	93,06667
861,49	96,15
861,74	92,4
861,99	86,3
862,24	95,08333
862,48	106,81667
862,73	119,78333
862,98	118,98333
863,23	129,86667
863,48	142,88333
863,72	158,1
863,97	161,45
864,22	155,28333
864,47	125,53333
864,71	99,75
864,96	103,93333
865,21	110,7
865,46	107,01667
865,70	92,35
865,95	85,86667
866,20	98,55
866,45	125,75
866,70	155,85
866,94	193,13333
867,19	208,96667
867,44	256,25
867,69	290,15
867,93	310,48333
868,18	312,8
868,43	307,98333
868,68	308,68333
868,92	291,83333
869,17	254,75
869,42	240,08333
869,67	213,71667
869,91	195,11667
870,16	161,01667
870,41	164,81667
870,66	178,36667
870,90	199,55
871,15	189,25
871,40	171,2
871,65	148,15
871,89	145,56667
872,14	137,35
872,39	130,76667
872,64	115,21667
872,88	102,7
873,13	79,08333
873,38	59,93333
873,63	75,95
873,87	77,5
874,12	60,31667
874,37	28,83333
874,62	31,1
874,86	41,53333
875,11	50,2
875,36	48,75
875,60	42,6
875,85	47,05
876,10	50,91667
876,35	64,66667
876,59	55,63333
876,84	43,66667
877,09	44
877,34	51,31667
877,58	50,73333
877,83	43,56667
878,08	33,76667
878,32	31,25
878,57	22,21667
878,82	36,65
879,07	34,2
879,31	36,2
879,56	27,93333
879,81	30,15
880,06	25,66667
880,30	13,11667
880,55	38,36667
880,80	49,65
881,04	57,05
881,29	62
881,54	68,98333
881,79	64,55
882,03	28,43333
882,28	33,9
882,53	41,6
882,77	60,9
883,02	48,11667
883,27	46,9
883,51	30,21667
883,76	33,7
884,01	39,96667
884,26	35,13333
884,50	24,78333
884,75	2,33333
885,00	9,35
885,24	12,96667
885,49	17,95
885,74	35,8
885,98	19,2
886,23	13,65
886,48	3,78333
886,73	32,4
886,97	47,45
887,22	31,16667
887,47	9,06667
887,71	-3,8
887,96	-3,38333
888,21	9,21667
888,45	20,66667
888,70	39,11667
888,95	27,26667
889,19	18,15
889,44	7,83333
889,69	16,31667
889,93	3,16667
890,18	14,81667
890,43	19,5
890,67	38,38333
890,92	16,53333
891,17	26,16667
891,42	36,53333
891,66	63,13333
891,91	56,95
892,16	51,83333
892,40	54,93333
892,65	47,68333
892,90	40,68333
893,14	26,36667
893,39	27,66667
893,64	23,81667
893,88	5,03333
894,13	20
894,38	30,8
894,62	35,03333
894,87	10,38333
895,12	-8,1
895,36	-1,93333
895,61	2,38333
895,86	9,21667
896,10	4,05
896,35	-0,86667
896,60	-15,86667
896,84	-16,78333
897,09	-10,01667
897,33	9,9
897,58	14,8
897,83	18,2
898,07	13,15
898,32	15,23333
898,57	15,7
898,81	27,01667
899,06	42,45
899,31	69,78333
899,55	68,75
899,80	43,68333
900,05	13,53333
900,29	1,8
900,54	29,86667
900,79	27,83333
901,03	30,23333
901,28	15,45
901,52	33,15
901,77	49,3
902,02	59,75
902,26	37,08333
902,51	24,68333
902,76	0,01667
903,00	17,98333
903,25	12,95
903,50	31,11667
903,74	25,21667
903,99	30,1
904,23	41,93333
904,48	52,91667
904,73	76,56667
904,97	80,31667
905,22	89,55
905,47	72,36667
905,71	72,45
905,96	60,56667
906,20	69,68333
906,45	59,15
906,70	54,86667
906,94	43,33333
907,19	37,38333
907,44	22,9
907,68	8,3
907,93	8,08333
908,17	-7,41667
908,42	8,23333
908,67	-6,66667
908,91	24
909,16	29,75
909,40	32,36667
909,65	14,3
909,90	3,38333
910,14	5,13333
910,39	-6,55
910,63	-1,9
910,88	12,76667
911,13	48,51667
911,37	45,31667
911,62	30,18333
911,86	6,28333
912,11	6,75
912,36	15,81667
912,60	18,05
912,85	29,53333
913,09	26,45
913,34	39,43333
913,59	8,28333
913,83	16,65
914,08	0,41667
914,32	27,2
914,57	26,03333
914,82	42,1
915,06	35,7
915,31	27,61667
915,55	25,66667
915,80	35,46667
916,05	26,21667
916,29	6,85
916,54	-11
916,78	8,85
917,03	26,03333
917,27	27,85
917,52	11,55
917,77	13,15
918,01	16,55
918,26	10,75
918,50	-1,91667
918,75	-7,65
919,00	-3,93333
919,24	-3,71667
919,49	-13,11667
919,73	-3,68333
919,98	-8,51667
920,22	5,01667
920,47	-1,26667
920,72	-4,75
920,96	-12,13333
921,21	-12,83333
921,45	-2,18333
921,70	-5,78333
921,94	4,8
922,19	12,08333
922,43	14,56667
922,68	32,68333
922,93	31,7
923,17	29,6
923,42	-7,71667
923,66	-10,06667
923,91	-9,65
924,15	3,35
924,40	2,21667
924,64	3,2
924,89	1,18333
925,14	0,05
925,38	3
925,63	18,31667
925,87	29,65
926,12	49,38333
926,36	38,78333
926,61	28,4
926,85	98,91667
927,10	93,58333
927,35	90,4
927,59	18,41667
927,84	13,51667
928,08	26,3
928,33	11,71667
928,57	20,45
928,82	22,88333
929,06	27,26667
929,31	27,46667
929,55	18,1
929,80	24,2
930,04	21,86667
930,29	18,61667
930,54	10,08333
930,78	4,78333
931,03	-3,86667
931,27	7,93333
931,52	10,38333
931,76	17,08333
932,01	-9,66667
932,25	-14,51667
932,50	1,95
932,74	11,11667
932,99	34,23333
933,23	15,78333
933,48	23,8
933,72	9,55
933,97	2,75
934,21	27,03333
934,46	40,33333
934,70	62,46667
934,95	35,76667
935,19	4,68333
935,44	-14,3
935,68	-15,18333
935,93	0,15
936,18	7,96667
936,42	5,58333
936,67	-0,81667
936,91	5,7
937,16	32,03333
937,40	28,58333
937,65	4,15
937,89	-17,86667
938,14	-12,53333
938,38	5,93333
938,63	20,15
938,87	26,48333
939,12	39,93333
939,36	62,63333
939,61	74,35
939,85	59,45
940,10	17,43333
940,34	10,23333
940,59	7,85
940,83	3,4
941,08	5,66667
941,32	11,71667
941,57	27,78333
941,81	8,15
942,06	0,2
942,30	-4,86667
942,55	7,28333
942,79	-4,66667
943,03	-3,96667
943,28	2,43333
943,52	39,1
943,77	22,46667
944,01	0,55
944,26	-34,11667
944,50	-35,38333
944,75	-5,61667
944,99	10,93333
945,24	20,38333
945,48	19,65
945,73	72,05
945,97	68,35
946,22	49,4
946,46	-7,88333
946,71	8,98333
946,95	10,58333
947,20	-2,75
947,44	-17,71667
947,69	-12
947,93	-7,48333
948,17	-11,56667
948,42	-22,98333
948,66	-13,73333
948,91	-20,66667
949,15	-26,76667
949,40	-37,31667
949,64	-20,95
949,89	-11,98333
950,13	-9,36667
950,38	-23,71667
950,62	-19,7
950,87	-11,36667
951,11	11,4
951,35	3,41667
951,60	2,13333
951,84	-14,81667
952,09	-12,15
952,33	-12,9
952,58	-1,03333
952,82	-12,46667
953,07	-21,95
953,31	-18,98333
953,56	-4,55
953,80	0,6
954,04	-29,38333
954,29	-48,95
954,53	-58,43333
954,78	-48,93333
955,02	-37,36667
955,27	-30,45
955,51	-26,18333
955,76	-24,15
956,00	-21,23333
956,24	-23,95
956,49	-17,41667
956,73	-9,38333
956,98	-3,85
957,22	14,95
957,47	25,13333
957,71	16,7
957,95	6,53333
958,20	-1,11667
958,44	19,71667
958,69	3,63333
958,93	-0,86667
959,18	-8,83333
959,42	9,1
959,66	-1,38333
959,91	-15,55
960,15	-36,95
960,40	-33,65
960,64	-24,8
960,89	-8,15
961,13	100,55
961,37	115,53333
961,62	117,86667
961,86	18,81667
962,11	16,63333
962,35	-4,73333
962,59	-8,23333
962,84	-36,53333
963,08	-17,78333
963,33	-19
963,57	-5,03333
963,81	-18,35
964,06	-19,3
964,30	-2,98333
964,55	-19,16667
964,79	9,61667
965,04	10,78333
965,28	20,41667
965,52	-5,21667
965,77	-21,31667
966,01	-9,23333
966,26	-8,9
966,50	-1,66667
966,74	3,58333
966,99	9,65
967,23	8,93333
967,48	-1,53333
967,72	-10,48333
967,96	-24,11667
968,21	-13,55
968,45	-19
968,69	-7,65
968,94	3,35
969,18	-0,88333
969,43	-14,86667
969,67	-29,58333
969,91	-11,5
970,16	3,53333
970,40	-1,35
970,65	-11,35
970,89	-30,06667
971,13	-25,75
971,38	-24,5
971,62	9,88333
971,86	5,18333
972,11	11,5
972,35	-14,06667
972,60	-1,78333
972,84	3,81667
973,08	5,8
973,33	-7,5
973,57	-7,56667
973,81	3,51667
974,06	3,65
974,30	-16,36667
974,55	-15,11667
974,79	-2,4
975,03	9,6
975,28	1,98333
975,52	-17,5
975,76	-18,15
976,01	-21,76667
976,25	-8,83333
976,50	-10,55
976,74	0,81667
976,98	5,63333
977,23	0,03333
977,47	-0,01667
977,71	-6,03333
977,96	-17,4
978,20	-38,75
978,44	-48,06667
978,69	-19,51667
978,93	-6,61667
979,17	0,4
979,42	-6,51667
979,66	-6,98333
979,90	1,88333
980,15	20,36667
980,39	25,11667
980,64	9,36667
980,88	4,75
981,12	4,78333
981,37	5,01667
981,61	-6,1
981,85	-19,15
982,10	-12
982,34	-35,73333
982,58	-25,48333
982,83	-41,41667
983,07	-36,2
983,31	-39,73333
983,56	-38,63333
983,80	-27,3
984,04	-23,08333
984,29	-2,38333
984,53	-1,35
984,77	-4,98333
985,02	-2,43333
985,26	-20,55
985,50	1,48333
985,75	-12,68333
985,99	3,28333
986,23	-18,43333
986,48	-13,21667
986,72	-14,63333
986,96	2,86667
987,20	3,85
987,45	0,41667
987,69	-24,78333
987,93	-15,68333
988,18	0,25
988,42	13,38333
988,66	7,53333
988,91	-10,05
989,15	-13,93333
989,39	-25,81667
989,64	-30,1
989,88	-28,51667
990,12	-22,63333
990,37	-11,18333
990,61	-11,3
990,85	-18,91667
991,10	-30,46667
991,34	-32,11667
991,58	-26,73333
991,82	-25,1
992,07	-26,61667
992,31	-21,45
992,55	-29,7
992,80	-33,43333
993,04	-25,6
993,28	3,28333
993,53	8,78333
993,77	-1,01667
994,01	-29,43333
994,25	-32,68333
994,50	-25,76667
994,74	-8,55
994,98	-10,93333
995,23	-16,98333
995,47	-13,18333
995,71	-12,78333
995,95	-12,11667
996,20	-1,85
996,44	4,43333
996,68	-1,01667
996,93	-22
997,17	-21,38333
997,41	-14,65
997,65	-22,85
997,90	-33,98333
998,14	-41,05
998,38	-25,65
998,63	-21,56667
998,87	-19,28333
999,11	-31,81667
999,35	-29,08333
999,60	-33,73333
999,84	-25,61667
1000,08	0,35
1000,32	10,88333
1000,57	9,41667
1000,81	6,96667
1001,05	6,85
1001,30	19,38333
1001,54	0,71667
1001,78	16,83333
1002,02	10,75
1002,27	15,26667
1002,51	-10,25
1002,75	-12,25
1002,99	-24,5
1003,24	-27,35
1003,48	-25,3
1003,72	-36,2
1003,96	-25,83333
1004,21	-19,56667
1004,45	4,85
1004,69	6,81667
1004,93	1,9
1005,18	-1,21667
1005,42	3,41667
1005,66	-8,16667
1005,90	-17,26667
1006,15	-34,13333
1006,39	-18,98333
1006,63	0,06667
1006,87	15,63333
1007,12	8,88333
1007,36	3,4
1007,60	7,63333
1007,84	-2,73333
1008,09	-8,31667
1008,33	-25,81667
1008,57	-14,35
1008,81	-9,33333
1009,06	-9,66667
1009,30	-11,56667
1009,54	-9,96667
1009,78	0,81667
1010,03	0,35
1010,27	-15,25
1010,51	-14,51667
1010,75	-15,55
1010,99	-1,43333
1011,24	-2,86667
1011,48	25,2
1011,72	17,88333
1011,96	28,73333
1012,21	6,58333
1012,45	4,96667
1012,69	-3,35
1012,93	-12,95
1013,18	-7,58333
1013,42	-11,75
1013,66	-3,38333
1013,90	-16,58333
1014,14	-17,55
1014,39	-11,76667
1014,63	-5,3
1014,87	6,8
1015,11	-9,85
1015,35	-27,58333
1015,60	-16,61667
1015,84	-2,93333
1016,08	2,7
1016,32	-14,5
1016,57	-28,31667
1016,81	-19,65
1017,05	-18,26667
1017,29	-8,6
1017,53	-10,26667
1017,78	-14,55
1018,02	-25,78333
1018,26	-13,41667
1018,50	-20,21667
1018,74	0,41667
1018,99	-15,48333
1019,23	-20,35
1019,47	-36,05
1019,71	-21,96667
1019,95	-6,06667
1020,20	-8,43333
1020,44	-19,7
1020,68	-23
1020,92	-3,11667
1021,16	-2,61667
1021,41	-1,8
1021,65	-23,78333
1021,89	-27,66667
1022,13	-35,56667
1022,37	-34,85
1022,61	-36,51667
1022,86	-41,21667
1023,10	-19,18333
1023,34	-15,43333
1023,58	-3,9
1023,82	-30,83333
1024,07	-24,4
1024,31	-13,96667
1024,55	-6,16667
1024,79	-1,38333
1025,03	-23,46667
1025,27	-14,95
1025,52	-32,88333
1025,76	-31,75
1026,00	-23,16667
1026,24	-18,96667
1026,48	-17,71667
1026,73	-25,46667
1026,97	0,45
1027,21	10,06667
1027,45	10,41667
1027,69	-9,08333
1027,93	-4,53333
1028,18	-7,13333
1028,42	-0,18333
1028,66	-3,56667
1028,90	1,83333
1029,14	-3,26667
1029,38	-15,98333
1029,62	-11,16667
1029,87	-8,2
1030,11	8,68333
1030,35	-7,5
1030,59	-11,43333
1030,83	-26,95
1031,07	-30,2
1031,32	-38,01667
1031,56	-13,91667
1031,80	1,6
1032,04	16,85
1032,28	-5,66667
1032,52	-8,73333
1032,76	-10,68333
1033,01	-11,88333
1033,25	-8,58333
1033,49	-14,15
1033,73	-12
1033,97	-30,18333
1034,21	-39,26667
1034,45	-47,23333
1034,70	-49,5
1034,94	-34,33333
1035,18	56,01667
1035,42	66,58333
1035,66	78,31667
1035,90	5,8
1036,14	-10,95
1036,39	-14,66667
1036,63	-29,41667
1036,87	11,83333
1037,11	-0,46667
1037,35	5
1037,59	-3,43333
1037,83	12,83333
1038,07	42
1038,32	22,81667
1038,56	8,88333
1038,80	9,11667
1039,04	25,3
1039,28	32,58333
1039,52	7,23333
1039,76	-11,75
1040,00	-11,55
1040,25	-24,4
1040,49	-19,28333
1040,73	-22,8
1040,97	-15,13333
1041,21	-1,16667
1041,45	2,66667
1041,69	22,73333
1041,93	0,9
1042,17	-4,81667
1042,42	-27,16667
1042,66	-22,38333
1042,90	-14
1043,14	-23,41667
1043,38	-11,41667
1043,62	-24,68333
1043,86	-14,33333
1044,10	-11,76667
1044,34	13,41667
1044,59	16,53333
1044,83	6,55
1045,07	-14,46667
1045,31	-11,51667
1045,55	-15,85
1045,79	-37,18333
1046,03	-29,06667
1046,27	-13,41667
1046,51	5,3
1046,75	-11,33333
1047,00	-20,5
1047,24	-14,7
1047,48	-9,6
1047,72	-8,93333
1047,96	-17,8
1048,20	-8,1
1048,44	-4,1
1048,68	-8,21667
1048,92	-20,65
1049,16	-39,88333
1049,40	-35,95
1049,64	-38,83333
1049,89	-16,51667
1050,13	-13,71667
1050,37	14,61667
1050,61	11,5
1050,85	22,68333
1051,09	8,75
1051,33	6,86667
1051,57	9,95
1051,81	2,35
1052,05	5,01667
1052,29	15,18333
1052,53	3,38333
1052,77	20,56667
1053,02	-0,03333
1053,26	17,53333
1053,50	-1,46667
1053,74	-8,25
1053,98	-12,51667
1054,22	-28,86667
1054,46	-23,35
1054,70	-21,08333
1054,94	-21,38333
1055,18	-20,58333
1055,42	-9,3
1055,66	-0,6
1055,90	-9,26667
1056,14	-16,55
1056,38	2,6
1056,62	2,83333
1056,86	7,06667
1057,11	-6,78333
1057,35	-4,8
1057,59	-30,75
1057,83	-21,7
1058,07	-6,1
1058,31	32,56667
1058,55	33,08333
1058,79	17,28333
1059,03	-17,76667
1059,27	-23,23333
1059,51	-22,85
1059,75	-10,3
1059,99	-24,66667
1060,23	-19,58333
1060,47	1,38333
1060,71	23,2
1060,95	2,48333
1061,19	-22,38333
1061,43	-33,76667
1061,67	-0,48333
1061,91	9
1062,15	1,21667
1062,39	-17,15
1062,64	-7,38333
1062,88	-3,45
1063,12	7,5
1063,36	21,7
1063,60	59,51667
1063,84	151,18333
1064,08	372,95
1064,32	712,11667
1064,56	892,85
1064,80	791,7
1065,04	548,98333
1065,28	331,98333
1065,52	240,13333
1065,76	140,61667
1066,00	116,21667
1066,24	79,56667
1066,48	71,28333
1066,72	51,08333
1066,96	39,63333
1067,20	16,38333
1067,44	12,51667
1067,68	8,13333
1067,92	7,51667
1068,16	11,11667
1068,40	22,23333
1068,64	33,16667
1068,88	29,4
1069,12	11,03333
1069,36	14,56667
1069,60	-3,2
1069,84	25,88333
1070,08	12,4
1070,32	28,5
1070,56	4,66667
1070,80	4,05
1071,04	38,81667
1071,28	36,86667
1071,52	44,33333
1071,76	-4,21667
1072,00	5,73333
1072,24	-9,25
1072,48	-4,38333
1072,72	-8,95
1072,96	9,25
1073,20	-4,33333
1073,44	5,1
1073,68	-0,46667
1073,92	13
1074,16	-6,1
1074,40	-8,73333
1074,64	-18,65
1074,88	-16,06667
1075,12	-9,78333
1075,36	-7,03333
1075,60	2,98333
1075,84	-7,01667
1076,08	-4,38333
1076,32	-14,86667
1076,56	-21,93333
1076,80	-20,73333
1077,04	-32,11667
1077,28	-29,55
1077,52	-44,31667
1077,76	-47,71667
1078,00	-38,18333
1078,24	-2,28333
1078,48	12,73333
1078,71	6,23333
1078,95	-11,86667
1079,19	-25,86667
1079,43	-43,23333
1079,67	-46,85
1079,91	-26,1
1080,15	-13,98333
1080,39	-15,68333
1080,63	-16,91667
1080,87	-15,03333
1081,11	-13,31667
1081,35	-16,23333
1081,59	-4,73333
1081,83	-6,3
1082,07	-20,93333
1082,31	-27,51667
1082,55	-29,11667
1082,79	-22,58333
1083,03	-16,26667
1083,27	-27,13333
1083,51	-22,03333
1083,75	-27,48333
1083,99	0,01667
1084,22	1,11667
1084,46	-2,83333
1084,70	-2,15
1084,94	-9,75
1085,18	-10,8
1085,42	-36,08333
1085,66	-28,85
1085,90	-30,21667
1086,14	-6,91667
1086,38	10,95
1086,62	4,38333
1086,86	6,68333
1087,10	-10,65
1087,34	-0,08333
1087,58	-20,4
1087,82	-25,83333
1088,06	-15,3
1088,29	5,28333
1088,53	1,85
1088,77	-14,45
1089,01	-18,21667
1089,25	-13,51667
1089,49	-4,75
1089,73	-16,55
1089,97	-9,35
1090,21	-16,21667
1090,45	-10,18333
1090,69	-19,33333
1090,93	-21,7
1091,17	-35,7
1091,40	-11,53333
1091,64	-13,91667
1091,88	-12,06667
1092,12	-36,48333
1092,36	-28,33333
1092,60	-25,65
1092,84	-12,08333
1093,08	-4,03333
1093,32	4,96667
1093,56	3,06667
1093,80	16,13333
1094,04	9,71667
1094,27	-1,01667
1094,51	-7,3
1094,75	2,8
1094,99	9,01667
1095,23	0,08333
1095,47	84,96667
1095,71	80
1095,95	75,01667
1096,19	-17,51667
1096,43	-10,46667
1096,66	-27,38333
1096,90	-34,98333
1097,14	-34,83333
1097,38	-37,23333
1097,62	-27,3
1097,86	-30,85
1098,10	-8,63333
1098,34	-3,63333
1098,58	-13,08333
1098,81	-15,68333
1099,05	-13,76667
1099,29	16,66667
1099,53	27,93333
1099,77	20,26667
1100,01	-10,28333
1100,25	-16,31667
1100,49	-13,56667
1100,73	16,5
1100,96	32,38333
1101,20	41,58333
1101,44	7,06667
1101,68	-6,56667
1101,92	-18,11667
1102,16	-6,51667
1102,40	-2,7
1102,64	2,43333
1102,87	9,5
1103,11	-3,76667
1103,35	-5,5
1103,59	-14,56667
1103,83	-15,46667
1104,07	-3,1
1104,31	-1,11667
1104,55	-0,9
1104,78	-24,88333
1105,02	-16,31667
1105,26	-26,76667
1105,50	-17,13333
1105,74	-35,5
1105,98	-23,23333
1106,22	-6,46667
1106,45	-0,85
1106,69	-9,66667
1106,93	-20,28333
1107,17	-19,13333
1107,41	-16,73333
1107,65	-25,05
1107,89	-19,51667
1108,12	-16,38333
1108,36	-32,4
1108,60	-28,7
1108,84	-22,98333
1109,08	-12,33333
1109,32	-12,45
1109,55	-19,98333
1109,79	0,56667
1110,03	-8,88333
1110,27	-3,31667
1110,51	-17,78333
1110,75	-25,48333
1110,99	-28,81667
1111,22	-40,28333
1111,46	-36,15
1111,70	-41,86667
1111,94	-49
1112,18	-53,1
1112,42	-44,91667
1112,65	-24,58333
1112,89	-10,35
1113,13	-17,9
1113,37	-15,21667
1113,61	-12,93333
1113,85	13,05
1114,08	3,41667
1114,32	-8,43333
1114,56	-14,08333
1114,80	-11,13333
1115,04	6,18333
1115,28	-13,68333
1115,51	-7,66667
1115,75	-6,93333
1115,99	-1,13333
1116,23	-1,61667
1116,47	-2,11667
1116,70	-4,86667
1116,94	-19,08333
1117,18	-15,6
1117,42	-21,01667
1117,66	-3,01667
1117,90	-29,8
1118,13	-28,43333
1118,37	-53,38333
1118,61	-46,05
1118,85	-35,55
1119,09	-33,85
1119,32	-23,43333
1119,56	-22,85
1119,80	-27,61667
1120,04	-42,98333
1120,28	-31,35
1120,51	-23,13333
1120,75	-12,01667
1120,99	-31,95