194,56	-202,81923
194,83	-202,81923
195,09	-197,05256
195,36	-128,9859
195,63	-62,5859
195,90	-4,66923
196,17	-17,76923
196,44	-31,3359
196,71	-20,9859
196,97	-9,45256
197,24	17,43077
197,51	-5,71923
197,78	8,5641
198,05	8,54744
198,32	22,78077
198,59	4,24744
198,86	6,5641
199,12	-0,21923
199,39	8,48077
199,66	9,48077
199,93	24,7641
200,20	25,09744
200,47	5,54744
200,74	5,89744
201,00	-2,10256
201,27	5,54744
201,54	-8,15256
201,81	16,5141
202,08	-2,26923
202,35	8,94744
202,61	0,29744
202,88	52,13077
203,15	32,93077
203,42	24,6141
203,69	-11,11923
203,96	0,19744
204,23	-2,76923
204,49	-8,76923
204,76	18,9641
205,03	35,78077
205,30	43,93077
205,57	21,3141
205,84	20,54744
206,10	40,13077
206,37	47,79744
206,64	51,2641
206,91	43,43077
207,18	30,49744
207,45	27,2141
207,71	14,78077
207,98	29,49744
208,25	15,2141
208,52	7,63077
208,79	-1,3859
209,06	6,78077
209,32	19,9141
209,59	26,14744
209,86	0,99744
210,13	7,3641
210,40	18,1641
210,67	48,34744
210,93	42,1141
211,20	14,99744
211,47	9,09744
211,74	28,69744
212,01	31,9641
212,28	45,08077
212,54	49,1641
212,81	54,83077
213,08	45,8641
213,35	35,69744
213,62	48,0641
213,88	54,1641
214,15	40,8641
214,42	27,4641
214,69	30,24744
214,96	33,04744
215,23	59,6141
215,49	51,89744
215,76	52,38077
216,03	43,59744
216,30	27,19744
216,57	12,5141
216,83	7,74744
217,10	14,39744
217,37	35,39744
217,64	59,19744
217,91	71,6641
218,17	39,23077
218,44	-8,96923
218,71	-11,21923
218,98	12,2641
219,25	48,4641
219,51	51,3641
219,78	48,29744
220,05	29,7641
220,32	21,59744
220,59	29,23077
220,85	31,03077
221,12	43,1641
221,39	55,7141
221,66	53,8641
221,93	32,7141
222,19	7,64744
222,46	24,33077
222,73	39,74744
223,00	61,03077
223,27	43,09744
223,53	41,19744
223,80	27,88077
224,07	40,2641
224,34	55,98077
224,61	52,43077
224,87	32,44744
225,14	2,34744
225,41	7,4641
225,68	30,24744
225,94	46,08077
226,21	48,58077
226,48	30,8641
226,75	31,7641
227,02	18,14744
227,28	27,89744
227,55	13,2641
227,82	24,89744
228,09	-1,1359
228,36	-3,11923
228,62	-0,4859
228,89	22,94744
229,16	35,73077
229,43	30,09744
229,69	26,13077
229,96	25,5641
230,23	21,13077
230,50	30,03077
230,76	19,4141
231,03	21,78077
231,30	23,68077
231,57	33,19744
231,84	31,24744
232,10	17,68077
232,37	17,78077
232,64	9,2641
232,91	15,13077
233,17	22,8141
233,44	32,69744
233,71	30,68077
233,98	11,3141
234,24	12,5141
234,51	33,09744
234,78	43,6641
235,05	55,98077
235,31	37,44744
235,58	32,08077
235,85	11,79744
236,12	0,0641
236,39	24,44744
236,65	36,79744
236,92	82,93077
237,19	74,0141
237,46	105,39744
237,72	68,18077
237,99	48,7641
238,26	15,58077
238,53	38,84744
238,79	39,1141
239,06	37,19744
239,33	8,3141
239,60	3,79744
239,86	-8,25256
240,13	-10,36923
240,40	-12,91923
240,67	18,88077
240,93	30,3641
241,20	33,24744
241,47	7,18077
241,73	9,0641
242,00	12,89744
242,27	20,1641
242,54	18,6141
242,80	19,19744
243,07	25,79744
243,34	25,53077
243,61	60,5641
243,87	42,0141
244,14	40,03077
244,41	1,5141
244,68	14,79744
244,94	17,5641
245,21	28,63077
245,48	35,13077
245,74	28,13077
246,01	38,24744
246,28	30,5641
246,55	26,23077
246,81	2,78077
247,08	5,4141
247,35	18,64744
247,62	22,24744
247,88	5,3141
248,15	11,69744
248,42	47,98077
248,68	52,2641
248,95	35,73077
249,22	6,88077
249,49	18,14744
249,75	18,69744
250,02	27,34744
250,29	18,83077
250,56	36,73077
250,82	46,64744
251,09	50,74744
251,36	53,9141
251,62	28,3641
251,89	32,24744
252,16	46,99744
252,43	73,38077
252,69	65,14744
252,96	32,79744
253,23	24,89744
253,49	31,63077
253,76	40,83077
254,03	60,3141
254,29	61,48077
254,56	58,64744
254,83	30,19744
255,10	9,28077
255,36	8,23077
255,63	18,2141
255,90	43,6141
256,16	45,79744
256,43	24,33077
256,70	29,38077
256,96	26,39744
257,23	33,6141
257,50	25,2141
257,77	36,53077
258,03	38,89744
258,30	44,9641
258,57	22,03077
258,83	27,6641
259,10	19,83077
259,37	24,39744
259,63	13,33077
259,90	26,68077
260,17	24,24744
260,43	30,3141
260,70	16,33077
260,97	39,7141
261,24	45,14744
261,50	46,54744
261,77	33,49744
262,04	20,48077
262,30	11,34744
262,57	5,53077
262,84	17,93077
263,10	46,68077
263,37	60,8141
263,64	42,58077
263,90	16,49744
264,17	5,08077
264,44	13,93077
264,70	14,38077
264,97	27,38077
265,24	50,3641
265,50	63,1641
265,77	62,9641
266,04	47,14744
266,30	34,4141
266,57	13,33077
266,84	10,04744
267,10	14,63077
267,37	44,44744
267,64	50,58077
267,90	65,14744
268,17	56,5141
268,44	44,74744
268,70	19,68077
268,97	-10,01923
269,24	-0,80256
269,50	15,23077
269,77	38,79744
270,04	47,89744
270,30	38,9141
270,57	44,7141
270,84	19,94744
271,10	33,4641
271,37	22,34744
271,64	53,39744
271,90	79,9641
272,17	82,88077
272,44	66,94744
272,70	35,99744
272,97	28,2641
273,24	22,13077
273,50	26,83077
273,77	35,83077
274,04	39,8141
274,30	30,78077
274,57	25,44744
274,84	39,93077
275,10	42,43077
275,37	42,0141
275,64	22,88077
275,90	7,5141
276,17	3,9141
276,43	13,44744
276,70	13,79744
276,97	7,89744
277,23	19,83077
277,50	24,3641
277,77	19,09744
278,03	-15,11923
278,30	-5,46923
278,57	-4,91923
278,83	7,4641
279,10	13,93077
279,37	10,23077
279,63	9,68077
279,90	17,98077
280,16	39,63077
280,43	54,64744
280,70	42,3641
280,96	61,84744
281,23	57,8141
281,50	46,54744
281,76	22,3641
282,03	22,44744
282,29	31,5141
282,56	31,43077
282,83	19,83077
283,09	9,43077
283,36	14,74744
283,63	21,7641
283,89	32,38077
284,16	35,18077
284,42	39,83077
284,69	43,1641
284,96	36,29744
285,22	30,54744
285,49	31,44744
285,76	33,33077
286,02	55,73077
286,29	62,7641
286,55	60,2641
286,82	35,63077
287,09	14,89744
287,35	28,9141
287,62	23,09744
287,88	30,83077
288,15	8,89744
288,42	5,5141
288,68	17,64744
288,95	29,1141
289,22	49,73077
289,48	43,54744
289,75	45,49744
290,01	45,63077
290,28	30,38077
290,55	35,1641
290,81	16,93077
291,08	35,18077
291,34	44,6641
291,61	65,84744
291,88	65,24744
292,14	37,1641
292,41	29,63077
292,67	46,73077
292,94	64,88077
293,21	62,64744
293,47	50,64744
293,74	48,83077
294,00	33,99744
294,27	14,38077
294,54	3,33077
294,80	20,78077
295,07	45,18077
295,33	42,2641
295,60	42,09744
295,86	24,9641
296,13	19,9641
296,40	6,93077
296,66	18,89744
296,93	63,54744
297,19	83,94744
297,46	78,69744
297,73	57,7141
297,99	44,33077
298,26	31,63077
298,52	17,34744
298,79	19,14744
299,05	6,7641
299,32	25,2141
299,59	42,8641
299,85	62,88077
300,12	50,08077
300,38	34,3641
300,65	28,53077
300,92	41,9141
301,18	46,24744
301,45	68,0641
301,71	51,9641
301,98	65,5641
302,24	76,18077
302,51	92,64744
302,78	92,7141
303,04	74,93077
303,31	82,24744
303,57	90,43077
303,84	90,23077
304,10	69,79744
304,37	66,09744
304,63	83,6641
304,90	107,1141
305,17	115,13077
305,43	105,44744
305,70	124,1641
305,96	124,0141
306,23	126,6141
306,49	119,04744
306,76	117,39744
307,03	120,64744
307,29	109,69744
307,56	120,03077
307,82	126,6141
308,09	134,74744
308,35	133,5141
308,62	149,4141
308,88	140,34744
309,15	146,23077
309,42	137,24744
309,68	146,88077
309,95	143,89744
310,21	131,04744
310,48	130,34744
310,74	133,04744
311,01	159,3641
311,27	151,3141
311,54	134,3641
311,80	116,53077
312,07	139,94744
312,34	160,63077
312,60	151,18077
312,87	149,13077
313,13	159,19744
313,40	167,33077
313,66	170,4141
313,93	152,34744
314,19	180,8641
314,46	176,04744
314,72	193,9141
314,99	177,13077
315,25	167,5141
315,52	151,03077
315,78	150,74744
316,05	158,24744
316,32	168,2641
316,58	171,4141
316,85	184,7641
317,11	188,8641
317,38	189,84744
317,64	191,19744
317,91	189,98077
318,17	192,03077
318,44	195,29744
318,70	191,53077
318,97	206,24744
319,23	223,73077
319,50	228,64744
319,76	221,6141
320,03	199,73077
320,29	213,64744
320,56	218,8641
320,82	231,7641
321,09	232,19744
321,36	247,74744
321,62	245,2141
321,89	240,9641
322,15	228,8141
322,42	237,24744
322,68	257,6141
322,95	283,44744
323,21	303,89744
323,48	299,88077
323,74	292,98077
324,01	285,43077
324,27	282,43077
324,54	278,64744
324,80	292,38077
325,07	309,68077
325,33	335,13077
325,60	329,69744
325,86	346,1641
326,13	347,14744
326,39	370,3641
326,66	378,53077
326,92	404,28077
327,19	433,3641
327,45	463,28077
327,72	510,7641
327,98	561,93077
328,25	646,43077
328,51	711,09744
328,78	764,49744
329,04	759,1641
329,31	706,19744
329,57	617,89744
329,84	540,1641
330,10	491,03077
330,37	478,48077
330,63	456,29744
330,90	443,9141
331,16	433,9141
331,43	434,3141
331,69	443,5141
331,96	443,8141
332,22	441,83077
332,49	443,58077
332,75	428,08077
333,01	419,43077
333,28	406,0141
333,54	414,09744
333,81	447,18077
334,07	457,48077
334,34	455,0641
334,60	450,2641
334,87	464,04744
335,13	502,24744
335,40	499,64744
335,66	496,34744
335,93	484,0641
336,19	498,08077
336,46	525,89744
336,72	528,49744
336,99	546,9641
337,25	563,24744
337,52	605,9641
337,78	661,49744
338,05	702,84744
338,31	783,79744
338,57	877,6141
338,84	987,39744
339,10	1050,0641
339,37	1031,54744
339,63	965,43077
339,90	861,78077
340,16	763,59744
340,43	672,64744
340,69	629,14744
340,96	594,3641
341,22	591,58077
341,49	555,0141
341,75	550,64744
342,01	549,49744
342,28	568,1141
342,54	597,98077
342,81	606,73077
343,07	626,3141
343,34	613,79744
343,60	629,18077
343,87	612,83077
344,13	622,39744
344,40	639,73077
344,66	668,8641
344,92	709,0141
345,19	697,53077
345,45	704,9141
345,72	706,3641
345,98	722,3141
346,25	722,29744
346,51	712,2641
346,78	703,54744
347,04	715,58077
347,30	710,34744
347,57	715,7641
347,83	704,8641
348,10	718,83077
348,36	737,44744
348,63	764,14744
348,89	768,0141
349,15	774,49744
349,42	772,99744
349,68	779,23077
349,95	787,0641
350,21	816,68077
350,48	843,39744
350,74	866,94744
351,01	865,34744
351,27	873,5641
351,53	866,0141
351,80	862,0641
352,06	870,5141
352,33	880,39744
352,59	886,83077
352,86	887,04744
353,12	901,18077
353,38	947,38077
353,65	945,19744
353,91	953,23077
354,18	954,49744
354,44	1004,04744
354,70	1007,5641
354,97	980,3141
355,23	945,33077
355,50	916,03077
355,76	910,5141
356,03	888,6641
356,29	906,3141
356,55	897,5641
356,82	887,9141
357,08	862,69744
357,35	852,64744
357,61	874,93077
357,87	882,1641
358,14	878,88077
358,40	850,7141
358,67	851,74744
358,93	850,34744
359,20	864,0141
359,46	860,24744
359,72	862,0141
359,99	856,64744
360,25	871,0641
360,52	890,2141
360,78	904,89744
361,04	905,1141
361,31	883,19744
361,57	861,03077
361,84	851,18077
362,10	858,94744
362,36	869,34744
362,63	879,18077
362,89	881,19744
363,16	888,7141
363,42	890,7641
363,68	881,0641
363,95	879,3641
364,21	858,44744
364,47	873,93077
364,74	878,0141
365,00	883,13077
365,27	870,99744
365,53	864,74744
365,79	878,0141
366,06	899,54744
366,32	921,7641
366,59	905,28077
366,85	900,18077
367,11	884,7141
367,38	900,33077
367,64	899,54744
367,91	903,79744
368,17	895,78077
368,43	888,59744
368,70	891,5141
368,96	891,2641
369,22	916,0641
369,49	917,23077
369,75	910,0141
370,02	889,98077
370,28	877,28077
370,54	885,08077
370,81	876,19744
371,07	876,93077
371,33	908,1641
371,60	888,73077
371,86	878,83077
372,13	845,49744
372,39	864,93077
372,65	883,8141
372,92	892,49744
373,18	911,29744
373,44	901,7141
373,71	881,83077
373,97	857,54744
374,23	861,0641
374,50	896,13077
374,76	906,23077
375,03	909,2641
375,29	897,4141
375,55	904,13077
375,82	897,4641
376,08	888,19744
376,34	910,7141
376,61	897,69744
376,87	884,13077
377,13	835,13077
377,40	845,9641
377,66	875,74744
377,92	906,59744
378,19	916,74744
378,45	914,28077
378,72	893,24744
378,98	892,64744
379,24	873,83077
379,51	884,18077
379,77	872,78077
380,03	841,73077
380,30	855,74744
380,56	854,1141
380,82	894,49744
381,09	878,5141
381,35	891,93077
381,61	880,69744
381,88	896,93077
382,14	903,83077
382,40	914,0641
382,67	898,88077
382,93	881,38077
383,19	867,59744
383,46	866,28077
383,72	878,0641
383,98	886,69744
384,25	910,6641
384,51	920,03077
384,77	919,18077
385,04	916,83077
385,30	905,04744
385,56	935,23077
385,83	954,08077
386,09	971,68077
386,35	971,4141
386,62	966,59744
386,88	983,18077
387,14	983,0141
387,41	974,59744
387,67	970,1141
387,93	970,59744
388,20	974,03077
388,46	967,49744
388,72	972,89744
388,99	979,88077
389,25	985,74744
389,51	981,98077
389,78	991,39744
390,04	1012,8641
390,30	1035,0141
390,56	1033,59744
390,83	1026,8641
391,09	1042,13077
391,35	1058,1141
391,62	1080,68077
391,88	1092,39744
392,14	1113,13077
392,41	1121,79744
392,67	1105,99744
392,93	1106,63077
393,20	1089,88077
393,46	1103,58077
393,72	1096,68077
393,99	1108,59744
394,25	1119,33077
394,51	1094,64744
394,77	1087,79744
395,04	1064,19744
395,30	1082,8641
395,56	1084,9641
395,83	1076,84744
396,09	1068,2141
396,35	1072,98077
396,62	1072,28077
396,88	1097,53077
397,14	1085,93077
397,40	1139,28077
397,67	1142,98077
397,93	1144,88077
398,19	1113,6141
398,46	1105,39744
398,72	1127,28077
398,98	1138,9141
399,24	1149,7641
399,51	1158,3641
399,77	1163,4141
400,03	1158,19744
400,30	1135,8641
400,56	1162,69744
400,82	1170,48077
401,08	1166,0141
401,35	1128,89744
401,61	1126,4641
401,87	1120,89744
402,14	1128,43077
402,40	1113,63077
402,66	1125,6141
402,92	1101,2141
403,19	1103,08077
403,45	1124,48077
403,71	1139,0641
403,98	1151,73077
404,24	1140,04744
404,50	1143,04744
404,76	1158,09744
405,03	1166,64744
405,29	1182,78077
405,55	1181,93077
405,81	1206,5641
406,08	1206,54744
406,34	1202,93077
406,60	1183,1641
406,87	1174,04744
407,13	1172,0141
407,39	1157,63077
407,65	1152,2141
407,92	1139,79744
408,18	1138,09744
408,44	1142,79744
408,70	1140,9641
408,97	1152,18077
409,23	1157,83077
409,49	1157,5141
409,75	1139,79744
410,02	1127,7641
410,28	1114,7141
410,54	1119,79744
410,80	1125,4141
411,07	1138,38077
411,33	1144,99744
411,59	1117,63077
411,85	1132,09744
412,12	1136,83077
412,38	1153,93077
412,64	1137,94744
412,90	1120,18077
413,17	1113,9141
413,43	1100,98077
413,69	1109,3141
413,95	1114,4141
414,22	1117,13077
414,48	1091,94744
414,74	1074,3641
415,00	1080,44744
415,27	1092,48077
415,53	1111,68077
415,79	1103,64744
416,05	1107,69744
416,32	1104,99744
416,58	1129,88077
416,84	1149,0641
417,10	1139,94744
417,37	1125,73077
417,63	1115,6141
417,89	1133,74744
418,15	1130,73077
418,41	1127,19744
418,68	1128,44744
418,94	1146,4141
419,20	1153,7641
419,46	1177,54744
419,73	1187,3641
419,99	1214,84744
420,25	1214,79744
420,51	1278,0141
420,78	1284,2141
421,04	1273,7641
421,30	1224,29744
421,56	1248,74744
421,82	1272,64744
422,09	1278,2641
422,35	1230,2641
422,61	1204,64744
422,87	1265,43077
423,14	1251,73077
423,40	1244,94744
423,66	1136,64744
423,92	1145,0641
424,18	1131,0141
424,45	1121,19744
424,71	1095,49744
424,97	1092,3141
425,23	1083,14744
425,49	1078,99744
425,76	1084,03077
426,02	1101,4641
426,28	1110,59744
426,54	1093,39744
426,81	1083,58077
427,07	1068,5641
427,33	1060,9141
427,59	1058,98077
427,85	1057,1641
428,12	1064,44744
428,38	1059,54744
428,64	1053,49744
428,90	1040,53077
429,16	1042,14744
429,43	1044,68077
429,69	1049,83077
429,95	1052,0641
430,21	1064,99744
430,47	1090,18077
430,74	1080,8141
431,00	1075,33077
431,26	1047,1641
431,52	1063,28077
431,78	1081,13077
432,05	1112,09744
432,31	1137,33077
432,57	1121,28077
432,83	1092,58077
433,09	1055,93077
433,35	1054,48077
433,62	1051,48077
433,88	1045,54744
434,14	1042,89744
434,40	1041,89744
434,66	1055,34744
434,93	1047,4141
435,19	1058,59744
435,45	1051,8141
435,71	1087,64744
435,97	1096,3141
436,23	1095,79744
436,50	1074,1141
436,76	1059,18077
437,02	1061,0641
437,28	1046,59744
437,54	1054,5641
437,81	1040,89744
438,07	1039,89744
438,33	1030,03077
438,59	1028,0141
438,85	1036,43077
439,11	1017,49744
439,38	1040,44744
439,64	1032,5141
439,90	1050,04744
440,16	1041,7141
440,42	1045,69744
440,68	1057,08077
440,95	1044,0641
441,21	1067,19744
441,47	1083,8141
441,73	1095,93077
441,99	1093,23077
442,25	1073,53077
442,52	1084,8641
442,78	1067,13077
443,04	1075,09744
443,30	1067,6641
443,56	1084,5141
443,82	1092,34744
444,08	1111,83077
444,35	1112,09744
444,61	1106,29744
444,87	1077,43077
445,13	1090,6141
445,39	1068,49744
445,65	1083,29744
445,92	1043,5141
446,18	1063,48077
446,44	1059,98077
446,70	1081,6141
446,96	1084,58077
447,22	1093,93077
447,48	1093,49744
447,75	1093,49744
448,01	1103,28077
448,27	1086,09744
448,53	1074,7641
448,79	1064,0641
449,05	1071,7141
449,31	1055,49744
449,58	1030,5141
449,84	1020,1141
450,10	1031,3641
450,36	1021,88077
450,62	1019,23077
450,88	1008,99744
451,14	1003,1641
451,41	987,1641
451,67	967,78077
451,93	974,23077
452,19	987,58077
452,45	1012,39744
452,71	1011,98077
452,97	988,9641
453,23	994,88077
453,50	996,8141
453,76	1012,6641
454,02	1001,34744
454,28	1000,5141
454,54	1004,64744
454,80	1010,83077
455,06	1013,38077
455,32	1015,24744
455,59	1003,83077
455,85	1004,09744
456,11	1007,69744
456,37	1019,0141
456,63	1029,7641
456,89	1037,03077
457,15	1059,09744
457,41	1059,7141
457,68	1072,04744
457,94	1047,08077
458,20	1050,2641
458,46	1052,64744
458,72	1076,4141
458,98	1098,64744
459,24	1107,4141
459,50	1117,3641
459,76	1117,9641
460,03	1106,93077
460,29	1119,7641
460,55	1143,23077
460,81	1176,18077
461,07	1178,98077
461,33	1208,63077
461,59	1246,9141
461,85	1258,03077
462,11	1255,53077
462,37	1250,63077
462,64	1273,58077
462,90	1264,98077
463,16	1263,3141
463,42	1278,6141
463,68	1288,33077
463,94	1279,73077
464,20	1256,29744
464,46	1240,03077
464,72	1248,03077
464,98	1240,19744
465,24	1258,94744
465,51	1248,74744
465,77	1257,58077
466,03	1234,4141
466,29	1228,78077
466,55	1220,18077
466,81	1228,09744
467,07	1240,28077
467,33	1255,88077
467,59	1294,2141
467,85	1288,1641
468,11	1260,14744
468,38	1212,33077
468,64	1218,6641
468,90	1213,43077
469,16	1212,33077
469,42	1181,69744
469,68	1174,14744
469,94	1176,29744
470,20	1183,14744
470,46	1174,8641
470,72	1160,24744
470,98	1138,34744
471,24	1147,4141
471,50	1148,23077
471,77	1158,58077
472,03	1162,39744
472,29	1141,93077
472,55	1142,78077
472,81	1152,94744
473,07	1169,64744
473,33	1150,33077
473,59	1139,8641
473,85	1130,99744
474,11	1147,68077
474,37	1144,19744
474,63	1142,24744
474,89	1167,43077
475,15	1187,3641
475,41	1223,84744
475,68	1217,39744
475,94	1222,28077
476,20	1221,84744
476,46	1243,9141
476,72	1235,98077
476,98	1246,89744
477,24	1238,9141
477,50	1253,18077
477,76	1267,78077
478,02	1300,5141
478,28	1332,53077
478,54	1343,3641
478,80	1371,69744
479,06	1408,18077
479,32	1457,04744
479,58	1460,73077
479,84	1458,6641
480,10	1443,2641
480,36	1470,4641
480,63	1501,1141
480,89	1500,9141
481,15	1491,19744
481,41	1474,18077
481,67	1489,59744
481,93	1489,4141
482,19	1484,99744
482,45	1486,5141
482,71	1483,88077
482,97	1480,79744
483,23	1480,83077
483,49	1489,9641
483,75	1517,34744
484,01	1534,18077
484,27	1542,28077
484,53	1558,84744
484,79	1609,39744
485,05	1625,08077
485,31	1649,4141
485,57	1626,23077
485,83	1656,7141
486,09	1657,3641
486,35	1684,69744
486,61	1698,04744
486,87	1726,18077
487,13	1760,0641
487,39	1803,1141
487,65	1848,2141
487,91	1883,98077
488,17	1911,78077
488,43	1906,48077
488,70	1903,19744
488,96	1885,48077
489,22	1866,9641
489,48	1856,8141
489,74	1856,03077
490,00	1876,03077
490,26	1863,1641
490,52	1875,88077
490,78	1869,74744
491,04	1880,94744
491,30	1891,8141
491,56	1912,54744
491,82	1923,58077
492,08	1921,74744
492,34	1943,74744
492,60	1963,69744
492,86	1973,53077
493,12	1980,6141
493,38	2002,2641
493,64	2026,4141
493,90	2027,48077
494,16	2006,63077
494,42	1996,29744
494,68	2006,58077
494,94	2051,64744
495,20	2085,04744
495,46	2091,5141
495,72	2081,53077
495,98	2078,83077
496,24	2082,48077
496,50	2108,48077
496,76	2160,24744
497,02	2211,59744
497,28	2249,63077
497,54	2292,8641
497,80	2335,43077
498,06	2373,6641
498,32	2378,2641
498,58	2424,48077
498,84	2474,33077
499,10	2543,6641
499,36	2613,3641
499,62	2693,03077
499,88	2776,44744
500,14	2826,99744
500,40	2850,69744
500,66	2878,0641
500,92	2901,98077
501,18	2896,73077
501,44	2845,7141
501,69	2786,04744
501,95	2750,9141
502,21	2705,5641
502,47	2645,3141
502,73	2569,2141
502,99	2528,6641
503,25	2498,28077
503,51	2482,38077
503,77	2444,84744
504,03	2427,73077
504,29	2420,2141
504,55	2420,2641
504,81	2393,63077
505,07	2353,29744
505,33	2325,6641
505,59	2311,18077
505,85	2318,88077
506,11	2313,48077
506,37	2304,0641
506,63	2274,6641
506,89	2255,1641
507,15	2250,6141
507,41	2246,74744
507,67	2246,8141
507,93	2235,6641
508,19	2226,8141
508,45	2230,9641
508,71	2226,59744
508,97	2213,04744
509,23	2186,24744
509,49	2203,74744
509,74	2229,49744
510,00	2233,58077
510,26	2224,5641
510,52	2202,59744
510,78	2224,8141
511,04	2216,5641
511,30	2254,34744
511,56	2250,03077
511,82	2268,53077
512,08	2257,19744
512,34	2300,89744
512,60	2302,8641
512,86	2332,28077
513,12	2314,5641
513,38	2335,1141
513,64	2355,74744
513,90	2378,1641
514,16	2427,73077
514,42	2457,13077
514,67	2487,29744
514,93	2504,49744
515,19	2515,98077
515,45	2533,5141
515,71	2547,29744
515,97	2585,19744
516,23	2616,68077
516,49	2638,7641
516,75	2667,79744
517,01	2714,24744
517,27	2757,44744
517,53	2794,63077
517,79	2844,38077
518,05	2912,99744
518,31	3010,79744
518,56	3114,7141
518,82	3261,49744
519,08	3444,94744
519,34	3754,53077
519,60	4148,33077
519,86	4610,5641
520,12	5010,7141
520,38	5304,1141
520,64	5480,78077
520,90	5588,24744
521,16	5836,93077
521,42	6296,08077
521,68	6188,88077
521,93	5484,5641
522,19	4399,24744
522,45	3791,28077
522,71	3506,28077
522,97	3321,43077
523,23	3126,4641
523,49	2982,64744
523,75	2848,69744
524,01	2754,79744
524,27	2667,64744
524,53	2622,63077
524,79	2588,73077
525,04	2563,8141
525,30	2508,7141
525,56	2463,3641
525,82	2426,28077
526,08	2421,48077
526,34	2400,28077
526,60	2411,88077
526,86	2387,28077
527,12	2390,24744
527,38	2365,39744
527,63	2371,54744
527,89	2375,74744
528,15	2387,04744
528,41	2387,8641
528,67	2392,44744
528,93	2417,4141
529,19	2417,7141
529,45	2419,1641
529,71	2406,1641
529,97	2422,04744
530,22	2442,39744
530,48	2466,43077
530,74	2479,14744
531,00	2495,53077
531,26	2507,6141
531,52	2518,09744
531,78	2503,88077
532,04	2513,0641
532,30	2523,48077
532,55	2577,63077
532,81	2590,13077
533,07	2591,44744
533,33	2576,59744
533,59	2572,09744
533,85	2576,84744
534,11	2618,78077
534,37	2650,89744
534,62	2682,28077
534,88	2647,54744
535,14	2628,24744
535,40	2630,59744
535,66	2658,38077
535,92	2678,29744
536,18	2693,14744
536,44	2699,78077
536,69	2706,59744
536,95	2726,99744
537,21	2761,5141
537,47	2816,29744
537,73	2862,7141
537,99	2881,23077
538,25	2911,78077
538,51	2937,3641
538,76	2994,54744
539,02	3062,14744
539,28	3154,5141
539,54	3237,4141
539,80	3295,4641
540,06	3364,54744
540,32	3459,58077
540,57	3559,43077
540,83	3633,84744
541,09	3666,93077
541,35	3689,79744
541,61	3704,84744
541,87	3724,28077
542,13	3771,54744
542,38	3809,5141
542,64	3846,19744
542,90	3874,99744
543,16	3881,0141
543,42	3941,7141
543,68	3981,38077
543,94	4093,7641
544,19	4220,14744
544,45	4447,4641
544,71	4756,83077
544,97	5213,44744
545,23	5777,9641
545,49	6428,5641
545,74	7031,98077
546,00	7568,1641
546,26	7903,58077
546,52	8163,9641
546,78	8510,59744
547,04	9197,03077
547,29	9171,99744
547,55	8387,9641
547,81	7030,7141
548,07	6052,7641
548,33	5440,38077
548,59	4936,2141
548,84	4573,59744
549,10	4268,04744
549,36	4017,44744
549,62	3805,68077
549,88	3658,2641
550,14	3524,48077
550,39	3411,24744
550,65	3335,9641
550,91	3268,89744
551,17	3210,99744
551,43	3145,89744
551,69	3102,6141
551,94	3091,59744
552,20	3077,34744
552,46	3065,68077
552,72	3026,63077
552,98	2999,6641
553,24	2970,0141
553,49	2968,2141
553,75	2962,0641
554,01	2962,43077
554,27	2956,83077
554,53	2969,93077
554,78	2966,18077
555,04	2955,09744
555,30	2937,28077
555,56	2926,33077
555,82	2942,54744
556,07	2948,38077
556,33	2953,64744
556,59	2938,29744
556,85	2923,9641
557,11	2931,53077
557,37	2913,3641
557,62	2875,79744
557,88	2828,3141
558,14	2822,99744
558,40	2811,1641
558,66	2800,6141
558,91	2764,74744
559,17	2764,6141
559,43	2768,8141
559,69	2759,0141
559,95	2741,14744
560,20	2719,68077
560,46	2744,34744
560,72	2768,03077
560,98	2800,78077
561,24	2782,59744
561,49	2791,14744
561,75	2785,2141
562,01	2812,43077
562,27	2823,43077
562,52	2827,88077
562,78	2829,4641
563,04	2831,63077
563,30	2807,64744
563,56	2787,4641
563,81	2766,04744
564,07	2777,33077
564,33	2791,33077
564,59	2771,04744
564,85	2741,3141
565,10	2746,9141
565,36	2745,48077
565,62	2775,18077
565,88	2730,19744
566,13	2744,8641
566,39	2728,48077
566,65	2766,64744
566,91	2778,98077
567,17	2782,24744
567,42	2794,1141
567,68	2768,9641
567,94	2758,3641
568,20	2702,74744
568,45	2670,64744
568,71	2615,2641
568,97	2544,83077
569,23	2509,09744
569,49	2458,09744
569,74	2423,03077
570,00	2332,28077
570,26	2292,28077
570,52	2251,99744
570,77	2250,33077
571,03	2229,24744
571,29	2212,04744
571,55	2185,6641
571,80	2132,6641
572,06	2084,39744
572,32	2048,29744
572,58	2070,9141
572,83	2072,49744
573,09	2046,73077
573,35	2008,49744
573,61	1973,5141
573,86	1958,6641
574,12	1925,24744
574,38	1925,18077
574,64	1907,3141
574,89	1912,99744
575,15	1923,14744
575,41	1916,33077
575,67	1898,89744
575,92	1860,73077
576,18	1865,24744
576,44	1858,09744
576,70	1844,98077
576,95	1813,9141
577,21	1794,4141
577,47	1792,03077
577,73	1802,0141
577,98	1791,48077
578,24	1782,2141
578,50	1761,94744
578,76	1763,64744
579,01	1745,6641
579,27	1741,99744
579,53	1757,18077
579,79	1758,14744
580,04	1747,93077
580,30	1704,74744
580,56	1688,4641
580,81	1681,33077
581,07	1686,98077
581,33	1685,09744
581,59	1682,54744
581,84	1695,94744
582,10	1706,33077
582,36	1710,49744
582,62	1703,3141
582,87	1701,88077
583,13	1720,1641
583,39	1709,0641
583,64	1709,49744
583,90	1674,99744
584,16	1668,73077
584,42	1647,84744
584,67	1643,69744
584,93	1647,44744
585,19	1647,13077
585,45	1651,2641
585,70	1639,68077
585,96	1643,83077
586,22	1637,38077
586,47	1629,73077
586,73	1631,53077
586,99	1623,53077
587,25	1630,88077
587,50	1620,99744
587,76	1626,6641
588,02	1637,7141
588,27	1665,58077
588,53	1704,79744
588,79	1708,1141
589,04	1696,63077
589,30	1712,79744
589,56	1739,89744
589,82	1759,74744
590,07	1745,13077
590,33	1718,18077
590,59	1690,3141
590,84	1663,93077
591,10	1653,54744
591,36	1656,28077
591,61	1645,6141
591,87	1653,29744
592,13	1649,4141
592,39	1657,53077
592,64	1659,19744
592,90	1650,28077
593,16	1651,88077
593,41	1655,24744
593,67	1669,23077
593,93	1664,93077
594,18	1668,33077
594,44	1674,78077
594,70	1665,83077
594,95	1650,44744
595,21	1646,99744
595,47	1635,6141
595,73	1623,5641
595,98	1602,78077
596,24	1596,9141
596,50	1566,93077
596,75	1561,9641
597,01	1566,38077
597,27	1573,44744
597,52	1562,53077
597,78	1546,1141
598,04	1551,64744
598,29	1525,98077
598,55	1535,7141
598,81	1512,64744
599,06	1523,68077
599,32	1498,59744
599,58	1518,93077
599,83	1499,19744
600,09	1505,54744
600,35	1491,88077
600,60	1503,43077
600,86	1506,6141
601,12	1504,1141
601,37	1503,89744
601,63	1480,1641
601,89	1467,84744
602,14	1458,1641
602,40	1459,4641
602,66	1456,34744
602,91	1441,68077
603,17	1457,1141
603,43	1470,3641
603,68	1492,0141
603,94	1470,98077
604,20	1455,09744
604,45	1436,4141
604,71	1441,34744
604,97	1438,99744
605,22	1441,83077
605,48	1441,7141
605,74	1452,83077
605,99	1452,3141
606,25	1444,78077
606,51	1431,98077
606,76	1414,9641
607,02	1430,89744
607,27	1425,18077
607,53	1441,89744
607,79	1433,18077
608,04	1421,7641
608,30	1409,7141
608,56	1397,03077
608,81	1420,23077
609,07	1428,9641
609,33	1459,24744
609,58	1471,14744
609,84	1476,8141
610,10	1459,5641
610,35	1432,1641
610,61	1423,24744
610,86	1407,0641
611,12	1411,88077
611,38	1407,98077
611,63	1408,64744
611,89	1404,18077
612,15	1409,98077
612,40	1396,63077
612,66	1378,59744
612,92	1350,28077
613,17	1375,4141
613,43	1392,84744
613,68	1406,89744
613,94	1386,33077
614,20	1376,23077
614,45	1367,99744
614,71	1389,99744
614,97	1377,88077
615,22	1382,3141
615,48	1364,68077
615,73	1381,53077
615,99	1384,58077
616,25	1385,14744
616,50	1393,5141
616,76	1389,49744
617,01	1399,33077
617,27	1373,4141
617,53	1375,38077
617,78	1389,69744
618,04	1413,6141
618,30	1421,0641
618,55	1383,88077
618,81	1373,53077
619,06	1352,5641
619,32	1352,98077
619,58	1343,5141
619,83	1351,19744
620,09	1346,24744
620,34	1342,29744
620,60	1328,8141
620,86	1327,64744
621,11	1322,7141
621,37	1341,44744
621,62	1339,79744
621,88	1325,58077
622,14	1296,19744
622,39	1299,13077
622,65	1310,44744
622,90	1314,2641
623,16	1323,1641
623,42	1329,88077
623,67	1320,54744
623,93	1323,48077
624,18	1315,88077
624,44	1351,4641
624,70	1354,08077
624,95	1349,9141
625,21	1339,13077
625,46	1318,19744
625,72	1333,49744
625,98	1312,3141
626,23	1318,09744
626,49	1296,29744
626,74	1303,28077
627,00	1300,5141
627,25	1301,88077
627,51	1307,39744
627,77	1297,73077
628,02	1284,33077
628,28	1277,18077
628,53	1281,44744
628,79	1297,3141
629,04	1281,8641
629,30	1279,9641
629,56	1288,24744
629,81	1288,7141
630,07	1289,03077
630,32	1275,5641
630,58	1308,2141
630,83	1301,69744
631,09	1297,19744
631,35	1271,2141
631,60	1276,93077
631,86	1291,1141
632,11	1297,54744
632,37	1276,59744
632,62	1257,49744
632,88	1245,23077
633,14	1254,34744
633,39	1255,44744
633,65	1278,98077
633,90	1294,88077
634,16	1292,04744
634,41	1268,69744
634,67	1258,5141
634,93	1274,64744
635,18	1283,23077
635,44	1264,3141
635,69	1247,24744
635,95	1249,13077
636,20	1275,5141
636,46	1274,63077
636,71	1271,03077
636,97	1259,29744
637,22	1266,49744
637,48	1254,6641
637,74	1256,99744
637,99	1259,14744
638,25	1270,9141
638,50	1260,78077
638,76	1267,19744
639,01	1252,4641
639,27	1246,39744
639,52	1237,88077
639,78	1246,13077
640,03	1248,1641
640,29	1237,03077
640,55	1238,39744
640,80	1237,78077
641,06	1229,09744
641,31	1238,59744
641,57	1241,08077
641,82	1259,19744
642,08	1256,48077
642,33	1259,0641
642,59	1261,93077
642,84	1259,99744
643,10	1253,18077
643,35	1241,89744
643,61	1239,83077
643,87	1248,58077
644,12	1251,0641
644,38	1240,44744
644,63	1245,7141
644,89	1267,49744
645,14	1281,3141
645,40	1277,39744
645,65	1280,9641
645,91	1278,99744
646,16	1302,8641
646,42	1305,29744
646,67	1302,88077
646,93	1294,4641
647,18	1294,58077
647,44	1304,4641
647,69	1303,6641
647,95	1292,58077
648,20	1296,53077
648,46	1296,5641
648,71	1310,6641
648,97	1315,8141
649,22	1323,4641
649,48	1320,3141
649,73	1317,79744
649,99	1315,08077
650,24	1332,03077
650,50	1343,74744
650,75	1352,0141
651,01	1346,78077
651,26	1345,49744
651,52	1337,94744
651,77	1330,7641
652,03	1333,33077
652,28	1335,8641
652,54	1359,64744
652,79	1389,7141
653,05	1414,3641
653,30	1424,04744
653,56	1414,43077
653,81	1428,43077
654,07	1446,53077
654,32	1473,1641
654,58	1499,13077
654,83	1537,7641
655,09	1566,78077
655,34	1607,79744
655,60	1634,64744
655,85	1672,08077
656,11	1720,48077
656,36	1746,88077
656,62	1754,8141
656,87	1731,33077
657,13	1692,9141
657,38	1680,99744
657,64	1661,79744
657,89	1651,18077
658,15	1589,39744
658,40	1523,44744
658,66	1481,24744
658,91	1456,74744
659,17	1443,78077
659,42	1422,6641
659,68	1408,59744
659,93	1380,59744
660,19	1355,54744
660,44	1351,44744
660,70	1354,3141
660,95	1345,08077
661,20	1324,1141
661,46	1308,74744
661,71	1302,88077
661,97	1288,5141
662,22	1283,69744
662,48	1277,09744
662,73	1269,44744
662,99	1272,13077
663,24	1268,64744
663,50	1251,49744
663,75	1235,28077
664,01	1200,0141
664,26	1216,49744
664,52	1195,63077
664,77	1208,63077
665,02	1206,1641
665,28	1207,74744
665,53	1195,74744
665,79	1191,28077
666,04	1188,48077
666,30	1180,9141
666,55	1171,24744
666,81	1152,84744
667,06	1153,6141
667,32	1146,24744
667,57	1142,04744
667,82	1131,93077
668,08	1126,94744
668,33	1122,19744
668,59	1113,5641
668,84	1112,38077
669,10	1103,74744
669,35	1155,84744
669,61	1121,7141
669,86	1131,28077
670,11	1067,4641
670,37	1081,59744
670,62	1072,28077
670,88	1080,49744
671,13	1059,5141
671,39	1040,8641
671,64	1025,3641
671,90	1034,29744
672,15	1035,1141
672,40	1027,68077
672,66	1008,14744
672,91	1018,6141
673,17	1019,83077
673,42	1029,74744
673,68	1019,14744
673,93	1011,3641
674,18	1013,9641
674,44	1005,1141
674,69	1011,93077
674,95	1012,8141
675,20	1013,2641
675,46	1007,44744
675,71	989,8641
675,96	999,6641
676,22	987,5141
676,47	994,63077
676,73	987,08077
676,98	987,84744
677,23	991,93077
677,49	998,1141
677,74	1020,28077
678,00	1003,14744
678,25	997,1141
678,51	994,34744
678,76	986,9641
679,01	983,7641
679,27	961,9141
679,52	968,5641
679,78	966,94744
680,03	974,34744
680,28	971,1641
680,54	961,14744
680,79	944,18077
681,05	943,33077
681,30	933,74744
681,55	938,09744
681,81	938,38077
682,06	960,69744
682,32	971,88077
682,57	980,03077
682,82	964,33077
683,08	951,7141
683,33	925,9141
683,59	935,84744
683,84	928,29744
684,09	939,28077
684,35	925,84744
684,60	939,6141
684,86	938,3641
685,11	958,1141
685,36	952,24744
685,62	965,84744
685,87	927,6141
686,13	911,68077
686,38	881,34744
686,63	900,6641
686,89	917,73077
687,14	948,34744
687,40	935,2141
687,65	930,5641
687,90	909,83077
688,16	904,93077
688,41	890,44744
688,66	874,0641
688,92	874,98077
689,17	862,19744
689,43	859,6141
689,68	859,0141
689,93	865,68077
690,19	867,4141
690,44	849,19744
690,69	836,54744
690,95	833,23077
691,20	846,6141
691,46	843,03077
691,71	854,59744
691,96	854,0641
692,22	861,03077
692,47	843,09744
692,72	830,84744
692,98	830,24744
693,23	837,79744
693,49	853,43077
693,74	853,68077
693,99	860,63077
694,25	851,34744
694,50	851,13077
694,75	840,29744
695,01	816,28077
695,26	814,83077
695,51	809,2141
695,77	808,39744
696,02	799,54744
696,27	796,73077
696,53	814,3141
696,78	820,83077
697,04	826,13077
697,29	814,1141
697,54	807,83077
697,80	790,54744
698,05	792,28077
698,30	777,64744
698,56	776,08077
698,81	771,43077
699,06	777,04744
699,32	772,63077
699,57	770,6141
699,82	777,68077
700,08	770,3641
700,33	761,29744
700,58	746,64744
700,84	745,5641
701,09	735,83077
701,34	729,54744
701,60	736,1641
701,85	740,53077
702,10	746,43077
702,36	749,04744
702,61	738,3141
702,86	723,18077
703,12	696,38077
703,37	701,19744
703,62	693,7141
703,88	693,98077
704,13	679,84744
704,38	684,39744
704,64	706,7641
704,89	716,1641
705,14	734,69744
705,40	730,34744
705,65	727,94744
705,90	704,59744
706,16	678,4641
706,41	679,43077
706,66	678,18077
706,92	681,1141
707,17	685,14744
707,42	703,63077
707,68	693,88077
707,93	685,28077
708,18	673,5641
708,44	699,89744
708,69	702,29744
708,94	695,93077
709,19	679,78077
709,45	684,5641
709,70	671,89744
709,95	669,73077
710,21	646,69744
710,46	639,64744
710,71	652,3641
710,97	651,6641
711,22	660,3141
711,47	634,24744
711,73	637,5141
711,98	635,98077
712,23	633,9141
712,48	624,03077
712,74	618,9641
712,99	617,54744
713,24	609,19744
713,50	611,6141
713,75	633,1141
714,00	651,74744
714,26	650,94744
714,51	645,93077
714,76	656,14744
715,01	660,79744
715,27	685,13077
715,52	686,13077
715,77	703,08077
716,03	688,8141
716,28	692,99744
716,53	702,5141
716,78	696,6641
717,04	694,03077
717,29	679,78077
717,54	677,0641
717,80	655,03077
718,05	639,84744
718,30	623,43077
718,55	623,94744
718,81	610,89744
719,06	614,64744
719,31	606,78077
719,57	593,48077
719,82	583,69744
720,07	584,8641
720,32	583,19744
720,58	584,53077
720,83	576,1141
721,08	581,29744
721,33	572,98077
721,59	583,14744
721,84	587,98077
722,09	596,6141
722,35	587,59744
722,60	575,4141
722,85	569,3141
723,10	557,24744
723,36	554,6141
723,61	539,93077
723,86	549,6141
724,11	562,44744
724,37	557,98077
724,62	548,99744
724,87	535,6641
725,12	536,63077
725,38	533,88077
725,63	529,6641
725,88	522,9641
726,13	522,04744
726,39	505,04744
726,64	521,8641
726,89	521,49744
727,14	529,93077
727,40	523,48077
727,65	524,8641
727,90	540,29744
728,15	541,6641
728,41	529,18077
728,66	529,3141
728,91	515,74744
729,16	522,49744
729,42	518,83077
729,67	528,48077
729,92	509,23077
730,17	497,0141
730,43	495,64744
730,68	517,39744
730,93	521,28077
731,18	514,9141
731,44	507,14744
731,69	497,79744
731,94	501,5141
732,19	511,78077
732,45	519,94744
732,70	530,9641
732,95	513,6641
733,20	498,73077
733,45	489,84744
733,71	500,18077
733,96	496,1641
734,21	497,0641
734,46	490,09744
734,72	498,2641
734,97	493,7141
735,22	487,78077
735,47	489,44744
735,72	483,5141
735,98	480,48077
736,23	481,6141
736,48	487,74744
736,73	495,3141
736,99	487,8141
737,24	487,0641
737,49	483,58077
737,74	489,2141
737,99	505,5641
738,25	510,24744
738,50	507,63077
738,75	479,34744
739,00	483,93077
739,25	494,88077
739,51	495,99744
739,76	496,33077
740,01	498,19744
740,26	511,9141
740,52	522,83077
740,77	554,09744
741,02	572,9141
741,27	586,89744
741,52	600,1141
741,78	625,64744
742,03	653,18077
742,28	662,34744
742,53	684,44744
742,78	722,73077
743,04	784,7641
743,29	854,0641
743,54	901,93077
743,79	907,93077
744,04	881,7141
744,30	866,33077
744,55	867,23077
744,80	902,64744
745,05	914,89744
745,30	925,2141
745,55	915,1141
745,81	959,89744
746,06	1007,09744
746,31	1052,6141
746,56	1049,83077
746,81	1046,2641
747,07	1041,94744
747,32	1053,4141
747,57	1078,14744
747,82	1069,5641
748,07	1027,24744
748,32	921,89744
748,58	835,4141
748,83	751,83077
749,08	712,69744
749,33	672,7641
749,58	646,3641
749,84	614,84744
750,09	578,68077
750,34	552,2141
750,59	543,4141
750,84	524,4141
751,09	532,18077
751,35	515,58077
751,60	518,1141
751,85	480,14744
752,10	454,3141
752,35	460,39744
752,60	463,8641
752,86	468,83077
753,11	440,7641
753,36	426,64744
753,61	419,63077
753,86	411,59744
754,11	410,93077
754,37	391,44744
754,62	388,83077
754,87	387,6641
755,12	408,08077
755,37	416,38077
755,62	416,99744
755,87	392,13077
756,13	376,79744
756,38	374,3641
756,63	392,1141
756,88	415,9141
757,13	408,49744
757,38	406,9141
757,64	379,9641
757,89	378,2641
758,14	387,43077
758,39	386,54744
758,64	402,6141
758,89	387,23077
759,14	401,8141
759,40	394,68077
759,65	391,84744
759,90	383,9641
760,15	371,78077
760,40	351,53077
760,65	340,64744
760,90	340,5641
761,15	351,3141
761,41	362,5141
761,66	357,79744
761,91	368,28077
762,16	355,1141
762,41	373,48077
762,66	360,79744
762,91	370,8141
763,17	364,2141
763,42	373,98077
763,67	384,0141
763,92	384,94744
764,17	381,94744
764,42	366,08077
764,67	367,23077
764,92	380,38077
765,18	384,98077
765,43	371,1641
765,68	381,19744
765,93	394,6641
766,18	402,93077
766,43	391,1141
766,68	395,39744
766,93	403,0641
767,18	422,58077
767,44	459,88077
767,69	523,9641
767,94	613,09744
768,19	666,19744
768,44	687,83077
768,69	676,0641
768,94	671,64744
769,19	684,14744
769,44	718,1141
769,70	695,68077
769,95	655,58077
770,20	579,29744
770,45	550,79744
770,70	517,83077
770,95	483,7641
771,20	444,2641
771,45	442,94744
771,70	429,53077
771,95	425,98077
772,21	421,24744
772,46	422,93077
772,71	430,34744
772,96	426,4641
773,21	428,3641
773,46	449,4641
773,71	457,68077
773,96	460,39744
774,21	461,1641
774,46	475,1641
774,72	507,23077
774,97	527,48077
775,22	555,48077
775,47	617,54744
775,72	723,98077
775,97	897,83077
776,22	1125,49744
776,47	1394,8641
776,72	1590,63077
776,97	1665,78077
777,22	1629,6141
777,47	1588,8141
777,73	1592,09744
777,98	1626,83077
778,23	1575,8641
778,48	1406,79744
778,73	1153,89744
778,98	946,79744
779,23	805,03077
779,48	707,4641
779,73	613,1141
779,98	542,0141
780,23	499,1141
780,48	473,63077
780,73	463,3641
780,98	453,3141
781,24	438,3141
781,49	409,7641
781,74	376,84744
781,99	365,1141
782,24	359,04744
782,49	353,5141
782,74	343,9141
782,99	339,3641
783,24	334,14744
783,49	333,3141
783,74	326,7141
783,99	339,74744
784,24	329,1641
784,49	323,5641
784,74	312,23077
784,99	319,0641
785,24	302,84744
785,49	280,24744
785,75	297,63077
786,00	328,03077
786,25	330,14744
786,50	304,38077
786,75	275,94744
787,00	295,49744
787,25	295,13077
787,50	305,88077
787,75	293,09744
788,00	311,7141
788,25	288,7641
788,50	279,84744
788,75	263,59744
789,00	267,8641
789,25	260,44744
789,50	244,5641
789,75	246,9641
790,00	263,74744
790,25	270,99744
790,50	303,74744
790,75	318,73077
791,00	319,24744
791,25	311,0141
791,50	290,5141
791,75	292,19744
792,01	297,88077
792,26	302,44744
792,51	313,94744
792,76	297,03077
793,01	300,93077
793,26	281,79744
793,51	304,1641
793,76	329,3141
794,01	380,1641
794,26	406,24744
794,51	424,28077
794,76	421,88077
795,01	424,5641
795,26	427,88077
795,51	435,93077
795,76	422,74744
796,01	415,99744
796,26	396,38077
796,51	368,63077
796,76	333,14744
797,01	300,04744
797,26	298,84744
797,51	278,7641
797,76	290,29744
798,01	278,84744
798,26	298,1641
798,51	282,48077
798,76	264,14744
799,01	250,08077
799,26	239,59744
799,51	243,43077
799,76	238,28077
800,01	253,4641
800,26	245,04744
800,51	249,68077
800,76	237,3641
801,01	240,14744
801,26	229,93077
801,51	225,13077
801,76	228,14744
802,01	220,9641
802,26	227,49744
802,51	239,44744
802,76	246,24744
803,01	241,29744
803,26	215,39744
803,51	210,39744
803,76	212,73077
804,01	226,84744
804,26	218,79744
804,51	206,84744
804,76	194,28077
805,01	197,08077
805,26	193,04744
805,51	194,0641
805,76	187,93077
806,01	223,74744
806,26	233,39744
806,51	234,83077
806,76	192,84744
807,01	176,7641
807,26	178,2641
807,51	174,2141
807,76	174,9641
808,01	180,39744
808,26	198,0641
808,50	202,94744
808,75	201,74744
809,00	195,49744
809,25	205,93077
809,50	202,19744
809,75	209,4641
810,00	204,29744
810,25	198,79744
810,50	207,74744
810,75	210,88077
811,00	230,49744
811,25	224,04744
811,50	236,04744
811,75	235,79744
812,00	228,63077
812,25	214,5141
812,50	184,5141
812,75	180,34744
813,00	177,9141
813,25	189,5141
813,50	193,9641
813,75	187,49744
814,00	193,98077
814,25	197,1641
814,50	219,6141
814,74	219,58077
814,99	234,69744
815,24	217,1641
815,49	221,0141
815,74	213,99744
815,99	236,68077
816,24	250,43077
816,49	260,19744
816,74	281,7641
816,99	290,24744
817,24	322,8641
817,49	330,53077
817,74	400,88077
817,99	444,4641
818,24	491,59744
818,49	505,24744
818,74	508,83077
818,98	532,34744
819,23	539,5141
819,48	577,1641
819,73	562,73077
819,98	566,4141
820,23	537,98077
820,48	578,5641
820,73	635,04744
820,98	713,83077
821,23	747,58077
821,48	754,88077
821,73	755,33077
821,98	771,84744
822,23	778,1641
822,47	781,89744
822,72	743,7141
822,97	699,0641
823,22	648,74744
823,47	614,9141
823,72	588,24744
823,97	553,4641
824,22	522,79744
824,47	475,4641
824,72	449,1141
824,97	422,38077
825,22	408,9641
825,46	380,3141
825,71	362,38077
825,96	351,59744
826,21	367,93077
826,46	409,28077
826,71	465,4641
826,96	502,5141
827,21	479,23077
827,46	439,73077
827,71	424,13077
827,96	439,04744
828,20	438,74744
828,45	396,79744
828,70	347,43077
828,95	301,53077
829,20	273,64744
829,45	248,29744
829,70	233,6141
829,95	218,7141
830,20	207,0141
830,45	218,94744
830,69	216,9641
830,94	212,3641
831,19	200,2641
831,44	183,59744
831,69	190,78077
831,94	179,33077
832,19	188,98077
832,44	167,49744
832,69	164,5641
832,93	162,54744
833,18	181,68077
833,43	174,44744
833,68	162,9641
833,93	159,5141
834,18	165,68077
834,43	173,04744
834,68	162,19744
834,92	150,08077
835,17	151,58077
835,42	160,48077
835,67	174,78077
835,92	163,49744
836,17	153,39744
836,42	140,69744
836,67	124,4141
836,91	136,6141
837,16	140,19744
837,41	142,44744
837,66	154,44744
837,91	173,83077
838,16	184,99744
838,41	168,9141
838,66	143,43077
838,90	157,79744
839,15	148,09744
839,40	155,7141
839,65	136,7141
839,90	134,3141
840,15	142,13077
840,40	138,04744
840,64	154,8141
840,89	138,63077
841,14	154,83077
841,39	145,4641
841,64	148,1641
841,89	153,0641
842,14	141,5141
842,38	174,73077
842,63	185,48077
842,88	200,8641
843,13	191,7641
843,38	217,59744
843,63	264,3641
843,87	332,68077
844,12	361,23077
844,37	379,13077
844,62	358,34744
844,87	351,94744
845,12	364,6641
845,37	357,2641
845,61	331,9641
845,86	277,04744
846,11	243,5141
846,36	210,94744
846,61	196,88077
846,86	182,5641
847,10	179,6641
847,35	186,24744
847,60	174,78077
847,85	166,04744
848,10	144,13077
848,35	144,1141
848,59	146,99744
848,84	133,68077
849,09	138,5641
849,34	126,49744
849,59	133,64744
849,84	104,89744
850,08	113,7641
850,33	104,04744
850,58	113,8641
850,83	116,33077
851,08	107,59744
851,32	99,83077
851,57	93,1141
851,82	118,73077
852,07	124,58077
852,32	138,14744
852,57	113,3141
852,81	130,4141
853,06	108,69744
853,31	125,43077
853,56	110,6641
853,81	112,8141
854,05	113,93077
854,30	107,0141
854,55	107,3141
854,80	97,19744
855,05	133,04744
855,29	135,98077
855,54	144,8641
855,79	121,09744
856,04	122,53077
856,29	125,44744
856,53	138,23077
856,78	137,58077
857,03	128,6141
857,28	122,83077
857,53	128,93077
857,77	149,6641
858,02	142,4641
858,27	141,43077
858,52	137,53077
858,77	140,54744
859,01	144,39744
859,26	146,53077
859,51	158,9141
859,76	153,63077
860,01	154,13077
860,25	147,34744
860,50	161,1141
860,75	153,6141
861,00	160,59744
861,25	155,6141
861,49	161,14744
861,74	163,53077
861,99	165,43077
862,24	188,28077
862,48	213,14744
862,73	231,28077
862,98	229,1141
863,23	239,24744
863,48	255,6641
863,72	269,5641
863,97	267,99744
864,22	253,03077
864,47	216,8641
864,71	187,6141
864,96	191,44744
865,21	199,74744
865,46	195,98077
865,70	181,54744
865,95	175,04744
866,20	192,39744
866,45	226,63077
866,70	269,59744
866,94	325,4141
867,19	370,3641
867,44	458,99744
867,69	528,04744
867,93	565,23077
868,18	565,9641
868,43	557,24744
868,68	554,88077
868,92	527,04744
869,17	472,78077
869,42	434,9641
869,67	390,2141
869,91	358,59744
870,16	312,98077
870,41	309,0141
870,66	321,68077
870,90	345,3641
871,15	335,34744
871,40	311,23077
871,65	287,13077
871,89	276,64744
872,14	259,14744
872,39	239,93077
872,64	217,04744
872,88	195,18077
873,13	163,89744
873,38	136,48077
873,63	145,44744
873,87	140,8641
874,12	119,8641
874,37	86,84744
874,62	84,9141
874,86	97,88077
875,11	101,29744
875,36	95,3641
875,60	82,24744
875,85	85,4641
876,10	91,3641
876,35	101,88077
876,59	94,1641
876,84	82,08077
877,09	82,54744
877,34	85,98077
877,58	82,74744
877,83	73,33077
878,08	63,44744
878,32	60,44744
878,57	52,3141
878,82	66,3141
879,07	61,78077
879,31	66,5641
879,56	57,68077
879,81	59,59744
880,06	51,88077
880,30	39,8641
880,55	68,39744
880,80	79,9141
881,04	87,1141
881,29	93,14744
881,54	103,93077
881,79	100,58077
882,03	62,34744
882,28	66,1641
882,53	72,1141
882,77	90,28077
883,02	76,5641
883,27	77,58077
883,51	61,79744
883,76	65,04744
884,01	69,68077
884,26	62,13077
884,50	52,19744
884,75	28,79744
885,00	36,48077
885,24	39,04744
885,49	45,4141
885,74	64,39744
885,98	42,79744
886,23	34,7141
886,48	23,09744
886,73	52,34744
886,97	66,84744
887,22	52,73077
887,47	32,19744
887,71	21,0641
887,96	20,53077
888,21	35,1141
888,45	44,3141
888,70	61,29744
888,95	46,73077
889,19	39,29744
889,44	28,88077
889,69	39,68077
889,93	24,39744
890,18	35,4141
890,43	38,73077
890,67	56,83077
890,92	35,6641
891,17	44,73077
891,42	57,39744
891,66	85,9641
891,91	79,28077
892,16	75,14744
892,40	75,54744
892,65	70,34744
892,90	59,0141
893,14	47,5141
893,39	45,7641
893,64	44,54744
893,88	22,29744
894,13	33,3141
894,38	43,68077
894,62	50,18077
894,87	32,13077
895,12	14,03077
895,36	18,6641
895,61	20,04744
895,86	26,14744
896,10	19,48077
896,35	15,2141
896,60	3,08077
896,84	5,53077
897,09	14,88077
897,33	33,84744
897,58	35,93077
897,83	37,88077
898,07	33,23077
898,32	38,3141
898,57	42,19744
898,81	53,7141
899,06	65,84744
899,31	88,73077
899,55	86,33077
899,80	64,2141
900,05	36,88077
900,29	26,8141
900,54	50,84744
900,79	48,84744
901,03	50,5641
901,28	41,19744
901,52	59,08077
901,77	77,9641
902,02	89,0141
902,26	69,14744
902,51	58,43077
902,76	33,3641
903,00	52,89744
903,25	48,53077
903,50	71,2641
903,74	69,7641
903,99	81,8641
904,23	99,8641
904,48	118,38077
904,73	144,78077
904,97	149,9141
905,22	155,89744
905,47	139,59744
905,71	136,98077
905,96	120,64744
906,20	124,4641
906,45	110,79744
906,70	104,7641
906,94	88,68077
907,19	76,2641
907,44	60,08077
907,68	43,73077
907,93	44,73077
908,17	25,59744
908,42	38,0141
908,67	20,48077
908,91	49,93077
909,16	55,39744
909,40	57,78077
909,65	36,93077
909,90	25,74744
910,14	25,54744
910,39	17,2641
910,63	19,8641
910,88	35,88077
911,13	67,4141
911,37	65,7641
911,62	50,3141
911,86	29,48077
912,11	30,8641
912,36	43,08077
912,60	44,53077
912,85	54,9641
913,09	48,99744
913,34	64,84744
913,59	33,58077
913,83	40,04744
914,08	20,13077
914,32	47,5641
914,57	46,69744
914,82	59,1141
915,06	51,2641
915,31	42,6641
915,55	44,63077
915,80	53,0141
916,05	44,13077
916,29	23,9141
916,54	5,9641
916,78	24,7141
917,03	42,43077
917,27	44,54744
917,52	28,5641
917,77	28,63077
918,01	31,79744
918,26	25,3641
918,50	11,9641
918,75	7,5641
919,00	12,99744
919,24	13,98077
919,49	2,63077
919,73	12,69744
919,98	7,58077
920,22	21,83077
920,47	14,28077
920,72	12,29744
920,96	6,2641
921,21	7,04744
921,45	17,63077
921,70	13,1141
921,94	21,89744
922,19	29,43077
922,43	31,98077
922,68	53,08077
922,93	51,83077
923,17	49,2641
923,42	10,84744
923,66	7,23077
923,91	7,94744
924,15	20,38077
924,40	18,6641
924,64	20,98077
924,89	17,78077
925,14	20,34744
925,38	23,4641
925,63	43,59744
925,87	57,0141
926,12	78,44744
926,36	70,64744
926,61	65,28077
926,85	141,39744
927,10	136,68077
927,35	132,2641
927,59	56,9641
927,84	50,4141
928,08	60,63077
928,33	44,7141
928,57	52,44744
928,82	53,03077
929,06	56,69744
929,31	55,89744
929,55	44,1641
929,80	48,5141
930,04	43,18077
930,29	40,98077
930,54	33,28077
930,78	27,53077
931,03	17,34744
931,27	25,8641
931,52	28,7141
931,76	34,3141
932,01	9,3141
932,25	4,48077
932,50	21,23077
932,74	28,1641
932,99	50,68077
933,23	30,6141
933,48	39,79744
933,72	24,23077
933,97	18,0641
934,21	42,93077
934,46	56,09744
934,70	77,73077
934,95	51,0641
935,19	19,9141
935,44	2,24744
935,68	-0,10256
935,93	16,1641
936,18	21,73077
936,42	19,4141
936,67	12,09744
936,91	20,0141
937,16	46,73077
937,40	44,93077
937,65	22,4641
937,89	3,0141
938,14	9,68077
938,38	31,14744
938,63	47,69744
938,87	62,73077
939,12	81,44744
939,36	109,78077
939,61	119,39744
939,85	102,5641
940,10	57,6641
940,34	46,43077
940,59	39,13077
940,83	25,0141
941,08	24,1141
941,32	27,94744
941,57	46,58077
941,81	21,79744
942,06	12,9641
942,30	5,24744
942,55	19,2141
942,79	4,64744
943,03	6,6141
943,28	13,08077
943,52	48,69744
943,77	30,6641
944,01	6,48077
944,26	-27,86923
944,50	-28,7359
944,75	4,5141
944,99	23,88077
945,24	32,18077
945,48	30,69744
945,73	81,84744
945,97	77,59744
946,22	55,9641
946,46	0,74744
946,71	18,4641
946,95	19,94744
947,20	5,53077
947,44	-9,6359
947,69	-2,71923
947,93	1,1141
948,17	-1,66923
948,42	-13,76923
948,66	-4,40256
948,91	-11,4859
949,15	-16,3859
949,40	-25,36923
949,64	-10,6359
949,89	-3,15256
950,13	-3,6859
950,38	-17,51923
950,62	-11,80256
950,87	-3,61923
951,11	20,08077
951,35	10,53077
951,60	9,79744
951,84	-6,3859
952,09	-2,46923
952,33	-5,2859
952,58	4,3641
952,82	-7,95256
953,07	-13,91923
953,31	-13,1859
953,56	2,2641
953,80	4,73077
954,04	-22,3359
954,29	-42,7859
954,53	-51,70256
954,78	-42,1359
955,02	-30,40256
955,27	-22,9359
955,51	-16,91923
955,76	-15,75256
956,00	-12,2859
956,24	-18,6859
956,49	-12,1859
956,73	-5,30256
956,98	1,29744
957,22	19,88077
957,47	29,38077
957,71	20,5641
957,95	11,0641
958,20	5,63077
958,44	28,29744
958,69	12,58077
958,93	7,93077
959,18	-0,8359
959,42	15,5641
959,66	3,7141
959,91	-10,60256
960,15	-29,85256
960,40	-26,41923
960,64	-17,6359
960,89	-3,30256
961,13	106,63077
961,37	123,03077
961,62	126,08077
961,86	25,3641
962,11	22,09744
962,35	0,8141
962,59	-4,3859
962,84	-31,60256
963,08	-13,6359
963,33	-11,26923
963,57	-0,45256
963,81	-12,00256
964,06	-12,9359
964,30	5,2641
964,55	-11,06923
964,79	15,94744
965,04	16,79744
965,28	25,04744
965,52	-1,46923
965,77	-14,71923
966,01	-2,3859
966,26	-3,7859
966,50	-0,91923
966,74	3,39744
966,99	11,79744
967,23	12,3141
967,48	1,74744
967,72	-6,40256
967,96	-20,11923
968,21	-7,3359
968,45	-12,11923
968,69	-1,1359
968,94	9,09744
969,18	0,68077
969,43	-12,71923
969,67	-27,35256
969,91	-8,65256
970,16	5,73077
970,40	0,53077
970,65	-6,7859
970,89	-27,1859
971,13	-23,7859
971,38	-23,36923
971,62	14,24744
971,86	11,29744
972,11	16,6641
972,35	-10,8359
972,60	0,29744
972,84	8,04744
973,08	10,6641
973,33	-1,20256
973,57	-2,8359
973,81	8,94744
974,06	9,2641
974,30	-11,15256
974,55	-10,11923
974,79	1,3141
975,03	13,53077
975,28	6,09744
975,52	-13,91923
975,76	-14,4859
976,01	-18,11923
976,25	-3,91923
976,50	-3,7859
976,74	7,5141
976,98	11,19744
977,23	2,7641
977,47	2,38077
977,71	-2,40256
977,96	-11,80256
978,20	-32,75256
978,44	-41,95256
978,69	-14,15256
978,93	-0,50256
979,17	4,1641
979,42	-4,4359
979,66	-7,4859
979,90	3,08077
980,15	25,64744
980,39	32,6641
980,64	15,3141
980,88	8,38077
981,12	7,98077
981,37	8,48077
981,61	-1,56923
981,85	-15,21923
982,10	-7,15256
982,34	-32,36923
982,58	-22,6359
982,83	-40,51923
983,07	-36,0359
983,31	-37,2359
983,56	-33,70256
983,80	-20,70256
984,04	-19,70256
984,29	0,0141
984,53	0,48077
984,77	0,7141
985,02	1,24744
985,26	-17,31923
985,50	1,73077
985,75	-11,86923
985,99	6,4641
986,23	-16,5359
986,48	-9,0359
986,72	-12,0859
986,96	7,13077
987,20	8,0641
987,45	4,28077
987,69	-21,11923
987,93	-13,55256
988,18	3,03077
988,42	16,54744
988,66	11,64744
988,91	-5,50256
989,15	-10,80256
989,39	-22,40256
989,64	-28,31923
989,88	-24,05256
990,12	-18,56923
990,37	-6,61923
990,61	-8,00256
990,85	-16,41923
991,10	-28,1359
991,34	-29,90256
991,58	-24,86923
991,82	-22,9859
992,07	-23,4859
992,31	-16,5859
992,55	-24,71923
992,80	-30,7859
993,04	-23,7359
993,28	4,93077
993,53	9,18077
993,77	-1,31923
994,01	-29,85256
994,25	-31,7859
994,50	-23,6359
994,74	-8,0359
994,98	-8,90256
995,23	-15,10256
995,47	-9,0359
995,71	-10,5859
995,95	-11,01923
996,20	-2,2859
996,44	4,4141
996,68	-0,86923
996,93	-20,3859
997,17	-20,35256
997,41	-12,50256
997,65	-22,11923
997,90	-30,6859
998,14	-38,2859
998,38	-20,7359
998,63	-17,61923
998,87	-16,00256
999,11	-31,5359
999,35	-29,6359
999,60	-35,35256
999,84	-26,21923
1000,08	-3,00256
1000,32	9,2141
1000,57	10,88077
1000,81	12,13077
1001,05	10,1141
1001,30	19,2641
1001,54	-0,85256
1001,78	15,19744
1002,02	8,4141
1002,27	14,6141
1002,51	-8,70256
1002,75	-8,31923
1002,99	-22,55256
1003,24	-25,3359
1003,48	-23,80256
1003,72	-33,66923
1003,96	-23,46923
1004,21	-17,6359
1004,45	7,54744
1004,69	7,19744
1004,93	0,3141
1005,18	-3,1359
1005,42	5,44744
1005,66	-3,80256
1005,90	-15,21923
1006,15	-34,91923
1006,39	-18,85256
1006,63	3,5641
1006,87	19,88077
1007,12	12,8141
1007,36	7,4141
1007,60	12,4641
1007,84	3,89744
1008,09	-0,51923
1008,33	-17,2359
1008,57	-8,55256
1008,81	-6,46923
1009,06	-8,11923
1009,30	-10,40256
1009,54	-8,7359
1009,78	-0,50256
1010,03	-0,96923
1010,27	-15,9359
1010,51	-12,76923
1010,75	-14,71923
1010,99	-1,26923
1011,24	-0,46923
1011,48	30,14744
1011,72	25,43077
1011,96	36,03077
1012,21	14,18077
1012,45	12,24744
1012,69	1,5641
1012,93	-8,1859
1013,18	-3,61923
1013,42	-4,91923
1013,66	3,84744
1013,90	-7,41923
1014,14	-10,25256
1014,39	-5,1359
1014,63	-0,45256
1014,87	12,0641
1015,11	-4,71923
1015,35	-24,71923
1015,60	-14,11923
1015,84	-1,96923
1016,08	6,49744
1016,32	-12,46923
1016,57	-24,61923
1016,81	-17,80256
1017,05	-14,40256
1017,29	-4,16923
1017,53	-3,95256
1017,78	-7,7859
1018,02	-21,90256
1018,26	-11,2359
1018,50	-17,6359
1018,74	4,43077
1018,99	-10,35256
1019,23	-17,3359
1019,47	-33,65256
1019,71	-23,2859
1019,95	-6,8359
1020,20	-9,40256
1020,44	-17,45256
1020,68	-19,25256
1020,92	0,28077
1021,16	-0,10256
1021,41	-3,00256
1021,65	-25,95256
1021,89	-29,86923
1022,13	-37,4359
1022,37	-36,6859
1022,61	-39,76923
1022,86	-42,1359
1023,10	-17,9859
1023,34	-12,11923
1023,58	-1,70256
1023,82	-27,21923
1024,07	-23,2859
1024,31	-13,9859
1024,55	-7,70256
1024,79	-1,06923
1025,03	-21,8859
1025,27	-13,91923
1025,52	-32,16923
1025,76	-31,7359
1026,00	-23,91923
1026,24	-19,15256
1026,48	-18,4359
1026,73	-24,36923
1026,97	0,9641
1027,21	12,1641
1027,45	12,63077
1027,69	-6,66923
1027,93	-1,35256
1028,18	-2,51923
1028,42	5,69744
1028,66	1,2141
1028,90	4,23077
1029,14	-1,3359
1029,38	-14,5359
1029,62	-10,31923
1029,87	-9,20256
1030,11	9,03077
1030,35	-8,6859
1030,59	-11,01923
1030,83	-27,45256
1031,07	-30,5859
1031,32	-38,6359
1031,56	-13,4359
1031,80	3,34744
1032,04	18,3141
1032,28	-5,15256
1032,52	-5,66923
1032,76	-8,4859
1033,01	-9,90256
1033,25	-6,3859
1033,49	-10,9859
1033,73	-10,7359
1033,97	-30,3359
1034,21	-38,5359
1034,45	-42,8359
1034,70	-45,81923
1034,94	-33,31923
1035,18	55,48077
1035,42	65,6141
1035,66	79,04744
1035,90	7,58077
1036,14	-7,80256
1036,39	-12,26923
1036,63	-29,0359
1036,87	11,54744
1037,11	-0,6859
1037,35	6,39744
1037,59	-1,5859
1037,83	13,19744
1038,07	41,04744
1038,32	20,04744
1038,56	8,23077
1038,80	9,49744
1039,04	25,79744
1039,28	33,6641
1039,52	7,4641
1039,76	-8,85256
1040,00	-10,2359
1040,25	-21,80256
1040,49	-16,25256
1040,73	-18,25256
1040,97	-11,90256
1041,21	-0,50256
1041,45	3,6141
1041,69	25,43077
1041,93	1,2641
1042,17	-6,45256
1042,42	-27,96923
1042,66	-22,51923
1042,90	-13,25256
1043,14	-25,46923
1043,38	-11,96923
1043,62	-26,10256
1043,86	-15,1359
1044,10	-14,25256
1044,34	9,68077
1044,59	15,8141
1044,83	7,54744
1045,07	-11,11923
1045,31	-9,35256
1045,55	-14,45256
1045,79	-37,0359
1046,03	-28,65256
1046,27	-10,00256
1046,51	9,24744
1046,75	-10,26923
1047,00	-22,4359
1047,24	-16,5859
1047,48	-12,41923
1047,72	-11,2359
1047,96	-19,70256
1048,20	-8,4859
1048,44	-3,15256
1048,68	-4,71923
1048,92	-17,50256
1049,16	-38,3859
1049,40	-36,1859
1049,64	-37,91923
1049,89	-15,90256
1050,13	-12,15256
1050,37	15,5641
1050,61	15,0641
1050,85	23,84744
1051,09	7,0641
1051,33	2,89744
1051,57	6,74744
1051,81	1,58077
1052,05	4,78077
1052,29	13,9641
1052,53	2,23077
1052,77	19,79744
1053,02	-0,3859
1053,26	17,29744
1053,50	-1,75256
1053,74	-9,81923
1053,98	-17,1359
1054,22	-32,61923
1054,46	-25,35256
1054,70	-17,76923
1054,94	-19,7859
1055,18	-17,1859
1055,42	-7,4859
1055,66	-0,16923
1055,90	-11,46923
1056,14	-18,96923
1056,38	0,98077
1056,62	3,04744
1056,86	6,7641
1057,11	-6,7359
1057,35	-7,31923
1057,59	-34,5359
1057,83	-22,7359
1058,07	-8,26923
1058,31	32,0641
1058,55	29,18077
1058,79	15,84744
1059,03	-18,4359
1059,27	-21,2359
1059,51	-19,60256
1059,75	-9,5359
1059,99	-24,96923
1060,23	-20,70256
1060,47	-0,61923
1060,71	21,04744
1060,95	-0,50256
1061,19	-22,0859
1061,43	-33,20256
1061,67	-3,15256
1061,91	5,18077
1062,15	-4,90256
1062,39	-19,65256
1062,64	-11,40256
1062,88	-4,30256
1063,12	5,63077
1063,36	18,88077
1063,60	50,04744
1063,84	116,13077
1064,08	270,78077
1064,32	515,44744
1064,56	649,84744
1064,80	577,64744
1065,04	400,9641
1065,28	237,88077
1065,52	172,2141
1065,76	99,0641
1066,00	83,74744
1066,24	54,73077
1066,48	46,78077
1066,72	32,4141
1066,96	21,49744
1067,20	0,54744
1067,44	-2,9359
1067,68	-2,50256
1067,92	-4,85256
1068,16	-0,20256
1068,40	10,34744
1068,64	23,48077
1068,88	22,3141
1069,12	3,93077
1069,36	11,0141
1069,60	-8,00256
1069,84	21,33077
1070,08	6,53077
1070,32	24,18077
1070,56	-0,41923
1070,80	-0,2359
1071,04	34,24744
1071,28	33,49744
1071,52	42,74744
1071,76	-5,40256
1072,00	3,44744
1072,24	-11,9359
1072,48	-10,25256
1072,72	-12,41923
1072,96	5,44744
1073,20	-6,8859
1073,44	0,14744
1073,68	-4,00256
1073,92	9,98077
1074,16	-6,66923
1074,40	-12,15256
1074,64	-20,16923
1074,88	-17,10256
1075,12	-10,31923
1075,36	-7,06923
1075,60	1,63077
1075,84	-7,30256
1076,08	-5,90256
1076,32	-14,86923
1076,56	-21,1359
1076,80	-21,51923
1077,04	-34,0859
1077,28	-31,55256
1077,52	-44,56923
1077,76	-46,96923
1078,00	-37,86923
1078,24	-5,6359
1078,48	7,88077
1078,71	-0,3359
1078,95	-14,91923
1079,19	-29,2359
1079,43	-44,95256
1079,67	-49,16923
1079,91	-28,56923
1080,15	-16,5359
1080,39	-18,41923
1080,63	-19,76923
1080,87	-17,35256
1081,11	-17,56923
1081,35	-19,60256
1081,59	-7,4859
1081,83	-7,6859
1082,07	-19,71923
1082,31	-27,5859
1082,55	-29,35256
1082,79	-23,50256
1083,03	-15,45256
1083,27	-27,1359
1083,51	-21,41923
1083,75	-29,0859
1083,99	1,43077
1084,22	2,03077
1084,46	-0,81923
1084,70	-0,1859
1084,94	-8,25256
1085,18	-8,60256
1085,42	-35,05256
1085,66	-27,50256
1085,90	-30,1859
1086,14	-7,7859
1086,38	8,8641
1086,62	2,2141
1086,86	5,69744
1087,10	-10,2359
1087,34	1,18077
1087,58	-19,56923
1087,82	-24,90256
1088,06	-15,8359
1088,29	5,29744
1088,53	-1,5859
1088,77	-17,10256
1089,01	-19,1359
1089,25	-9,9859
1089,49	-0,7859
1089,73	-14,76923
1089,97	-6,30256
1090,21	-14,75256
1090,45	-7,0359
1090,69	-18,4859
1090,93	-18,8359
1091,17	-34,71923
1091,40	-12,95256
1091,64	-17,3859
1091,88	-10,90256
1092,12	-34,2859
1092,36	-25,60256
1092,60	-25,21923
1092,84	-10,40256
1093,08	-0,5859
1093,32	6,6641
1093,56	4,83077
1093,80	17,14744
1094,04	9,63077
1094,27	-2,11923
1094,51	-8,35256
1094,75	2,9641
1094,99	9,54744
1095,23	0,2641
1095,47	84,39744
1095,71	78,3641
1095,95	73,23077
1096,19	-18,26923
1096,43	-9,3359
1096,66	-24,5859
1096,90	-33,1359
1097,14	-35,10256
1097,38	-36,95256
1097,62	-26,16923
1097,86	-30,21923
1098,10	-9,7359
1098,34	-6,01923
1098,58	-12,2859
1098,81	-13,01923
1099,05	-10,60256
1099,29	18,64744
1099,53	26,98077
1099,77	21,2641
1100,01	-9,41923
1100,25	-16,15256
1100,49	-14,40256
1100,73	16,04744
1100,96	34,63077
1101,20	44,18077
1101,44	8,38077
1101,68	-6,15256
1101,92	-18,60256
1102,16	-7,71923
1102,40	-3,2359
1102,64	2,4141
1102,87	11,4641
1103,11	-3,15256
1103,35	-5,35256
1103,59	-16,6359
1103,83	-18,0359
1104,07	-3,7359
1104,31	-0,70256
1104,55	0,29744
1104,78	-24,0859
1105,02	-12,96923
1105,26	-23,55256
1105,50	-14,31923
1105,74	-35,36923
1105,98	-20,7859
1106,22	-4,35256
1106,45	1,88077
1106,69	-10,30256
1106,93	-20,5859
1107,17	-19,6359
1107,41	-15,5359
1107,65	-23,2859
1107,89	-16,35256
1108,12	-11,46923
1108,36	-28,7359
1108,60	-26,21923
1108,84	-23,26923
1109,08	-14,55256
1109,32	-16,05256
1109,55	-21,71923
1109,79	1,54744
1110,03	-7,60256
1110,27	-3,6859
1110,51	-18,2859
1110,75	-25,6359
1110,99	-28,9359
1111,22	-41,1359
1111,46	-37,6859
1111,70	-41,26923
1111,94	-47,5359
1112,18	-51,95256
1112,42	-43,4859
1112,65	-24,7859
1112,89	-10,80256
1113,13	-20,2359
1113,37	-16,95256
1113,61	-12,80256
1113,85	11,1141
1114,08	1,2141
1114,32	-11,3359
1114,56	-14,50256
1114,80	-11,56923
1115,04	4,0141
1115,28	-14,5359
1115,51	-7,90256
1115,75	-5,90256
1115,99	-2,1359
1116,23	-4,7859
1116,47	-4,30256
1116,70	-6,76923
1116,94	-17,05256
1117,18	-12,45256
1117,42	-17,31923
1117,66	-0,60256
1117,90	-26,6359
1118,13	-24,0859
1118,37	-51,6359
1118,61	-43,61923
1118,85	-35,65256
1119,09	-33,41923
1119,32	-23,36923
1119,56	-20,7359
1119,80	-25,36923
1120,04	-41,26923
1120,28	-30,71923
1120,51	-21,9859
1120,75	-13,75256
1120,99	-34,56923