194,56	-203,92692
194,83	-203,92692
195,09	-197,66026
195,36	-129,94359
195,63	-61,74359
195,90	-4,99359
196,17	-17,32692
196,44	-32,71026
196,71	-20,99359
196,97	-10,09359
197,24	14,25641
197,51	-9,67692
197,78	5,50641
198,05	8,87308
198,32	22,88974
198,59	4,80641
198,86	9,35641
199,12	4,77308
199,39	12,57308
199,66	12,82308
199,93	27,53974
200,20	27,93974
200,47	5,82308
200,74	4,07308
201,00	-3,62692
201,27	5,55641
201,54	-9,77692
201,81	13,57308
202,08	-5,92692
202,35	9,48974
202,61	2,02308
202,88	55,42308
203,15	36,82308
203,42	28,30641
203,69	-5,67692
203,96	3,80641
204,23	2,28974
204,49	-3,09359
204,76	23,53974
205,03	38,42308
205,30	40,55641
205,57	19,65641
205,84	19,17308
206,10	40,77308
206,37	45,87308
206,64	50,95641
206,91	45,63974
207,18	34,72308
207,45	30,90641
207,71	16,97308
207,98	32,13974
208,25	18,03974
208,52	9,37308
208,79	-0,74359
209,06	4,53974
209,32	17,60641
209,59	25,48974
209,86	1,38974
210,13	7,13974
210,40	15,68974
210,67	47,87308
210,93	43,13974
211,20	19,33974
211,47	14,48974
211,74	34,40641
212,01	36,13974
212,28	49,00641
212,54	51,72308
212,81	55,03974
213,08	44,00641
213,35	33,67308
213,62	48,23974
213,88	56,12308
214,15	43,43974
214,42	31,48974
214,69	34,45641
214,96	38,35641
215,23	62,08974
215,49	47,45641
215,76	47,92308
216,03	41,47308
216,30	29,88974
216,57	15,10641
216,83	7,90641
217,10	15,05641
217,37	34,83974
217,64	58,57308
217,91	67,58974
218,17	34,42308
218,44	-10,62692
218,71	-8,89359
218,98	16,98974
219,25	50,47308
219,51	51,73974
219,78	47,45641
220,05	30,57308
220,32	19,10641
220,59	25,72308
220,85	24,82308
221,12	41,83974
221,39	56,08974
221,66	58,55641
221,93	36,17308
222,19	10,37308
222,46	23,80641
222,73	41,03974
223,00	60,93974
223,27	44,60641
223,53	41,63974
223,80	28,17308
224,07	39,90641
224,34	54,67308
224,61	53,27308
224,87	34,87308
225,14	8,17308
225,41	13,72308
225,68	35,57308
225,94	49,53974
226,21	51,00641
226,48	34,52308
226,75	35,87308
227,02	22,15641
227,28	31,45641
227,55	14,47308
227,82	23,13974
228,09	-4,22692
228,36	-4,74359
228,62	0,48974
228,89	23,47308
229,16	31,92308
229,43	28,25641
229,69	26,18974
229,96	29,00641
230,23	20,75641
230,50	27,82308
230,76	18,02308
231,03	21,42308
231,30	23,67308
231,57	33,43974
231,84	32,78974
232,10	18,23974
232,37	18,82308
232,64	10,45641
232,91	16,08974
233,17	24,27308
233,44	33,00641
233,71	33,62308
233,98	12,17308
234,24	12,82308
234,51	31,98974
234,78	44,85641
235,05	59,28974
235,31	41,58974
235,58	35,02308
235,85	14,43974
236,12	-1,09359
236,39	23,30641
236,65	35,13974
236,92	81,83974
237,19	73,40641
237,46	106,08974
237,72	69,40641
237,99	47,80641
238,26	15,75641
238,53	42,97308
238,79	45,88974
239,06	41,05641
239,33	10,18974
239,60	4,93974
239,86	-7,07692
240,13	-9,51026
240,40	-12,74359
240,67	17,50641
240,93	29,68974
241,20	31,35641
241,47	7,73974
241,73	9,53974
242,00	14,78974
242,27	24,10641
242,54	21,90641
242,80	24,23974
243,07	30,05641
243,34	29,95641
243,61	64,05641
243,87	45,43974
244,14	43,48974
244,41	5,93974
244,68	14,95641
244,94	15,68974
245,21	26,37308
245,48	35,20641
245,74	29,87308
246,01	40,15641
246,28	31,33974
246,55	27,48974
246,81	4,10641
247,08	8,90641
247,35	22,32308
247,62	24,57308
247,88	7,05641
248,15	12,55641
248,42	49,97308
248,68	56,32308
248,95	38,55641
249,22	8,63974
249,49	17,50641
249,75	18,87308
250,02	27,23974
250,29	19,55641
250,56	37,58974
250,82	48,90641
251,09	53,37308
251,36	58,77308
251,62	32,52308
251,89	37,68974
252,16	50,78974
252,43	75,58974
252,69	65,18974
252,96	32,05641
253,23	25,28974
253,49	30,40641
253,76	39,08974
254,03	57,60641
254,29	58,82308
254,56	58,63974
254,83	31,52308
255,10	12,70641
255,36	9,22308
255,63	18,55641
255,90	44,30641
256,16	48,95641
256,43	25,00641
256,70	28,53974
256,96	25,48974
257,23	36,93974
257,50	30,72308
257,77	41,20641
258,03	41,22308
258,30	45,93974
258,57	21,12308
258,83	25,95641
259,10	17,47308
259,37	24,50641
259,63	13,95641
259,90	29,03974
260,17	26,07308
260,43	33,13974
260,70	17,67308
260,97	40,77308
261,24	46,95641
261,50	49,57308
261,77	34,65641
262,04	21,22308
262,30	10,03974
262,57	6,32308
262,84	19,07308
263,10	48,17308
263,37	62,97308
263,64	44,15641
263,90	19,95641
264,17	6,45641
264,44	13,17308
264,70	11,45641
264,97	25,50641
265,24	50,67308
265,50	65,40641
265,77	64,88974
266,04	47,63974
266,30	33,18974
266,57	13,35641
266,84	8,78974
267,10	12,25641
267,37	41,40641
267,64	49,50641
267,90	64,23974
268,17	54,67308
268,44	44,83974
268,70	20,60641
268,97	-6,57692
269,24	-0,26026
269,50	15,50641
269,77	36,18974
270,04	48,55641
270,30	39,60641
270,57	45,18974
270,84	18,12308
271,10	31,93974
271,37	22,58974
271,64	53,32308
271,90	82,75641
272,17	85,35641
272,44	71,82308
272,70	38,00641
272,97	30,77308
273,24	23,03974
273,50	30,57308
273,77	41,27308
274,04	44,88974
274,30	35,37308
274,57	28,45641
274,84	43,50641
275,10	46,55641
275,37	46,02308
275,64	25,35641
275,90	7,30641
276,17	2,92308
276,43	15,93974
276,70	18,25641
276,97	13,02308
277,23	24,63974
277,50	28,12308
277,77	20,55641
278,03	-14,77692
278,30	-4,94359
278,57	-2,81026
278,83	8,05641
279,10	13,77308
279,37	9,37308
279,63	10,27308
279,90	18,43974
280,16	40,15641
280,43	56,33974
280,70	47,80641
280,96	66,37308
281,23	62,67308
281,50	49,45641
281,76	26,47308
282,03	25,03974
282,29	31,68974
282,56	33,97308
282,83	22,97308
283,09	12,63974
283,36	18,08974
283,63	23,83974
283,89	34,73974
284,16	35,13974
284,42	39,97308
284,69	42,93974
284,96	38,32308
285,22	32,68974
285,49	34,88974
285,76	34,48974
286,02	57,83974
286,29	64,68974
286,55	62,10641
286,82	39,25641
287,09	18,58974
287,35	34,00641
287,62	24,27308
287,88	34,28974
288,15	10,90641
288,42	10,97308
288,68	21,65641
288,95	32,20641
289,22	50,25641
289,48	46,03974
289,75	49,18974
290,01	49,18974
290,28	29,20641
290,55	36,55641
290,81	16,50641
291,08	37,77308
291,34	44,13974
291,61	66,25641
291,88	65,07308
292,14	36,55641
292,41	32,77308
292,67	51,25641
292,94	70,27308
293,21	69,17308
293,47	55,18974
293,74	56,68974
294,00	38,88974
294,27	21,53974
294,54	9,95641
294,80	26,75641
295,07	49,72308
295,33	44,35641
295,60	47,93974
295,86	30,27308
296,13	27,60641
296,40	13,90641
296,66	26,47308
296,93	69,42308
297,19	88,62308
297,46	83,38974
297,73	63,00641
297,99	51,27308
298,26	38,98974
298,52	24,63974
298,79	24,62308
299,05	14,13974
299,32	33,67308
299,59	52,03974
299,85	73,23974
300,12	61,58974
300,38	45,78974
300,65	39,10641
300,92	54,22308
301,18	61,42308
301,45	84,53974
301,71	67,90641
301,98	81,48974
302,24	92,43974
302,51	111,25641
302,78	112,08974
303,04	93,65641
303,31	98,93974
303,57	109,63974
303,84	110,55641
304,10	92,92308
304,37	88,87308
304,63	109,60641
304,90	135,05641
305,17	145,12308
305,43	133,20641
305,70	150,33974
305,96	147,92308
306,23	153,67308
306,49	148,72308
306,76	150,03974
307,03	155,02308
307,29	143,30641
307,56	160,73974
307,82	170,00641
308,09	182,13974
308,35	174,08974
308,62	188,18974
308,88	177,43974
309,15	182,52308
309,42	173,33974
309,68	185,25641
309,95	185,32308
310,21	173,40641
310,48	173,23974
310,74	173,80641
311,01	200,47308
311,27	193,22308
311,54	179,03974
311,80	163,37308
312,07	187,22308
312,34	209,85641
312,60	200,08974
312,87	196,23974
313,13	206,75641
313,40	215,15641
313,66	221,25641
313,93	203,50641
314,19	232,62308
314,46	225,98974
314,72	240,88974
314,99	224,03974
315,25	218,48974
315,52	205,93974
315,78	206,63974
316,05	210,52308
316,32	220,40641
316,58	223,83974
316,85	239,68974
317,11	244,58974
317,38	246,82308
317,64	247,05641
317,91	244,93974
318,17	248,58974
318,44	252,57308
318,70	248,63974
318,97	263,02308
319,23	284,65641
319,50	291,97308
319,76	284,10641
320,03	259,88974
320,29	273,68974
320,56	278,13974
320,82	291,72308
321,09	295,00641
321,36	314,03974
321,62	311,65641
321,89	308,03974
322,15	297,13974
322,42	306,45641
322,68	326,95641
322,95	352,08974
323,21	372,02308
323,48	366,60641
323,74	361,63974
324,01	358,18974
324,27	357,18974
324,54	357,17308
324,80	371,92308
325,07	390,15641
325,33	414,40641
325,60	411,15641
325,86	433,18974
326,13	438,35641
326,39	464,10641
326,66	474,82308
326,92	505,62308
327,19	542,42308
327,45	585,52308
327,72	644,78974
327,98	711,82308
328,25	813,13974
328,51	903,65641
328,78	976,23974
329,04	969,95641
329,31	898,00641
329,57	783,67308
329,84	684,88974
330,10	620,38974
330,37	599,00641
330,63	575,35641
330,90	559,93974
331,16	549,53974
331,43	547,63974
331,69	557,58974
331,96	557,43974
332,22	556,87308
332,49	559,85641
332,75	546,42308
333,01	537,52308
333,28	524,87308
333,54	531,45641
333,81	567,75641
334,07	583,02308
334,34	585,20641
334,60	583,25641
334,87	601,15641
335,13	639,13974
335,40	640,72308
335,66	637,77308
335,93	633,85641
336,19	648,92308
336,46	679,73974
336,72	685,20641
336,99	708,95641
337,25	732,70641
337,52	781,60641
337,78	844,33974
338,05	895,13974
338,31	994,98974
338,57	1117,77308
338,84	1261,45641
339,10	1345,03974
339,37	1319,98974
339,63	1227,75641
339,90	1087,62308
340,16	962,13974
340,43	851,80641
340,69	800,95641
340,96	761,52308
341,22	755,27308
341,49	717,27308
341,75	715,37308
342,01	715,23974
342,28	734,28974
342,54	764,53974
342,81	777,67308
343,07	801,37308
343,34	796,95641
343,60	820,05641
343,87	810,48974
344,13	825,98974
344,40	849,23974
344,66	887,87308
344,92	932,42308
345,19	925,60641
345,45	932,80641
345,72	933,80641
345,98	942,85641
346,25	940,08974
346,51	930,52308
346,78	923,73974
347,04	933,22308
347,30	920,85641
347,57	925,28974
347,83	918,48974
348,10	938,08974
348,36	956,90641
348,63	979,82308
348,89	985,83974
349,15	996,90641
349,42	1002,17308
349,68	1011,32308
349,95	1016,08974
350,21	1044,65641
350,48	1069,38974
350,74	1096,32308
351,01	1097,10641
351,27	1107,70641
351,53	1101,53974
351,80	1097,52308
352,06	1106,77308
352,33	1120,57308
352,59	1129,83974
352,86	1134,07308
353,12	1151,30641
353,38	1196,20641
353,65	1194,22308
353,91	1197,02308
354,18	1202,27308
354,44	1251,70641
354,70	1258,45641
354,97	1231,47308
355,23	1196,35641
355,50	1170,85641
355,76	1161,35641
356,03	1144,03974
356,29	1159,55641
356,55	1156,17308
356,82	1147,03974
357,08	1119,95641
357,35	1111,20641
357,61	1129,80641
357,87	1139,08974
358,14	1134,90641
358,40	1109,12308
358,67	1111,65641
358,93	1111,43974
359,20	1125,33974
359,46	1120,97308
359,72	1118,57308
359,99	1113,45641
360,25	1128,88974
360,52	1147,82308
360,78	1162,17308
361,04	1163,78974
361,31	1143,47308
361,57	1121,85641
361,84	1109,88974
362,10	1122,93974
362,36	1136,23974
362,63	1149,98974
362,89	1150,43974
363,16	1153,17308
363,42	1154,12308
363,68	1146,60641
363,95	1146,33974
364,21	1122,82308
364,47	1137,15641
364,74	1138,48974
365,00	1147,63974
365,27	1133,43974
365,53	1132,60641
365,79	1147,97308
366,06	1169,35641
366,32	1190,93974
366,59	1169,25641
366,85	1164,93974
367,11	1145,22308
367,38	1161,78974
367,64	1160,20641
367,91	1169,62308
368,17	1161,52308
368,43	1156,77308
368,70	1159,55641
368,96	1158,72308
369,22	1180,03974
369,49	1179,25641
369,75	1176,50641
370,02	1160,48974
370,28	1143,93974
370,54	1148,33974
370,81	1140,10641
371,07	1149,08974
371,33	1184,53974
371,60	1165,52308
371,86	1152,53974
372,13	1117,87308
372,39	1137,30641
372,65	1159,27308
372,92	1170,23974
373,18	1192,72308
373,44	1186,98974
373,71	1164,95641
373,97	1139,93974
374,23	1139,73974
374,50	1176,02308
374,76	1185,83974
375,03	1194,73974
375,29	1184,62308
375,55	1193,08974
375,82	1184,10641
376,08	1177,15641
376,34	1197,87308
376,61	1181,18974
376,87	1161,72308
377,13	1112,38974
377,40	1126,15641
377,66	1157,07308
377,92	1187,23974
378,19	1197,80641
378,45	1196,52308
378,72	1173,97308
378,98	1167,58974
379,24	1148,40641
379,51	1160,25641
379,77	1154,37308
380,03	1127,42308
380,30	1142,87308
380,56	1139,32308
380,82	1174,68974
381,09	1160,27308
381,35	1176,65641
381,61	1170,12308
381,88	1189,82308
382,14	1200,77308
382,40	1213,85641
382,67	1203,68974
382,93	1185,67308
383,19	1172,52308
383,46	1168,80641
383,72	1183,27308
383,98	1196,90641
384,25	1218,35641
384,51	1233,48974
384,77	1234,62308
385,04	1238,15641
385,30	1223,03974
385,56	1254,47308
385,83	1274,68974
386,09	1295,87308
386,35	1295,65641
386,62	1291,28974
386,88	1308,50641
387,14	1308,03974
387,41	1301,32308
387,67	1297,55641
387,93	1299,28974
388,20	1305,13974
388,46	1299,68974
388,72	1306,30641
388,99	1313,45641
389,25	1320,48974
389,51	1321,28974
389,78	1330,97308
390,04	1353,62308
390,30	1378,28974
390,56	1381,02308
390,83	1377,13974
391,09	1393,32308
391,35	1408,13974
391,62	1435,93974
391,88	1449,05641
392,14	1476,58974
392,41	1484,67308
392,67	1471,57308
392,93	1468,55641
393,20	1451,35641
393,46	1461,32308
393,72	1459,37308
393,99	1467,80641
394,25	1479,47308
394,51	1453,22308
394,77	1452,60641
395,04	1431,27308
395,30	1453,22308
395,56	1457,65641
395,83	1449,83974
396,09	1438,40641
396,35	1443,18974
396,62	1447,92308
396,88	1476,65641
397,14	1470,32308
397,40	1519,00641
397,67	1528,02308
397,93	1532,05641
398,19	1510,47308
398,46	1509,92308
398,72	1541,62308
398,98	1563,40641
399,24	1583,53974
399,51	1596,30641
399,77	1611,25641
400,03	1613,18974
400,30	1602,63974
400,56	1630,65641
400,82	1632,75641
401,08	1614,92308
401,35	1567,10641
401,61	1559,48974
401,87	1548,98974
402,14	1550,07308
402,40	1529,42308
402,66	1545,00641
402,92	1522,48974
403,19	1526,33974
403,45	1543,68974
403,71	1558,90641
403,98	1570,45641
404,24	1556,00641
404,50	1559,07308
404,76	1577,38974
405,03	1592,12308
405,29	1609,27308
405,55	1607,85641
405,81	1628,05641
406,08	1628,92308
406,34	1626,05641
406,60	1607,10641
406,87	1603,23974
407,13	1606,77308
407,39	1598,92308
407,65	1593,67308
407,92	1583,57308
408,18	1584,30641
408,44	1589,60641
408,70	1578,20641
408,97	1579,80641
409,23	1579,22308
409,49	1576,90641
409,75	1561,53974
410,02	1542,42308
410,28	1529,72308
410,54	1532,48974
410,80	1544,05641
411,07	1557,00641
411,33	1562,28974
411,59	1531,72308
411,85	1549,60641
412,12	1553,28974
412,38	1571,40641
412,64	1552,87308
412,90	1535,40641
413,17	1528,57308
413,43	1510,32308
413,69	1522,17308
413,95	1526,53974
414,22	1531,20641
414,48	1502,05641
414,74	1486,23974
415,00	1493,17308
415,27	1503,35641
415,53	1520,83974
415,79	1507,28974
416,05	1508,03974
416,32	1506,60641
416,58	1535,82308
416,84	1556,42308
417,10	1540,32308
417,37	1521,53974
417,63	1509,32308
417,89	1531,95641
418,15	1532,52308
418,41	1535,48974
418,68	1541,85641
418,94	1558,22308
419,20	1561,32308
419,46	1582,27308
419,73	1591,17308
419,99	1623,32308
420,25	1623,93974
420,51	1695,27308
420,78	1698,75641
421,04	1685,40641
421,30	1631,83974
421,56	1663,92308
421,82	1690,63974
422,09	1697,62308
422,35	1640,85641
422,61	1614,38974
422,87	1675,05641
423,14	1665,37308
423,40	1657,52308
423,66	1547,05641
423,92	1549,15641
424,18	1533,83974
424,45	1519,45641
424,71	1498,15641
424,97	1496,85641
425,23	1490,20641
425,49	1476,50641
425,76	1472,25641
426,02	1486,03974
426,28	1497,70641
426,54	1481,27308
426,81	1464,37308
427,07	1449,73974
427,33	1439,30641
427,59	1443,62308
427,85	1440,05641
428,12	1450,55641
428,38	1442,67308
428,64	1431,67308
428,90	1414,20641
429,16	1415,60641
429,43	1421,88974
429,69	1427,08974
429,95	1429,83974
430,21	1439,20641
430,47	1465,67308
430,74	1454,88974
431,00	1451,87308
431,26	1422,25641
431,52	1435,82308
431,78	1453,20641
432,05	1487,00641
432,31	1517,38974
432,57	1500,38974
432,83	1470,83974
433,09	1436,22308
433,35	1441,25641
433,62	1440,63974
433,88	1436,40641
434,14	1432,90641
434,40	1436,63974
434,66	1454,48974
434,93	1451,22308
435,19	1463,40641
435,45	1451,65641
435,71	1488,62308
435,97	1496,03974
436,23	1494,05641
436,50	1467,75641
436,76	1450,50641
437,02	1453,78974
437,28	1438,98974
437,54	1445,68974
437,81	1430,37308
438,07	1426,57308
438,33	1413,20641
438,59	1416,13974
438,85	1427,10641
439,11	1412,72308
439,38	1429,92308
439,64	1421,48974
439,90	1443,32308
440,16	1440,55641
440,42	1448,30641
440,68	1461,10641
440,95	1448,77308
441,21	1476,85641
441,47	1494,77308
441,73	1511,37308
441,99	1511,22308
442,25	1496,67308
442,52	1511,93974
442,78	1490,83974
443,04	1498,52308
443,30	1491,37308
443,56	1519,10641
443,82	1531,15641
444,08	1550,30641
444,35	1549,18974
444,61	1541,57308
444,87	1521,57308
445,13	1538,63974
445,39	1524,32308
445,65	1533,45641
445,92	1485,53974
446,18	1494,72308
446,44	1483,08974
446,70	1496,77308
446,96	1495,48974
447,22	1504,02308
447,48	1500,83974
447,75	1495,33974
448,01	1503,03974
448,27	1486,67308
448,53	1473,53974
448,79	1456,88974
449,05	1458,78974
449,31	1438,15641
449,58	1413,20641
449,84	1400,10641
450,10	1407,97308
450,36	1391,93974
450,62	1389,23974
450,88	1383,42308
451,14	1380,63974
451,41	1361,50641
451,67	1341,98974
451,93	1343,13974
452,19	1360,92308
452,45	1381,00641
452,71	1384,58974
452,97	1360,20641
453,23	1366,83974
453,50	1371,55641
453,76	1382,85641
454,02	1372,33974
454,28	1367,67308
454,54	1375,85641
454,80	1381,38974
455,06	1384,25641
455,32	1385,07308
455,59	1372,50641
455,85	1371,97308
456,11	1377,48974
456,37	1391,43974
456,63	1404,13974
456,89	1415,25641
457,15	1440,37308
457,41	1446,15641
457,68	1459,03974
457,94	1436,98974
458,20	1443,93974
458,46	1448,77308
458,72	1478,48974
458,98	1507,75641
459,24	1524,33974
459,50	1544,90641
459,76	1554,43974
460,03	1555,53974
460,29	1579,28974
460,55	1612,85641
460,81	1656,17308
461,07	1667,57308
461,33	1705,30641
461,59	1750,08974
461,85	1766,40641
462,11	1768,40641
462,37	1768,37308
462,64	1794,08974
462,90	1795,03974
463,16	1801,88974
463,42	1826,02308
463,68	1835,57308
463,94	1821,85641
464,20	1791,83974
464,46	1764,65641
464,72	1766,02308
464,98	1748,32308
465,24	1765,95641
465,51	1748,05641
465,77	1751,82308
466,03	1711,83974
466,29	1695,42308
466,55	1674,95641
466,81	1673,73974
467,07	1685,23974
467,33	1696,60641
467,59	1734,53974
467,85	1721,90641
468,11	1690,75641
468,38	1641,63974
468,64	1642,50641
468,90	1630,80641
469,16	1627,42308
469,42	1596,98974
469,68	1596,13974
469,94	1599,35641
470,20	1608,58974
470,46	1600,57308
470,72	1582,60641
470,98	1561,27308
471,24	1567,52308
471,50	1572,62308
471,77	1580,18974
472,03	1581,27308
472,29	1559,00641
472,55	1559,70641
472,81	1571,78974
473,07	1586,62308
473,33	1564,67308
473,59	1554,70641
473,85	1545,27308
474,11	1564,42308
474,37	1559,02308
474,63	1557,05641
474,89	1575,02308
475,15	1596,25641
475,41	1639,37308
475,68	1646,82308
475,94	1659,28974
476,20	1661,12308
476,46	1681,67308
476,72	1674,47308
476,98	1692,47308
477,24	1695,57308
477,50	1720,78974
477,76	1742,83974
478,02	1785,05641
478,28	1821,12308
478,54	1834,55641
478,80	1866,40641
479,06	1906,10641
479,32	1964,38974
479,58	1973,25641
479,84	1981,43974
480,10	1962,55641
480,36	1990,37308
480,63	2020,43974
480,89	2027,02308
481,15	2022,12308
481,41	1995,43974
481,67	2005,80641
481,93	1998,77308
482,19	1995,10641
482,45	1994,18974
482,71	1989,27308
482,97	1992,18974
483,23	1992,25641
483,49	2006,38974
483,75	2033,90641
484,01	2055,48974
484,27	2062,72308
484,53	2086,95641
484,79	2145,28974
485,05	2170,37308
485,31	2191,13974
485,57	2167,02308
485,83	2200,93974
486,09	2212,47308
486,35	2249,38974
486,61	2260,97308
486,87	2288,98974
487,13	2318,85641
487,39	2371,32308
487,65	2420,02308
487,91	2468,45641
488,17	2495,20641
488,43	2492,85641
488,70	2486,67308
488,96	2477,95641
489,22	2467,37308
489,48	2467,20641
489,74	2465,73974
490,00	2490,58974
490,26	2480,83974
490,52	2497,98974
490,78	2497,42308
491,04	2516,48974
491,30	2538,30641
491,56	2567,53974
491,82	2587,15641
492,08	2594,37308
492,34	2618,58974
492,60	2639,53974
492,86	2653,92308
493,12	2668,82308
493,38	2693,57308
493,64	2722,52308
493,90	2726,67308
494,16	2711,43974
494,42	2704,45641
494,68	2717,77308
494,94	2772,22308
495,20	2815,00641
495,46	2836,47308
495,72	2834,58974
495,98	2839,80641
496,24	2852,62308
496,50	2885,80641
496,76	2955,12308
497,02	3017,08974
497,28	3079,35641
497,54	3143,77308
497,80	3219,43974
498,06	3290,55641
498,32	3331,58974
498,58	3423,97308
498,84	3513,92308
499,10	3632,83974
499,36	3750,70641
499,62	3883,90641
499,88	4014,45641
500,14	4102,20641
500,40	4157,40641
500,66	4205,72308
500,92	4237,03974
501,18	4222,68974
501,44	4133,22308
501,69	4024,23974
501,95	3935,88974
502,21	3847,72308
502,47	3741,20641
502,73	3632,95641
502,99	3560,88974
503,25	3507,02308
503,51	3470,18974
503,77	3406,92308
504,03	3373,27308
504,29	3341,85641
504,55	3337,73974
504,81	3300,52308
505,07	3253,58974
505,33	3203,98974
505,59	3172,18974
505,85	3162,13974
506,11	3144,98974
506,37	3119,57308
506,63	3075,88974
506,89	3046,98974
507,15	3040,60641
507,41	3029,25641
507,67	3024,87308
507,93	3008,87308
508,19	3001,45641
508,45	2993,45641
508,71	2982,15641
508,97	2957,98974
509,23	2933,55641
509,49	2944,77308
509,74	2971,12308
510,00	2978,38974
510,26	2970,00641
510,52	2948,03974
510,78	2967,37308
511,04	2954,92308
511,30	2989,83974
511,56	2983,83974
511,82	3002,95641
512,08	2990,90641
512,34	3031,43974
512,60	3033,98974
512,86	3066,38974
513,12	3050,82308
513,38	3071,62308
513,64	3094,85641
513,90	3121,02308
514,16	3178,55641
514,42	3209,60641
514,67	3241,30641
514,93	3261,05641
515,19	3279,48974
515,45	3302,98974
515,71	3326,97308
515,97	3373,45641
516,23	3417,85641
516,49	3454,68974
516,75	3502,88974
517,01	3558,88974
517,27	3607,00641
517,53	3641,48974
517,79	3696,32308
518,05	3767,32308
518,31	3864,03974
518,56	3963,05641
518,82	4106,10641
519,08	4284,77308
519,34	4599,42308
519,60	5005,72308
519,86	5480,58974
520,12	5901,98974
520,38	6205,88974
520,64	6389,85641
520,90	6485,23974
521,16	6734,02308
521,42	7259,37308
521,68	7173,88974
521,93	6426,30641
522,19	5236,68974
522,45	4569,40641
522,71	4278,65641
522,97	4083,72308
523,23	3881,15641
523,49	3722,42308
523,75	3581,22308
524,01	3476,67308
524,27	3383,62308
524,53	3334,18974
524,79	3299,98974
525,04	3281,52308
525,30	3226,57308
525,56	3172,18974
525,82	3132,33974
526,08	3118,47308
526,34	3099,13974
526,60	3108,95641
526,86	3093,13974
527,12	3097,45641
527,38	3074,27308
527,63	3077,95641
527,89	3081,90641
528,15	3089,90641
528,41	3089,30641
528,67	3101,35641
528,93	3127,45641
529,19	3134,02308
529,45	3126,72308
529,71	3112,35641
529,97	3123,52308
530,22	3153,07308
530,48	3178,02308
530,74	3195,25641
531,00	3208,35641
531,26	3225,78974
531,52	3231,37308
531,78	3221,42308
532,04	3230,82308
532,30	3251,62308
532,55	3305,02308
532,81	3321,03974
533,07	3318,28974
533,33	3304,12308
533,59	3297,47308
533,85	3297,22308
534,11	3340,22308
534,37	3365,62308
534,62	3397,65641
534,88	3357,30641
535,14	3342,40641
535,40	3345,52308
535,66	3382,37308
535,92	3399,62308
536,18	3417,28974
536,44	3418,38974
536,69	3430,80641
536,95	3453,57308
537,21	3490,23974
537,47	3542,35641
537,73	3584,45641
537,99	3600,67308
538,25	3632,93974
538,51	3661,67308
538,76	3722,82308
539,02	3785,73974
539,28	3884,22308
539,54	3965,87308
539,80	4040,37308
540,06	4113,87308
540,32	4216,77308
540,57	4317,22308
540,83	4399,72308
541,09	4442,43974
541,35	4469,28974
541,61	4485,00641
541,87	4497,65641
542,13	4542,52308
542,38	4570,03974
542,64	4615,58974
542,90	4644,12308
543,16	4659,45641
543,42	4719,43974
543,68	4762,93974
543,94	4873,80641
544,19	4999,93974
544,45	5229,38974
544,71	5555,72308
544,97	6033,42308
545,23	6633,62308
545,49	7325,97308
545,74	7976,32308
546,00	8547,83974
546,26	8898,43974
546,52	9162,08974
546,78	9522,57308
547,04	10309,68974
547,29	10339,35641
547,55	9513,63974
547,81	8032,90641
548,07	6956,67308
548,33	6318,73974
548,59	5787,62308
548,84	5416,55641
549,10	5094,42308
549,36	4827,83974
549,62	4596,62308
549,88	4446,17308
550,14	4306,15641
550,39	4186,15641
550,65	4109,93974
550,91	4032,43974
551,17	3972,37308
551,43	3903,65641
551,69	3870,58974
551,94	3869,82308
552,20	3854,67308
552,46	3847,88974
552,72	3808,03974
552,98	3786,92308
553,24	3754,22308
553,49	3747,27308
553,75	3731,77308
554,01	3721,97308
554,27	3710,98974
554,53	3721,50641
554,78	3714,52308
555,04	3700,07308
555,30	3681,77308
555,56	3664,72308
555,82	3672,37308
556,07	3666,52308
556,33	3668,37308
556,59	3649,48974
556,85	3633,18974
557,11	3638,62308
557,37	3621,27308
557,62	3582,85641
557,88	3533,43974
558,14	3524,95641
558,40	3509,05641
558,66	3493,88974
558,91	3454,65641
559,17	3458,28974
559,43	3467,53974
559,69	3462,98974
559,95	3445,05641
560,20	3421,30641
560,46	3438,57308
560,72	3459,13974
560,98	3492,72308
561,24	3484,58974
561,49	3499,43974
561,75	3496,75641
562,01	3530,00641
562,27	3541,85641
562,52	3548,62308
562,78	3544,97308
563,04	3553,27308
563,30	3534,40641
563,56	3524,72308
563,81	3509,90641
564,07	3521,67308
564,33	3543,77308
564,59	3531,95641
564,85	3520,42308
565,10	3540,15641
565,36	3556,02308
565,62	3600,58974
565,88	3574,18974
566,13	3609,03974
566,39	3626,35641
566,65	3689,28974
566,91	3716,02308
567,17	3726,23974
567,42	3751,30641
567,68	3734,78974
567,94	3721,13974
568,20	3652,92308
568,45	3607,35641
568,71	3537,10641
568,97	3435,55641
569,23	3369,97308
569,49	3282,75641
569,74	3227,40641
570,00	3116,38974
570,26	3061,48974
570,52	3003,73974
570,77	2988,92308
571,03	2960,25641
571,29	2935,73974
571,55	2902,90641
571,80	2833,12308
572,06	2774,25641
572,32	2726,92308
572,58	2740,80641
572,83	2731,67308
573,09	2688,98974
573,35	2641,58974
573,61	2596,07308
573,86	2582,12308
574,12	2548,10641
574,38	2551,45641
574,64	2532,22308
574,89	2533,93974
575,15	2538,50641
575,41	2527,73974
575,67	2510,15641
575,92	2465,38974
576,18	2461,83974
576,44	2453,63974
576,70	2436,98974
576,95	2407,25641
577,21	2379,42308
577,47	2369,78974
577,73	2374,37308
577,98	2357,12308
578,24	2355,92308
578,50	2332,78974
578,76	2333,08974
579,01	2307,98974
579,27	2300,52308
579,53	2311,18974
579,79	2302,78974
580,04	2294,48974
580,30	2254,42308
580,56	2244,25641
580,81	2232,82308
581,07	2243,72308
581,33	2245,23974
581,59	2246,75641
581,84	2255,52308
582,10	2263,55641
582,36	2262,60641
582,62	2253,35641
582,87	2249,43974
583,13	2270,68974
583,39	2261,32308
583,64	2258,82308
583,90	2222,07308
584,16	2215,55641
584,42	2197,45641
584,67	2194,18974
584,93	2193,02308
585,19	2188,82308
585,45	2191,48974
585,70	2180,00641
585,96	2185,07308
586,22	2178,90641
586,47	2166,13974
586,73	2173,27308
586,99	2167,35641
587,25	2184,08974
587,50	2163,02308
587,76	2160,42308
588,02	2162,17308
588,27	2190,53974
588,53	2226,25641
588,79	2226,90641
589,04	2213,55641
589,30	2232,65641
589,56	2262,20641
589,82	2284,10641
590,07	2270,58974
590,33	2250,05641
590,59	2234,40641
590,84	2220,07308
591,10	2221,95641
591,36	2232,25641
591,61	2230,68974
591,87	2242,68974
592,13	2246,90641
592,39	2261,33974
592,64	2273,97308
592,90	2271,72308
593,16	2285,82308
593,41	2296,02308
593,67	2317,12308
593,93	2308,83974
594,18	2308,82308
594,44	2307,87308
594,70	2293,07308
594,95	2270,75641
595,21	2252,73974
595,47	2231,48974
595,73	2207,58974
595,98	2184,45641
596,24	2170,32308
596,50	2131,85641
596,75	2118,80641
597,01	2117,28974
597,27	2118,37308
597,52	2101,85641
597,78	2088,83974
598,04	2091,43974
598,29	2058,68974
598,55	2059,77308
598,81	2037,83974
599,06	2047,67308
599,32	2016,58974
599,58	2029,53974
599,83	2012,12308
600,09	2016,45641
600,35	1998,48974
600,60	2006,18974
600,86	2008,30641
601,12	2013,30641
601,37	2011,33974
601,63	1991,87308
601,89	1975,10641
602,14	1962,88974
602,40	1963,82308
602,66	1959,88974
602,91	1949,30641
603,17	1957,62308
603,43	1967,28974
603,68	1984,38974
603,94	1966,47308
604,20	1954,27308
604,45	1936,95641
604,71	1934,88974
604,97	1931,37308
605,22	1931,18974
605,48	1937,27308
605,74	1943,78974
605,99	1943,25641
606,25	1929,70641
606,51	1916,97308
606,76	1893,73974
607,02	1906,60641
607,27	1896,45641
607,53	1917,25641
607,79	1910,00641
608,04	1907,47308
608,30	1898,23974
608,56	1887,42308
608,81	1907,50641
609,07	1909,18974
609,33	1936,35641
609,58	1943,10641
609,84	1952,58974
610,10	1939,20641
610,35	1913,32308
610,61	1902,18974
610,86	1888,85641
611,12	1895,55641
611,38	1889,10641
611,63	1884,68974
611,89	1881,20641
612,15	1888,58974
612,40	1873,20641
612,66	1851,38974
612,92	1822,63974
613,17	1846,38974
613,43	1863,97308
613,68	1881,88974
613,94	1863,40641
614,20	1850,68974
614,45	1842,23974
614,71	1863,97308
614,97	1851,83974
615,22	1853,42308
615,48	1839,78974
615,73	1860,25641
615,99	1866,90641
616,25	1869,30641
616,50	1882,95641
616,76	1879,08974
617,01	1883,45641
617,27	1857,08974
617,53	1858,55641
617,78	1874,73974
618,04	1889,87308
618,30	1895,40641
618,55	1857,63974
618,81	1852,10641
619,06	1831,08974
619,32	1831,20641
619,58	1818,30641
619,83	1822,20641
620,09	1818,67308
620,34	1811,72308
620,60	1802,58974
620,86	1798,05641
621,11	1799,43974
621,37	1812,05641
621,62	1809,67308
621,88	1789,03974
622,14	1762,82308
622,39	1766,42308
622,65	1776,07308
622,90	1776,50641
623,16	1781,70641
623,42	1787,42308
623,67	1776,50641
623,93	1780,58974
624,18	1769,32308
624,44	1804,53974
624,70	1801,53974
624,95	1802,98974
625,21	1790,75641
625,46	1775,03974
625,72	1791,50641
625,98	1771,67308
626,23	1773,67308
626,49	1751,05641
626,74	1757,03974
627,00	1756,80641
627,25	1757,30641
627,51	1763,85641
627,77	1753,18974
628,02	1737,95641
628,28	1728,53974
628,53	1731,00641
628,79	1748,65641
629,04	1732,48974
629,30	1729,77308
629,56	1729,73974
629,81	1729,07308
630,07	1729,20641
630,32	1719,70641
630,58	1750,37308
630,83	1741,68974
631,09	1737,57308
631,35	1713,33974
631,60	1721,27308
631,86	1734,33974
632,11	1741,73974
632,37	1721,43974
632,62	1697,35641
632,88	1686,00641
633,14	1691,82308
633,39	1696,93974
633,65	1719,32308
633,90	1735,20641
634,16	1732,27308
634,41	1704,85641
634,67	1696,02308
634,93	1706,82308
635,18	1719,22308
635,44	1697,83974
635,69	1685,77308
635,95	1685,83974
636,20	1717,00641
636,46	1717,48974
636,71	1715,48974
636,97	1702,68974
637,22	1706,68974
637,48	1690,87308
637,74	1689,42308
637,99	1692,22308
638,25	1708,20641
638,50	1694,82308
638,76	1695,45641
639,01	1678,68974
639,27	1671,62308
639,52	1668,77308
639,78	1675,82308
640,03	1681,32308
640,29	1665,72308
640,55	1665,17308
640,80	1661,72308
641,06	1655,55641
641,31	1670,12308
641,57	1669,48974
641,82	1686,02308
642,08	1680,50641
642,33	1684,27308
642,59	1689,55641
642,84	1685,30641
643,10	1682,20641
643,35	1670,63974
643,61	1670,57308
643,87	1680,95641
644,12	1686,43974
644,38	1675,92308
644,63	1682,60641
644,89	1698,48974
645,14	1714,67308
645,40	1707,42308
645,65	1718,43974
645,91	1718,13974
646,16	1750,98974
646,42	1756,75641
646,67	1759,88974
646,93	1751,33974
647,18	1754,17308
647,44	1767,87308
647,69	1774,35641
647,95	1768,07308
648,20	1772,05641
648,46	1774,40641
648,71	1789,30641
648,97	1796,37308
649,22	1803,23974
649,48	1802,97308
649,73	1800,25641
649,99	1791,57308
650,24	1807,33974
650,50	1816,80641
650,75	1825,80641
651,01	1815,35641
651,26	1817,50641
651,52	1813,30641
651,77	1810,28974
652,03	1812,83974
652,28	1818,68974
652,54	1844,77308
652,79	1874,95641
653,05	1903,95641
653,30	1918,93974
653,56	1919,48974
653,81	1937,42308
654,07	1963,03974
654,32	2001,82308
654,58	2045,60641
654,83	2107,30641
655,09	2153,20641
655,34	2211,03974
655,60	2255,02308
655,85	2308,52308
656,11	2368,75641
656,36	2403,68974
656,62	2420,58974
656,87	2395,92308
657,13	2350,25641
657,38	2322,82308
657,64	2288,70641
657,89	2256,37308
658,15	2172,48974
658,40	2092,28974
658,66	2037,62308
658,91	2002,85641
659,17	1977,15641
659,42	1940,02308
659,68	1912,87308
659,93	1870,47308
660,19	1842,87308
660,44	1840,23974
660,70	1842,02308
660,95	1828,30641
661,20	1798,88974
661,46	1776,13974
661,71	1763,35641
661,97	1744,52308
662,22	1739,05641
662,48	1726,27308
662,73	1712,88974
662,99	1709,45641
663,24	1706,13974
663,50	1686,35641
663,75	1665,25641
664,01	1628,10641
664,26	1642,38974
664,52	1619,55641
664,77	1628,83974
665,02	1621,78974
665,28	1622,60641
665,53	1604,92308
665,79	1596,37308
666,04	1587,55641
666,30	1578,58974
666,55	1566,20641
666,81	1548,10641
667,06	1545,88974
667,32	1539,58974
667,57	1529,40641
667,82	1515,27308
668,08	1502,20641
668,33	1496,63974
668,59	1483,52308
668,84	1481,65641
669,10	1469,62308
669,35	1521,48974
669,61	1488,18974
669,86	1498,75641
670,11	1429,33974
670,37	1439,33974
670,62	1431,17308
670,88	1443,37308
671,13	1424,50641
671,39	1399,92308
671,64	1384,83974
671,90	1390,65641
672,15	1395,07308
672,40	1383,90641
672,66	1361,93974
672,91	1365,45641
673,17	1363,42308
673,42	1374,00641
673,68	1363,28974
673,93	1356,35641
674,18	1356,00641
674,44	1349,62308
674,69	1354,05641
674,95	1354,88974
675,20	1353,17308
675,46	1345,45641
675,71	1327,07308
675,96	1335,70641
676,22	1320,77308
676,47	1325,75641
676,73	1314,23974
676,98	1316,42308
677,23	1317,43974
677,49	1323,47308
677,74	1341,75641
678,00	1321,83974
678,25	1311,45641
678,51	1308,67308
678,76	1301,25641
679,01	1305,95641
679,27	1285,02308
679,52	1288,80641
679,78	1277,07308
680,03	1283,62308
680,28	1281,37308
680,54	1273,57308
680,79	1254,22308
681,05	1252,98974
681,30	1244,23974
681,55	1247,85641
681,81	1251,73974
682,06	1267,88974
682,32	1275,72308
682,57	1281,38974
682,82	1267,73974
683,08	1257,63974
683,33	1225,70641
683,59	1233,70641
683,84	1222,23974
684,09	1235,42308
684,35	1224,60641
684,60	1239,72308
684,86	1234,67308
685,11	1252,13974
685,36	1245,50641
685,62	1262,32308
685,87	1219,87308
686,13	1201,78974
686,38	1167,73974
686,63	1190,05641
686,89	1208,08974
687,14	1237,48974
687,40	1222,60641
687,65	1213,60641
687,90	1191,92308
688,16	1183,90641
688,41	1171,00641
688,66	1158,38974
688,92	1162,00641
689,17	1146,00641
689,43	1135,03974
689,68	1132,02308
689,93	1143,95641
690,19	1149,77308
690,44	1130,40641
690,69	1113,70641
690,95	1112,93974
691,20	1125,03974
691,46	1116,78974
691,71	1126,35641
691,96	1125,13974
692,22	1137,73974
692,47	1119,22308
692,72	1109,83974
692,98	1105,73974
693,23	1109,82308
693,49	1124,50641
693,74	1128,42308
693,99	1133,52308
694,25	1125,37308
694,50	1123,18974
694,75	1114,47308
695,01	1088,55641
695,26	1090,33974
695,51	1088,28974
695,77	1085,07308
696,02	1073,98974
696,27	1067,37308
696,53	1085,43974
696,78	1090,15641
697,04	1095,95641
697,29	1081,93974
697,54	1073,72308
697,80	1056,77308
698,05	1059,05641
698,30	1044,97308
698,56	1041,37308
698,81	1038,35641
699,06	1041,12308
699,32	1032,45641
699,57	1026,02308
699,82	1035,73974
700,08	1031,87308
700,33	1028,13974
700,58	1010,42308
700,84	1007,52308
701,09	991,82308
701,34	983,03974
701,60	987,08974
701,85	990,15641
702,10	996,78974
702,36	1001,15641
702,61	987,27308
702,86	972,73974
703,12	945,80641
703,37	951,20641
703,62	940,85641
703,88	936,02308
704,13	922,37308
704,38	927,15641
704,64	950,37308
704,89	958,00641
705,14	973,05641
705,40	966,93974
705,65	963,00641
705,90	937,35641
706,16	910,18974
706,41	913,30641
706,66	911,10641
706,92	912,43974
707,17	916,37308
707,42	938,10641
707,68	929,77308
707,93	915,58974
708,18	900,27308
708,44	922,23974
708,69	927,05641
708,94	921,95641
709,19	908,25641
709,45	910,93974
709,70	897,02308
709,95	895,30641
710,21	870,02308
710,46	864,15641
710,71	877,88974
710,97	877,88974
711,22	885,47308
711,47	857,27308
711,73	861,65641
711,98	855,68974
712,23	853,95641
712,48	843,33974
712,74	840,23974
712,99	835,82308
713,24	827,70641
713,50	829,52308
713,75	852,13974
714,00	873,30641
714,26	877,60641
714,51	878,00641
714,76	893,38974
715,01	903,92308
715,27	933,85641
715,52	938,43974
715,77	958,23974
716,03	944,68974
716,28	948,83974
716,53	956,28974
716,78	948,40641
717,04	938,63974
717,29	918,95641
717,54	910,65641
717,80	884,22308
718,05	863,90641
718,30	843,63974
718,55	841,42308
718,81	826,37308
719,06	825,52308
719,31	816,97308
719,57	803,97308
719,82	793,65641
720,07	793,43974
720,32	785,75641
720,58	789,38974
720,83	780,10641
721,08	785,53974
721,33	774,87308
721,59	784,55641
721,84	790,07308
722,09	795,20641
722,35	784,22308
722,60	770,65641
722,85	763,05641
723,10	750,17308
723,36	747,03974
723,61	733,55641
723,86	738,90641
724,11	750,38974
724,37	743,58974
724,62	737,48974
724,87	721,78974
725,12	724,22308
725,38	719,65641
725,63	717,05641
725,88	709,32308
726,13	709,50641
726,39	693,93974
726,64	710,57308
726,89	708,90641
727,14	715,57308
727,40	708,12308
727,65	711,93974
727,90	727,57308
728,15	727,68974
728,41	713,05641
728,66	708,58974
728,91	696,88974
729,16	702,37308
729,42	702,18974
729,67	708,55641
729,92	687,67308
730,17	676,48974
730,43	673,73974
730,68	695,22308
730,93	698,02308
731,18	691,05641
731,44	683,85641
731,69	672,73974
731,94	675,48974
732,19	685,40641
732,45	694,75641
732,70	709,30641
732,95	691,50641
733,20	674,27308
733,45	662,67308
733,71	673,02308
733,96	671,03974
734,21	675,78974
734,46	669,00641
734,72	673,22308
734,97	666,48974
735,22	659,68974
735,47	663,20641
735,72	658,07308
735,98	655,50641
736,23	654,88974
736,48	658,15641
736,73	665,13974
736,99	658,78974
737,24	659,97308
737,49	659,77308
737,74	665,50641
737,99	683,50641
738,25	683,62308
738,50	684,87308
738,75	653,98974
739,00	657,92308
739,25	665,72308
739,51	666,30641
739,76	671,48974
740,01	677,00641
740,26	697,10641
740,52	707,25641
740,77	741,63974
741,02	763,73974
741,27	792,10641
741,52	819,47308
741,78	861,45641
742,03	898,05641
742,28	915,58974
742,53	943,98974
742,78	996,92308
743,04	1082,10641
743,29	1179,57308
743,54	1252,08974
743,79	1266,70641
744,04	1240,20641
744,30	1218,15641
744,55	1214,30641
744,80	1256,88974
745,05	1280,02308
745,30	1299,67308
745,55	1290,85641
745,81	1349,13974
746,06	1413,35641
746,31	1479,07308
746,56	1479,40641
746,81	1471,63974
747,07	1462,78974
747,32	1477,28974
747,57	1512,53974
747,82	1496,75641
748,07	1424,55641
748,32	1279,90641
748,58	1156,30641
748,83	1044,72308
749,08	976,93974
749,33	916,07308
749,58	876,58974
749,84	834,95641
750,09	791,62308
750,34	756,27308
750,59	741,13974
750,84	715,88974
751,09	717,00641
751,35	698,13974
751,60	700,13974
751,85	662,02308
752,10	629,02308
752,35	628,12308
752,60	626,63974
752,86	631,35641
753,11	601,75641
753,36	585,62308
753,61	575,90641
753,86	563,10641
754,11	561,48974
754,37	540,50641
754,62	537,20641
754,87	532,93974
755,12	553,80641
755,37	560,93974
755,62	559,27308
755,87	531,40641
756,13	518,45641
756,38	518,17308
756,63	533,97308
756,88	553,52308
757,13	542,78974
757,38	541,75641
757,64	515,02308
757,89	516,00641
758,14	522,72308
758,39	521,53974
758,64	535,45641
758,89	520,92308
759,14	536,83974
759,40	528,40641
759,65	526,43974
759,90	517,17308
760,15	505,12308
760,40	483,98974
760,65	473,22308
760,90	471,78974
761,15	480,63974
761,41	489,92308
761,66	485,65641
761,91	496,97308
762,16	485,90641
762,41	505,10641
762,66	495,82308
762,91	504,30641
763,17	499,02308
763,42	504,83974
763,67	512,35641
763,92	510,57308
764,17	509,13974
764,42	496,07308
764,67	499,57308
764,92	510,88974
765,18	512,58974
765,43	495,18974
765,68	502,68974
765,93	513,72308
766,18	522,52308
766,43	512,83974
766,68	519,78974
766,93	526,82308
767,18	543,75641
767,44	581,80641
767,69	651,97308
767,94	752,07308
768,19	807,67308
768,44	826,87308
768,69	807,07308
768,94	802,48974
769,19	818,97308
769,44	858,77308
769,70	836,27308
769,95	790,85641
770,20	709,50641
770,45	678,62308
770,70	646,08974
770,95	614,22308
771,20	574,70641
771,45	574,52308
771,70	562,28974
771,95	562,93974
772,21	560,22308
772,46	563,60641
772,71	573,48974
772,96	571,00641
773,21	574,57308
773,46	597,23974
773,71	610,23974
773,96	616,93974
774,21	626,13974
774,46	646,30641
774,72	686,88974
774,97	721,38974
775,22	767,07308
775,47	861,08974
775,72	1005,73974
775,97	1256,95641
776,22	1583,07308
776,47	1967,97308
776,72	2245,57308
776,97	2358,80641
777,22	2311,85641
777,47	2248,73974
777,73	2258,20641
777,98	2308,15641
778,23	2236,57308
778,48	1987,35641
778,73	1628,10641
778,98	1330,35641
779,23	1123,63974
779,48	977,37308
779,73	851,92308
779,98	752,13974
780,23	694,88974
780,48	651,17308
780,73	628,82308
780,98	605,48974
781,24	586,55641
781,49	552,23974
781,74	517,15641
781,99	498,28974
782,24	489,27308
782,49	482,07308
782,74	473,12308
782,99	467,18974
783,24	456,47308
783,49	452,88974
783,74	444,37308
783,99	457,92308
784,24	445,80641
784,49	440,95641
784,74	427,88974
784,99	432,15641
785,24	414,52308
785,49	388,92308
785,75	408,27308
786,00	436,25641
786,25	438,73974
786,50	411,23974
786,75	385,00641
787,00	403,93974
787,25	403,22308
787,50	411,18974
787,75	398,97308
788,00	417,87308
788,25	396,57308
788,50	386,98974
788,75	366,80641
789,00	370,87308
789,25	364,65641
789,50	350,65641
789,75	352,00641
790,00	367,05641
790,25	373,62308
790,50	406,68974
790,75	422,43974
791,00	423,95641
791,25	414,52308
791,50	392,73974
791,75	395,02308
792,01	403,63974
792,26	412,40641
792,51	426,77308
792,76	409,75641
793,01	415,10641
793,26	401,45641
793,51	428,40641
793,76	463,90641
794,01	526,02308
794,26	566,75641
794,51	591,85641
794,76	588,12308
795,01	590,52308
795,26	592,28974
795,51	603,10641
795,76	588,40641
796,01	574,33974
796,26	544,88974
796,51	505,67308
796,76	459,87308
797,01	418,67308
797,26	409,15641
797,51	385,10641
797,76	392,02308
798,01	380,27308
798,26	399,35641
798,51	379,30641
798,76	355,53974
799,01	339,73974
799,26	327,23974
799,51	333,70641
799,76	327,18974
800,01	343,80641
800,26	331,97308
800,51	334,68974
800,76	322,90641
801,01	329,95641
801,26	319,73974
801,51	316,88974
801,76	313,92308
802,01	306,12308
802,26	309,00641
802,51	320,33974
802,76	327,18974
803,01	320,38974
803,26	297,82308
803,51	293,15641
803,76	295,63974
804,01	308,33974
804,26	296,75641
804,51	281,65641
804,76	266,80641
805,01	272,65641
805,26	272,53974
805,51	271,15641
805,76	261,62308
806,01	295,70641
806,26	308,13974
806,51	310,65641
806,76	269,15641
807,01	252,53974
807,26	254,47308
807,51	251,88974
807,76	252,38974
808,01	256,77308
808,26	272,55641
808,50	277,13974
808,75	275,35641
809,00	267,05641
809,25	277,07308
809,50	276,30641
809,75	286,27308
810,00	280,43974
810,25	273,30641
810,50	282,18974
810,75	286,72308
811,00	309,70641
811,25	303,40641
811,50	318,48974
811,75	315,10641
812,00	308,28974
812,25	293,30641
812,50	264,18974
812,75	259,72308
813,00	256,72308
813,25	268,75641
813,50	271,22308
813,75	265,75641
814,00	269,75641
814,25	272,15641
814,50	292,32308
814,74	293,77308
814,99	312,45641
815,24	295,73974
815,49	302,58974
815,74	297,00641
815,99	322,23974
816,24	336,08974
816,49	348,98974
816,74	376,15641
816,99	394,85641
817,24	441,40641
817,49	470,67308
817,74	570,30641
817,99	641,07308
818,24	702,68974
818,49	714,73974
818,74	713,77308
818,98	743,65641
819,23	765,45641
819,48	811,43974
819,73	792,07308
819,98	784,90641
820,23	757,05641
820,48	814,33974
820,73	898,72308
820,98	1006,67308
821,23	1061,97308
821,48	1085,12308
821,73	1089,68974
821,98	1105,67308
822,23	1111,42308
822,47	1107,63974
822,72	1053,72308
822,97	985,97308
823,22	915,17308
823,47	868,92308
823,72	824,88974
823,97	775,13974
824,22	719,72308
824,47	655,93974
824,72	621,60641
824,97	592,60641
825,22	571,55641
825,46	526,32308
825,71	488,67308
825,96	465,52308
826,21	473,83974
826,46	520,20641
826,71	573,85641
826,96	609,72308
827,21	576,83974
827,46	529,78974
827,71	513,52308
827,96	528,42308
828,20	529,33974
828,45	480,62308
828,70	423,72308
828,95	373,22308
829,20	342,78974
829,45	318,93974
829,70	303,07308
829,95	285,68974
830,20	272,80641
830,45	282,70641
830,69	280,87308
830,94	275,87308
831,19	262,70641
831,44	245,42308
831,69	249,58974
831,94	239,12308
832,19	248,22308
832,44	226,95641
832,69	223,82308
832,93	220,00641
833,18	238,55641
833,43	230,82308
833,68	221,30641
833,93	218,78974
834,18	224,53974
834,43	229,70641
834,68	217,72308
834,92	203,08974
835,17	205,62308
835,42	214,18974
835,67	230,00641
835,92	217,12308
836,17	206,93974
836,42	192,13974
836,67	176,05641
836,91	186,48974
837,16	194,57308
837,41	197,03974
837,66	210,72308
837,91	229,37308
838,16	239,42308
838,41	221,72308
838,66	193,77308
838,90	208,80641
839,15	200,80641
839,40	211,60641
839,65	193,42308
839,90	191,48974
840,15	201,55641
840,40	197,97308
840,64	212,28974
840,89	192,63974
841,14	209,55641
841,39	202,82308
841,64	207,80641
841,89	215,43974
842,14	204,17308
842,38	239,88974
842,63	252,10641
842,88	274,25641
843,13	269,30641
843,38	305,43974
843,63	369,42308
843,87	459,35641
844,12	510,32308
844,37	536,18974
844,62	511,92308
844,87	496,77308
845,12	510,53974
845,37	504,92308
845,61	473,03974
845,86	398,90641
846,11	347,17308
846,36	299,18974
846,61	277,15641
846,86	256,30641
847,10	249,53974
847,35	250,83974
847,60	237,65641
847,85	226,58974
848,10	205,62308
848,35	201,18974
848,59	201,48974
848,84	182,98974
849,09	186,92308
849,34	176,58974
849,59	182,95641
849,84	157,73974
850,08	164,02308
850,33	153,48974
850,58	157,93974
850,83	161,17308
851,08	153,42308
851,32	145,75641
851,57	137,07308
851,82	162,87308
852,07	170,68974
852,32	183,65641
852,57	157,78974
852,81	174,27308
853,06	151,97308
853,31	170,00641
853,56	153,12308
853,81	155,90641
854,05	156,48974
854,30	150,65641
854,55	149,38974
854,80	140,73974
855,05	177,85641
855,29	182,70641
855,54	192,77308
855,79	170,07308
856,04	174,33974
856,29	178,95641
856,53	194,13974
856,78	195,62308
857,03	183,57308
857,28	179,80641
857,53	184,18974
857,77	207,43974
858,02	198,02308
858,27	201,57308
858,52	202,20641
858,77	211,68974
859,01	218,32308
859,26	219,50641
859,51	230,48974
859,76	222,23974
860,01	224,67308
860,25	216,50641
860,50	229,15641
860,75	217,90641
861,00	222,92308
861,25	216,70641
861,49	224,07308
861,74	231,97308
861,99	243,02308
862,24	277,58974
862,48	314,30641
862,73	341,18974
862,98	337,22308
863,23	346,97308
863,48	360,73974
863,72	378,87308
863,97	371,20641
864,22	350,75641
864,47	305,90641
864,71	271,35641
864,96	273,65641
865,21	282,78974
865,46	283,42308
865,70	266,90641
865,95	263,08974
866,20	281,08974
866,45	323,53974
866,70	374,33974
866,94	448,27308
867,19	527,45641
867,44	655,87308
867,69	758,13974
867,93	805,97308
868,18	803,12308
868,43	791,95641
868,68	786,10641
868,92	750,22308
869,17	674,88974
869,42	614,65641
869,67	551,37308
869,91	506,50641
870,16	452,48974
870,41	446,15641
870,66	460,52308
870,90	488,12308
871,15	476,80641
871,40	449,82308
871,65	416,87308
871,89	398,08974
872,14	373,10641
872,39	348,08974
872,64	315,57308
872,88	281,73974
873,13	238,70641
873,38	205,27308
873,63	209,23974
873,87	200,93974
874,12	176,68974
874,37	139,55641
874,62	134,50641
874,86	138,22308
875,11	142,50641
875,36	139,10641
875,60	130,32308
875,85	130,82308
876,10	131,22308
876,35	140,67308
876,59	129,68974
876,84	114,48974
877,09	114,82308
877,34	117,53974
877,58	115,45641
877,83	106,28974
878,08	98,22308
878,32	93,17308
878,57	82,13974
878,82	93,83974
879,07	94,92308
879,31	101,17308
879,56	94,95641
879,81	93,45641
880,06	86,83974
880,30	72,87308
880,55	99,93974
880,80	111,75641
881,04	120,28974
881,29	127,77308
881,54	138,42308
881,79	136,20641
882,03	99,33974
882,28	102,45641
882,53	107,83974
882,77	122,83974
883,02	106,87308
883,27	102,92308
883,51	87,40641
883,76	90,67308
884,01	96,55641
884,26	90,18974
884,50	78,68974
884,75	57,58974
885,00	64,35641
885,24	66,35641
885,49	69,57308
885,74	86,48974
885,98	66,73974
886,23	59,55641
886,48	47,17308
886,73	77,27308
886,97	92,07308
887,22	77,87308
887,47	57,53974
887,71	46,98974
887,96	49,17308
888,21	62,45641
888,45	69,40641
888,70	84,98974
888,95	68,85641
889,19	61,38974
889,44	51,80641
889,69	62,75641
889,93	49,32308
890,18	58,65641
890,43	63,03974
890,67	80,78974
890,92	59,08974
891,17	68,03974
891,42	78,25641
891,66	108,08974
891,91	100,70641
892,16	97,58974
892,40	96,23974
892,65	92,60641
892,90	84,48974
893,14	72,65641
893,39	69,45641
893,64	63,57308
893,88	44,33974
894,13	60,55641
894,38	73,23974
894,62	79,28974
894,87	54,12308
895,12	35,15641
895,36	37,83974
895,61	41,72308
895,86	49,00641
896,10	45,20641
896,35	40,70641
896,60	25,73974
896,84	26,02308
897,09	33,95641
897,33	55,40641
897,58	57,28974
897,83	62,40641
898,07	57,98974
898,32	65,30641
898,57	65,62308
898,81	75,02308
899,06	86,60641
899,31	113,00641
899,55	113,13974
899,80	91,10641
900,05	63,30641
900,29	53,78974
900,54	80,88974
900,79	79,93974
901,03	81,20641
901,28	71,85641
901,52	89,60641
901,77	110,32308
902,02	121,53974
902,26	100,03974
902,51	89,52308
902,76	68,08974
903,00	92,42308
903,25	90,43974
903,50	113,68974
903,74	114,30641
903,99	132,95641
904,23	157,55641
904,48	182,22308
904,73	211,23974
904,97	216,08974
905,22	224,38974
905,47	204,43974
905,71	198,82308
905,96	177,07308
906,20	177,28974
906,45	160,28974
906,70	150,18974
906,94	133,05641
907,19	119,68974
907,44	101,78974
907,68	82,62308
907,93	76,98974
908,17	55,50641
908,42	64,47308
908,67	48,85641
908,91	77,18974
909,16	82,15641
909,40	83,60641
909,65	64,75641
909,90	54,12308
910,14	54,18974
910,39	42,07308
910,63	44,38974
910,88	58,33974
911,13	88,93974
911,37	86,75641
911,62	70,22308
911,86	51,28974
912,11	51,52308
912,36	63,68974
912,60	65,50641
912,85	75,83974
913,09	71,77308
913,34	84,90641
913,59	55,33974
913,83	60,65641
914,08	41,37308
914,32	66,17308
914,57	63,12308
914,82	76,68974
915,06	70,02308
915,31	63,52308
915,55	64,02308
915,80	73,97308
916,05	65,15641
916,29	44,88974
916,54	27,25641
916,78	46,45641
917,03	63,40641
917,27	64,20641
917,52	46,73974
917,77	48,70641
918,01	52,12308
918,26	45,75641
918,50	31,03974
918,75	25,00641
919,00	29,23974
919,24	29,78974
919,49	18,35641
919,73	29,33974
919,98	26,15641
920,22	41,87308
920,47	34,37308
920,72	31,28974
920,96	23,02308
921,21	22,20641
921,45	33,07308
921,70	28,55641
921,94	38,37308
922,19	45,35641
922,43	50,20641
922,68	70,57308
922,93	69,58974
923,17	68,35641
923,42	31,65641
923,66	29,25641
923,91	29,73974
924,15	42,42308
924,40	41,32308
924,64	40,48974
924,89	38,72308
925,14	40,77308
925,38	48,23974
925,63	69,10641
925,87	86,58974
926,12	112,78974
926,36	108,90641
926,61	104,27308
926,85	180,65641
927,10	177,50641
927,35	175,70641
927,59	100,62308
927,84	91,92308
928,08	97,28974
928,33	76,95641
928,57	83,57308
928,82	84,07308
929,06	85,13974
929,31	81,85641
929,55	69,55641
929,80	73,93974
930,04	66,07308
930,29	59,37308
930,54	53,22308
930,78	50,05641
931,03	40,65641
931,27	46,88974
931,52	46,00641
931,76	52,20641
932,01	27,47308
932,25	22,30641
932,50	37,52308
932,74	41,98974
932,99	66,57308
933,23	47,63974
933,48	57,37308
933,72	40,98974
933,97	34,37308
934,21	58,33974
934,46	71,10641
934,70	91,85641
934,95	65,52308
935,19	35,20641
935,44	17,50641
935,68	15,80641
935,93	32,27308
936,18	38,60641
936,42	36,58974
936,67	28,05641
936,91	38,18974
937,16	62,22308
937,40	62,18974
937,65	37,32308
937,89	21,45641
938,14	31,48974
938,38	58,15641
938,63	81,92308
938,87	100,60641
939,12	124,57308
939,36	155,58974
939,61	168,28974
939,85	148,65641
940,10	96,33974
940,34	75,40641
940,59	62,75641
940,83	48,53974
941,08	46,17308
941,32	48,05641
941,57	63,27308
941,81	37,25641
942,06	28,98974
942,30	20,67308
942,55	34,90641
942,79	19,75641
943,03	20,42308
943,28	26,78974
943,52	60,10641
943,77	42,13974
944,01	16,55641
944,26	-15,64359
944,50	-17,16026
944,75	14,13974
944,99	31,93974
945,24	38,88974
945,48	38,72308
945,73	88,97308
945,97	86,90641
946,22	67,72308
946,46	11,90641
946,71	28,85641
946,95	29,45641
947,20	14,92308
947,44	0,83974
947,69	6,82308
947,93	11,45641
948,17	7,02308
948,42	-7,02692
948,66	0,62308
948,91	-6,39359
949,15	-10,47692
949,40	-20,27692
949,64	-6,32692
949,89	0,85641
950,13	5,80641
950,38	-8,51026
950,62	-0,21026
950,87	5,27308
951,11	29,48974
951,35	18,90641
951,60	17,95641
951,84	3,75641
952,09	8,05641
952,33	6,42308
952,58	16,50641
952,82	0,87308
953,07	-7,97692
953,31	-6,91026
953,56	8,98974
953,80	11,35641
954,04	-18,86026
954,29	-39,44359
954,53	-47,74359
954,78	-36,96026
955,02	-25,06026
955,27	-19,01026
955,51	-14,44359
955,76	-12,86026
956,00	-8,66026
956,24	-13,87692
956,49	-6,66026
956,73	1,10641
956,98	7,38974
957,22	26,67308
957,47	34,72308
957,71	25,73974
957,95	15,70641
958,20	11,30641
958,44	34,38974
958,69	17,75641
958,93	13,08974
959,18	3,67308
959,42	22,70641
959,66	10,37308
959,91	-5,12692
960,15	-27,81026
960,40	-22,72692
960,64	-13,89359
960,89	-0,47692
961,13	107,17308
961,37	122,43974
961,62	126,48974
961,86	26,92308
962,11	24,48974
962,35	3,87308
962,59	-1,69359
962,84	-27,79359
963,08	-7,42692
963,33	-5,74359
963,57	5,23974
963,81	-7,79359
964,06	-8,62692
964,30	9,25641
964,55	-9,01026
964,79	19,88974
965,04	20,00641
965,28	30,68974
965,52	5,03974
965,77	-8,39359
966,01	3,63974
966,26	1,67308
966,50	4,35641
966,74	7,95641
966,99	14,17308
967,23	13,77308
967,48	5,70641
967,72	-2,39359
967,96	-12,54359
968,21	-3,82692
968,45	-8,17692
968,69	1,48974
968,94	13,40641
969,18	6,83974
969,43	-6,09359
969,67	-22,37692
969,91	-4,87692
970,16	8,87308
970,40	3,93974
970,65	-3,36026
970,89	-22,06026
971,13	-16,34359
971,38	-16,21026
971,62	18,48974
971,86	13,80641
972,11	19,85641
972,35	-5,14359
972,60	5,85641
972,84	12,72308
973,08	13,32308
973,33	-0,32692
973,57	-3,07692
973,81	9,10641
974,06	10,40641
974,30	-9,39359
974,55	-8,69359
974,79	3,73974
975,03	16,32308
975,28	9,87308
975,52	-9,34359
975,76	-9,91026
976,01	-13,44359
976,25	-0,12692
976,50	-1,09359
976,74	9,32308
976,98	13,65641
977,23	6,00641
977,47	6,17308
977,71	1,15641
977,96	-8,36026
978,20	-30,11026
978,44	-40,86026
978,69	-13,46026
978,93	-1,02692
979,17	7,42308
979,42	1,27308
979,66	1,33974
979,90	9,43974
980,15	29,58974
980,39	34,52308
980,64	16,63974
980,88	9,30641
981,12	9,68974
981,37	10,53974
981,61	2,97308
981,85	-11,82692
982,10	-4,84359
982,34	-31,04359
982,58	-16,87692
982,83	-32,89359
983,07	-27,72692
983,31	-31,02692
983,56	-28,39359
983,80	-16,17692
984,04	-16,71026
984,29	6,37308
984,53	8,78974
984,77	8,37308
985,02	7,25641
985,26	-11,64359
985,50	9,05641
985,75	-4,07692
985,99	11,78974
986,23	-10,19359
986,48	-4,67692
986,72	-6,86026
986,96	8,63974
987,20	8,90641
987,45	5,02308
987,69	-17,81026
987,93	-8,09359
988,18	7,97308
988,42	21,07308
988,66	14,40641
988,91	-4,69359
989,15	-9,94359
989,39	-22,56026
989,64	-26,21026
989,88	-22,74359
990,12	-15,31026
990,37	-3,82692
990,61	-3,82692
990,85	-13,99359
991,10	-26,09359
991,34	-26,99359
991,58	-20,52692
991,82	-17,64359
992,07	-21,39359
992,31	-15,94359
992,55	-24,12692
992,80	-27,92692
993,04	-18,71026
993,28	10,38974
993,53	14,77308
993,77	3,20641
994,01	-26,24359
994,25	-28,37692
994,50	-22,04359
994,74	-3,96026
994,98	-7,46026
995,23	-11,51026
995,47	-9,19359
995,71	-7,97692
995,95	-8,32692
996,20	2,40641
996,44	10,28974
996,68	5,30641
996,93	-15,02692
997,17	-14,49359
997,41	-8,34359
997,65	-15,94359
997,90	-28,26026
998,14	-34,56026
998,38	-19,22692
998,63	-15,34359
998,87	-16,14359
999,11	-31,26026
999,35	-29,81026
999,60	-33,47692
999,84	-24,71026
1000,08	0,95641
1000,32	14,47308
1000,57	15,65641
1000,81	15,02308
1001,05	12,12308
1001,30	22,92308
1001,54	1,95641
1001,78	18,52308
1002,02	10,85641
1002,27	19,33974
1002,51	-5,47692
1002,75	-5,31026
1002,99	-20,87692
1003,24	-22,91026
1003,48	-21,86026
1003,72	-30,54359
1003,96	-21,52692
1004,21	-15,59359
1004,45	8,32308
1004,69	9,30641
1004,93	4,38974
1005,18	0,78974
1005,42	6,95641
1005,66	-4,64359
1005,90	-14,66026
1006,15	-32,21026
1006,39	-16,37692
1006,63	2,77308
1006,87	18,05641
1007,12	11,37308
1007,36	8,90641
1007,60	13,88974
1007,84	4,17308
1008,09	-1,92692
1008,33	-18,96026
1008,57	-8,69359
1008,81	-5,37692
1009,06	-5,37692
1009,30	-6,86026
1009,54	-4,34359
1009,78	5,88974
1010,03	7,10641
1010,27	-9,72692
1010,51	-5,92692
1010,75	-7,04359
1010,99	9,08974
1011,24	8,87308
1011,48	39,35641
1011,72	32,98974
1011,96	44,12308
1012,21	21,12308
1012,45	18,68974
1012,69	9,18974
1012,93	0,42308
1013,18	7,32308
1013,42	3,97308
1013,66	9,25641
1013,90	-2,61026
1014,14	-6,86026
1014,39	-0,29359
1014,63	3,07308
1014,87	17,17308
1015,11	1,57308
1015,35	-16,47692
1015,60	-8,04359
1015,84	2,12308
1016,08	8,40641
1016,32	-8,02692
1016,57	-18,07692
1016,81	-11,67692
1017,05	-11,69359
1017,29	-5,31026
1017,53	-4,97692
1017,78	-7,34359
1018,02	-19,27692
1018,26	-9,47692
1018,50	-15,36026
1018,74	6,72308
1018,99	-7,09359
1019,23	-14,69359
1019,47	-32,59359
1019,71	-20,56026
1019,95	-4,16026
1020,20	-4,54359
1020,44	-14,06026
1020,68	-17,74359
1020,92	1,37308
1021,16	-0,09359
1021,41	-1,46026
1021,65	-25,99359
1021,89	-28,36026
1022,13	-35,84359
1022,37	-33,04359
1022,61	-35,97692
1022,86	-37,52692
1023,10	-13,16026
1023,34	-9,36026
1023,58	-0,31026
1023,82	-29,99359
1024,07	-22,39359
1024,31	-11,11026
1024,55	-2,61026
1024,79	1,93974
1025,03	-20,76026
1025,27	-13,34359
1025,52	-32,86026
1025,76	-30,92692
1026,00	-22,92692
1026,24	-15,97692
1026,48	-15,62692
1026,73	-20,39359
1026,97	2,80641
1027,21	13,17308
1027,45	13,15641
1027,69	-4,52692
1027,93	1,22308
1028,18	-1,29359
1028,42	5,75641
1028,66	1,40641
1028,90	6,07308
1029,14	-0,19359
1029,38	-13,71026
1029,62	-6,21026
1029,87	-4,41026
1030,11	11,62308
1030,35	-9,14359
1030,59	-10,09359
1030,83	-23,31026
1031,07	-26,31026
1031,32	-35,04359
1031,56	-12,22692
1031,80	5,27308
1032,04	21,85641
1032,28	-0,97692
1032,52	-4,09359
1032,76	-8,49359
1033,01	-9,36026
1033,25	-7,04359
1033,49	-12,26026
1033,73	-11,57692
1033,97	-26,81026
1034,21	-35,66026
1034,45	-41,41026
1034,70	-45,42692
1034,94	-31,67692
1035,18	58,68974
1035,42	68,73974
1035,66	82,53974
1035,90	9,43974
1036,14	-7,67692
1036,39	-10,57692
1036,63	-26,22692
1036,87	16,00641
1037,11	2,00641
1037,35	9,28974
1037,59	-0,01026
1037,83	14,40641
1038,07	43,30641
1038,32	22,23974
1038,56	9,87308
1038,80	9,67308
1039,04	26,72308
1039,28	35,33974
1039,52	9,43974
1039,76	-7,37692
1040,00	-8,44359
1040,25	-21,16026
1040,49	-15,69359
1040,73	-19,09359
1040,97	-11,29359
1041,21	0,25641
1041,45	5,33974
1041,69	26,87308
1041,93	3,40641
1042,17	-5,76026
1042,42	-29,61026
1042,66	-23,86026
1042,90	-12,82692
1043,14	-23,44359
1043,38	-11,66026
1043,62	-27,16026
1043,86	-17,19359
1044,10	-14,39359
1044,34	11,00641
1044,59	17,08974
1044,83	9,67308
1045,07	-9,97692
1045,31	-9,49359
1045,55	-15,51026
1045,79	-40,09359
1046,03	-29,41026
1046,27	-13,06026
1046,51	9,07308
1046,75	-8,44359
1047,00	-19,77692
1047,24	-14,26026
1047,48	-10,82692
1047,72	-10,62692
1047,96	-20,62692
1048,20	-10,41026
1048,44	-2,62692
1048,68	-3,99359
1048,92	-15,47692
1049,16	-35,36026
1049,40	-32,17692
1049,64	-35,39359
1049,89	-13,87692
1050,13	-9,04359
1050,37	17,70641
1050,61	16,53974
1050,85	25,05641
1051,09	10,43974
1051,33	6,27308
1051,57	8,30641
1051,81	1,57308
1052,05	2,10641
1052,29	12,95641
1052,53	2,65641
1052,77	22,05641
1053,02	0,25641
1053,26	17,53974
1053,50	-2,14359
1053,74	-8,21026
1053,98	-14,12692
1054,22	-30,17692
1054,46	-24,44359
1054,70	-20,71026
1054,94	-20,69359
1055,18	-18,57692
1055,42	-6,36026
1055,66	1,33974
1055,90	-9,11026
1056,14	-17,84359
1056,38	2,13974
1056,62	4,08974
1056,86	7,00641
1057,11	-6,94359
1057,35	-9,64359
1057,59	-36,41026
1057,83	-25,42692
1058,07	-7,11026
1058,31	34,10641
1058,55	30,18974
1058,79	13,80641
1059,03	-21,29359
1059,27	-23,01026
1059,51	-22,04359
1059,75	-10,11026
1059,99	-24,71026
1060,23	-21,62692
1060,47	-2,36026
1060,71	17,75641
1060,95	-2,87692
1061,19	-26,81026
1061,43	-40,29359
1061,67	-6,57692
1061,91	2,62308
1062,15	-3,06026
1062,39	-20,94359
1062,64	-11,96026
1062,88	-8,56026
1063,12	3,17308
1063,36	15,90641
1063,60	45,22308
1063,84	99,20641
1064,08	227,42308
1064,32	437,60641
1064,56	554,58974
1064,80	490,32308
1065,04	335,18974
1065,28	192,08974
1065,52	139,80641
1065,76	78,53974
1066,00	68,87308
1066,24	41,98974
1066,48	36,53974
1066,72	23,60641
1066,96	13,40641
1067,20	-5,24359
1067,44	-9,32692
1067,68	-6,32692
1067,92	-7,39359
1068,16	-0,89359
1068,40	9,02308
1068,64	22,08974
1068,88	20,78974
1069,12	2,73974
1069,36	7,68974
1069,60	-12,09359
1069,84	17,77308
1070,08	4,32308
1070,32	23,00641
1070,56	-1,11026
1070,80	-2,47692
1071,04	31,32308
1071,28	32,60641
1071,52	41,23974
1071,76	-6,56026
1072,00	1,77308
1072,24	-11,46026
1072,48	-6,47692
1072,72	-11,12692
1072,96	3,87308
1073,20	-11,92692
1073,44	-2,26026
1073,68	-4,89359
1073,92	12,90641
1074,16	-4,61026
1074,40	-8,54359
1074,64	-18,59359
1074,88	-16,09359
1075,12	-8,39359
1075,36	-5,44359
1075,60	2,52308
1075,84	-8,81026
1076,08	-8,91026
1076,32	-17,22692
1076,56	-21,39359
1076,80	-20,69359
1077,04	-33,67692
1077,28	-32,81026
1077,52	-43,59359
1077,76	-45,34359
1078,00	-35,77692
1078,24	-4,67692
1078,48	7,75641
1078,71	-0,27692
1078,95	-16,79359
1079,19	-28,69359
1079,43	-44,74359
1079,67	-47,61026
1079,91	-28,52692
1080,15	-15,31026
1080,39	-16,61026
1080,63	-15,87692
1080,87	-13,72692
1081,11	-12,14359
1081,35	-16,16026
1081,59	-4,31026
1081,83	-6,87692
1082,07	-20,31026
1082,31	-26,92692
1082,55	-28,82692
1082,79	-23,42692
1083,03	-18,26026
1083,27	-27,66026
1083,51	-22,22692
1083,75	-26,14359
1083,99	1,52308
1084,22	1,88974
1084,46	-4,59359
1084,70	-4,14359
1084,94	-8,69359
1085,18	-8,19359
1085,42	-33,96026
1085,66	-28,71026
1085,90	-29,69359
1086,14	-5,14359
1086,38	12,92308
1086,62	5,63974
1086,86	7,95641
1087,10	-10,02692
1087,34	-0,46026
1087,58	-21,34359
1087,82	-24,61026
1088,06	-14,71026
1088,29	6,07308
1088,53	-1,36026
1088,77	-16,27692
1089,01	-18,92692
1089,25	-10,01026
1089,49	-0,99359
1089,73	-14,86026
1089,97	-6,22692
1090,21	-13,06026
1090,45	-6,86026
1090,69	-16,67692
1090,93	-19,07692
1091,17	-32,02692
1091,40	-13,02692
1091,64	-14,86026
1091,88	-10,09359
1092,12	-32,97692
1092,36	-26,27692
1092,60	-27,72692
1092,84	-11,54359
1093,08	-1,46026
1093,32	7,98974
1093,56	4,23974
1093,80	16,70641
1094,04	11,40641
1094,27	2,42308
1094,51	-5,64359
1094,75	5,15641
1094,99	8,82308
1095,23	2,35641
1095,47	84,12308
1095,71	79,23974
1095,95	73,52308
1096,19	-17,14359
1096,43	-6,02692
1096,66	-23,66026
1096,90	-30,91026
1097,14	-35,61026
1097,38	-36,16026
1097,62	-25,97692
1097,86	-29,09359
1098,10	-9,56026
1098,34	-7,64359
1098,58	-14,71026
1098,81	-16,01026
1099,05	-14,77692
1099,29	15,35641
1099,53	26,95641
1099,77	22,47308
1100,01	-5,92692
1100,25	-14,82692
1100,49	-10,46026
1100,73	16,57308
1100,96	35,95641
1101,20	43,85641
1101,44	7,95641
1101,68	-7,91026
1101,92	-19,66026
1102,16	-6,84359
1102,40	-0,92692
1102,64	2,48974
1102,87	10,07308
1103,11	-5,29359
1103,35	-5,81026
1103,59	-16,37692
1103,83	-16,41026
1104,07	-3,87692
1104,31	-1,86026
1104,55	-1,14359
1104,78	-24,82692
1105,02	-12,72692
1105,26	-22,67692
1105,50	-14,31026
1105,74	-35,51026
1105,98	-23,61026
1106,22	-5,21026
1106,45	0,57308
1106,69	-8,29359
1106,93	-19,16026
1107,17	-18,37692
1107,41	-16,34359
1107,65	-24,69359
1107,89	-17,71026
1108,12	-13,34359
1108,36	-27,72692
1108,60	-23,59359
1108,84	-18,89359
1109,08	-11,44359
1109,32	-14,16026
1109,55	-20,17692
1109,79	3,90641
1110,03	-6,82692
1110,27	-2,99359
1110,51	-21,44359
1110,75	-26,72692
1110,99	-30,82692
1111,22	-39,52692
1111,46	-34,41026
1111,70	-38,74359
1111,94	-47,96026
1112,18	-55,34359
1112,42	-45,41026
1112,65	-23,87692
1112,89	-7,57692
1113,13	-17,04359
1113,37	-14,51026
1113,61	-12,59359
1113,85	12,73974
1114,08	1,45641
1114,32	-9,89359
1114,56	-14,66026
1114,80	-11,71026
1115,04	5,85641
1115,28	-12,59359
1115,51	-5,97692
1115,75	-6,16026
1115,99	-2,71026
1116,23	-4,36026
1116,47	-4,92692
1116,70	-7,79359
1116,94	-20,37692
1117,18	-15,01026
1117,42	-20,16026
1117,66	-0,81026
1117,90	-27,37692
1118,13	-26,67692
1118,37	-53,64359
1118,61	-45,76026
1118,85	-35,42692
1119,09	-34,16026
1119,32	-23,17692
1119,56	-19,61026
1119,80	-24,44359
1120,04	-40,92692
1120,28	-32,89359
1120,51	-24,06026
1120,75	-16,24359
1120,99	-35,97692