194,56	-184,88077
194,83	-184,88077
195,09	-185,39744
195,36	-123,88077
195,63	-64,84744
195,90	-7,4641
196,17	-18,79744
196,44	-30,09744
196,71	-18,28077
196,97	-7,04744
197,24	16,01923
197,51	-8,3641
197,78	5,5859
198,05	10,46923
198,32	24,9859
198,59	7,41923
198,86	6,20256
199,12	2,10256
199,39	13,1859
199,66	19,76923
199,93	35,11923
200,20	32,0859
200,47	7,9859
200,74	4,76923
201,00	-3,1641
201,27	5,85256
201,54	-8,13077
201,81	17,11923
202,08	-3,18077
202,35	11,10256
202,61	1,06923
202,88	54,21923
203,15	33,65256
203,42	24,10256
203,69	-10,08077
203,96	1,96923
204,23	1,76923
204,49	-2,9141
204,76	23,9859
205,03	39,46923
205,30	43,0859
205,57	21,86923
205,84	20,71923
206,10	40,85256
206,37	44,66923
206,64	50,1359
206,91	43,2859
207,18	33,1359
207,45	30,25256
207,71	19,71923
207,98	33,96923
208,25	17,10256
208,52	8,35256
208,79	0,76923
209,06	10,9359
209,32	24,2359
209,59	30,35256
209,86	4,0359
210,13	8,4859
210,40	17,75256
210,67	49,35256
210,93	45,66923
211,20	20,7359
211,47	14,46923
211,74	34,90256
212,01	38,1859
212,28	51,36923
212,54	52,96923
212,81	55,66923
213,08	46,0859
213,35	35,0859
213,62	48,16923
213,88	55,45256
214,15	43,0359
214,42	30,81923
214,69	32,96923
214,96	37,00256
215,23	62,31923
215,49	53,71923
215,76	53,6859
216,03	46,4359
216,30	30,06923
216,57	15,80256
216,83	9,41923
217,10	16,61923
217,37	36,1859
217,64	58,65256
217,91	67,91923
218,17	35,00256
218,44	-9,49744
218,71	-9,64744
218,98	16,25256
219,25	50,2859
219,51	55,36923
219,78	49,9859
220,05	33,85256
220,32	21,4859
220,59	30,0359
220,85	29,5359
221,12	42,01923
221,39	55,66923
221,66	57,46923
221,93	40,20256
222,19	13,65256
222,46	27,96923
222,73	43,80256
223,00	65,7859
223,27	47,75256
223,53	43,6859
223,80	35,2359
224,07	47,41923
224,34	61,91923
224,61	54,3859
224,87	33,91923
225,14	6,90256
225,41	10,36923
225,68	34,75256
225,94	48,76923
226,21	51,71923
226,48	33,20256
226,75	33,8359
227,02	22,06923
227,28	31,55256
227,55	16,8859
227,82	24,7859
228,09	-2,08077
228,36	-4,9641
228,62	1,21923
228,89	25,26923
229,16	35,26923
229,43	28,4359
229,69	25,3859
229,96	29,05256
230,23	21,8359
230,50	30,36923
230,76	19,06923
231,03	22,81923
231,30	23,91923
231,57	34,16923
231,84	33,01923
232,10	20,76923
232,37	20,55256
232,64	12,16923
232,91	13,3859
233,17	22,7359
233,44	32,85256
233,71	36,25256
233,98	13,76923
234,24	13,7359
234,51	31,9859
234,78	45,05256
235,05	59,01923
235,31	40,50256
235,58	34,55256
235,85	13,9859
236,12	1,8859
236,39	26,25256
236,65	40,8359
236,92	84,7359
237,19	76,46923
237,46	105,15256
237,72	70,20256
237,99	48,16923
238,26	17,85256
238,53	42,9859
238,79	44,61923
239,06	39,65256
239,33	9,71923
239,60	5,3859
239,86	-6,29744
240,13	-9,94744
240,40	-10,4641
240,67	19,11923
240,93	31,3359
241,20	31,8859
241,47	8,4859
241,73	8,51923
242,00	12,31923
242,27	19,71923
242,54	22,3359
242,80	24,95256
243,07	31,35256
243,34	29,5859
243,61	64,05256
243,87	46,2859
244,14	44,96923
244,41	7,10256
244,68	16,95256
244,94	18,9359
245,21	29,1359
245,48	37,60256
245,74	31,40256
246,01	41,8859
246,28	33,15256
246,55	30,05256
246,81	6,36923
247,08	10,5359
247,35	23,45256
247,62	26,1359
247,88	8,3859
248,15	12,96923
248,42	51,45256
248,68	55,90256
248,95	38,00256
249,22	8,75256
249,49	22,5859
249,75	24,8359
250,02	32,15256
250,29	19,75256
250,56	35,90256
250,82	45,46923
251,09	51,86923
251,36	58,6359
251,62	32,20256
251,89	36,45256
252,16	50,3359
252,43	76,91923
252,69	68,30256
252,96	35,2359
253,23	28,85256
253,49	35,25256
253,76	43,61923
254,03	62,1859
254,29	63,8859
254,56	62,65256
254,83	34,5359
255,10	15,15256
255,36	12,51923
255,63	20,6859
255,90	44,96923
256,16	47,9859
256,43	27,4859
256,70	31,01923
256,96	31,46923
257,23	43,95256
257,50	35,96923
257,77	44,4359
258,03	43,30256
258,30	49,81923
258,57	26,70256
258,83	31,0859
259,10	22,1359
259,37	26,26923
259,63	14,4859
259,90	29,41923
260,17	28,25256
260,43	37,10256
260,70	21,6859
260,97	42,41923
261,24	49,1359
261,50	51,50256
261,77	38,10256
262,04	23,9859
262,30	14,0859
262,57	10,2859
262,84	20,30256
263,10	48,01923
263,37	61,01923
263,64	42,1359
263,90	17,70256
264,17	6,00256
264,44	13,91923
264,70	14,46923
264,97	27,41923
265,24	52,96923
265,50	68,40256
265,77	69,50256
266,04	52,85256
266,30	38,4359
266,57	18,1859
266,84	13,8859
267,10	17,00256
267,37	47,95256
267,64	55,0859
267,90	70,60256
268,17	57,66923
268,44	45,11923
268,70	18,7859
268,97	-7,23077
269,24	2,21923
269,50	18,55256
269,77	39,9359
270,04	52,2859
270,30	42,50256
270,57	49,71923
270,84	24,3859
271,10	40,41923
271,37	27,75256
271,64	54,7859
271,90	81,16923
272,17	84,80256
272,44	72,91923
272,70	42,1859
272,97	34,61923
273,24	27,00256
273,50	31,31923
273,77	40,7859
274,04	44,8359
274,30	36,85256
274,57	30,25256
274,84	45,50256
275,10	47,9859
275,37	49,95256
275,64	29,06923
275,90	11,6359
276,17	6,6359
276,43	17,65256
276,70	20,05256
276,97	14,51923
277,23	26,10256
277,50	28,01923
277,77	21,11923
278,03	-12,63077
278,30	0,9859
278,57	4,26923
278,83	15,6359
279,10	19,8359
279,37	15,50256
279,63	15,8359
279,90	22,65256
280,16	42,76923
280,43	57,76923
280,70	48,8359
280,96	68,31923
281,23	64,30256
281,50	52,85256
281,76	29,05256
282,03	29,25256
282,29	35,31923
282,56	39,85256
282,83	26,81923
283,09	15,8359
283,36	18,05256
283,63	25,65256
283,89	35,5859
284,16	38,75256
284,42	44,5359
284,69	49,96923
284,96	43,6859
285,22	38,55256
285,49	40,7859
285,76	40,11923
286,02	63,8859
286,29	69,40256
286,55	66,35256
286,82	41,2859
287,09	20,7859
287,35	38,2359
287,62	30,86923
287,88	37,85256
288,15	10,9359
288,42	6,9359
288,68	20,90256
288,95	32,65256
289,22	51,86923
289,48	47,20256
289,75	54,3859
290,01	55,65256
290,28	36,0859
290,55	41,21923
290,81	24,1359
291,08	45,30256
291,34	51,00256
291,61	71,70256
291,88	71,55256
292,14	44,41923
292,41	39,45256
292,67	55,55256
292,94	73,60256
293,21	70,61923
293,47	57,40256
293,74	58,26923
294,00	42,0359
294,27	27,06923
294,54	16,85256
294,80	33,75256
295,07	57,00256
295,33	54,3359
295,60	58,30256
295,86	43,40256
296,13	37,9359
296,40	23,66923
296,66	32,26923
296,93	74,5359
297,19	94,9859
297,46	92,16923
297,73	76,00256
297,99	64,95256
298,26	52,1859
298,52	35,0859
298,79	37,41923
299,05	30,35256
299,32	51,96923
299,59	72,21923
299,85	92,85256
300,12	82,21923
300,38	65,70256
300,65	59,65256
300,92	76,95256
301,18	85,4859
301,45	107,7359
301,71	90,5359
301,98	102,9359
302,24	115,5859
302,51	134,56923
302,78	139,15256
303,04	125,50256
303,31	135,20256
303,57	146,66923
303,84	149,11923
304,10	133,20256
304,37	133,56923
304,63	153,6359
304,90	178,46923
305,17	187,4359
305,43	178,2859
305,70	199,01923
305,96	198,11923
306,23	204,56923
306,49	197,81923
306,76	200,00256
307,03	203,91923
307,29	195,71923
307,56	212,7859
307,82	220,41923
308,09	230,4859
308,35	224,7359
308,62	243,65256
308,88	235,01923
309,15	241,96923
309,42	233,7359
309,68	243,90256
309,95	244,6359
310,21	234,40256
310,48	237,51923
310,74	241,41923
311,01	267,50256
311,27	261,15256
311,54	245,20256
311,80	229,95256
312,07	256,21923
312,34	280,15256
312,60	273,35256
312,87	270,21923
313,13	281,70256
313,40	290,6859
313,66	296,15256
313,93	279,05256
314,19	307,6359
314,46	301,11923
314,72	318,61923
314,99	302,71923
315,25	297,35256
315,52	281,51923
315,78	281,36923
316,05	287,2859
316,32	297,71923
316,58	302,06923
316,85	319,91923
317,11	327,26923
317,38	332,7859
317,64	335,8859
317,91	337,20256
318,17	340,9859
318,44	344,00256
318,70	339,9359
318,97	353,86923
319,23	375,0859
319,50	381,21923
319,76	374,86923
320,03	352,9859
320,29	367,21923
320,56	373,35256
320,82	384,5859
321,09	388,1359
321,36	408,50256
321,62	411,00256
321,89	411,2859
322,15	400,9859
322,42	411,91923
322,68	432,96923
322,95	459,51923
323,21	481,9859
323,48	479,1359
323,74	478,10256
324,01	473,0359
324,27	472,5359
324,54	472,31923
324,80	493,6859
325,07	518,9859
325,33	550,40256
325,60	550,01923
325,86	574,46923
326,13	584,35256
326,39	619,8359
326,66	639,50256
326,92	683,80256
327,19	733,55256
327,45	794,8859
327,72	876,66923
327,98	973,70256
328,25	1122,65256
328,51	1272,00256
328,78	1388,05256
329,04	1381,25256
329,31	1264,51923
329,57	1088,2359
329,84	934,91923
330,10	834,55256
330,37	797,55256
330,63	766,20256
330,90	750,06923
331,16	735,11923
331,43	739,50256
331,69	748,00256
331,96	747,8859
332,22	744,45256
332,49	748,7859
332,75	737,41923
333,01	729,76923
333,28	718,20256
333,54	731,71923
333,81	771,9859
334,07	791,11923
334,34	794,26923
334,60	796,71923
334,87	817,3359
335,13	863,7359
335,40	866,00256
335,66	868,9859
335,93	862,11923
336,19	885,11923
336,46	919,81923
336,72	937,1859
336,99	974,7859
337,25	1011,6859
337,52	1077,3359
337,78	1153,20256
338,05	1231,9859
338,31	1363,20256
338,57	1538,5859
338,84	1752,1859
339,10	1878,81923
339,37	1848,31923
339,63	1698,36923
339,90	1495,3859
340,16	1319,85256
340,43	1166,5859
340,69	1091,25256
340,96	1040,20256
341,22	1029,10256
341,49	985,10256
341,75	976,86923
342,01	979,35256
342,28	1000,05256
342,54	1034,11923
342,81	1049,21923
343,07	1079,21923
343,34	1086,0359
343,60	1114,8859
343,87	1115,15256
344,13	1136,90256
344,40	1179,2859
344,66	1235,26923
344,92	1288,35256
345,19	1284,85256
345,45	1288,2859
345,72	1289,4859
345,98	1293,0859
346,25	1285,21923
346,51	1267,10256
346,78	1255,2359
347,04	1263,91923
347,30	1256,56923
347,57	1266,45256
347,83	1261,6359
348,10	1282,4859
348,36	1301,51923
348,63	1329,41923
348,89	1333,61923
349,15	1346,1359
349,42	1350,71923
349,68	1365,85256
349,95	1380,8359
350,21	1415,3859
350,48	1450,4859
350,74	1478,81923
351,01	1483,1859
351,27	1495,51923
351,53	1488,31923
351,80	1491,85256
352,06	1500,66923
352,33	1518,01923
352,59	1526,3359
352,86	1530,60256
353,12	1551,11923
353,38	1597,76923
353,65	1602,0859
353,91	1608,81923
354,18	1617,0859
354,44	1665,00256
354,70	1680,85256
354,97	1658,6859
355,23	1629,0859
355,50	1595,1859
355,76	1586,35256
356,03	1559,06923
356,29	1574,60256
356,55	1564,46923
356,82	1556,8859
357,08	1524,1859
357,35	1510,90256
357,61	1529,86923
357,87	1539,4359
358,14	1537,31923
358,40	1513,90256
358,67	1516,51923
358,93	1519,1359
359,20	1532,7359
359,46	1530,11923
359,72	1527,16923
359,99	1522,10256
360,25	1536,9359
360,52	1560,0359
360,78	1570,8359
361,04	1575,4359
361,31	1551,5859
361,57	1533,36923
361,84	1519,3359
362,10	1534,30256
362,36	1551,61923
362,63	1567,7859
362,89	1563,3859
363,16	1563,65256
363,42	1562,6359
363,68	1556,10256
363,95	1552,50256
364,21	1528,96923
364,47	1544,51923
364,74	1549,3359
365,00	1554,96923
365,27	1540,06923
365,53	1535,25256
365,79	1554,30256
366,06	1576,01923
366,32	1602,26923
366,59	1584,40256
366,85	1582,8359
367,11	1563,41923
367,38	1581,56923
367,64	1581,65256
367,91	1589,71923
368,17	1577,30256
368,43	1571,11923
368,70	1571,31923
368,96	1575,10256
369,22	1599,11923
369,49	1600,61923
369,75	1593,0359
370,02	1574,06923
370,28	1560,96923
370,54	1568,05256
370,81	1559,55256
371,07	1573,00256
371,33	1609,46923
371,60	1597,35256
371,86	1581,2359
372,13	1549,80256
372,39	1573,7859
372,65	1602,90256
372,92	1614,71923
373,18	1636,55256
373,44	1632,81923
373,71	1616,25256
373,97	1593,6859
374,23	1592,40256
374,50	1630,01923
374,76	1638,1859
375,03	1645,20256
375,29	1634,96923
375,55	1643,6359
375,82	1640,2859
376,08	1631,1859
376,34	1648,46923
376,61	1627,8859
376,87	1608,80256
377,13	1560,55256
377,40	1574,0859
377,66	1600,2359
377,92	1623,8359
378,19	1628,31923
378,45	1627,7859
378,72	1609,40256
378,98	1607,71923
379,24	1587,66923
379,51	1602,6859
379,77	1595,55256
380,03	1568,36923
380,30	1582,65256
380,56	1581,9859
380,82	1620,11923
381,09	1605,2859
381,35	1624,8859
381,61	1619,80256
381,88	1642,9859
382,14	1651,96923
382,40	1667,46923
382,67	1657,95256
382,93	1642,8359
383,19	1629,6859
383,46	1627,41923
383,72	1645,71923
383,98	1667,2859
384,25	1698,31923
384,51	1713,31923
384,77	1717,35256
385,04	1725,60256
385,30	1720,7859
385,56	1758,85256
385,83	1779,6359
386,09	1801,41923
386,35	1802,15256
386,62	1801,41923
386,88	1821,71923
387,14	1823,40256
387,41	1817,4859
387,67	1818,3359
387,93	1821,85256
388,20	1828,06923
388,46	1820,20256
388,72	1828,86923
388,99	1843,50256
389,25	1854,71923
389,51	1854,85256
389,78	1867,45256
390,04	1893,06923
390,30	1929,76923
390,56	1933,5359
390,83	1937,9359
391,09	1955,05256
391,35	1978,41923
391,62	2009,61923
391,88	2027,90256
392,14	2059,45256
392,41	2067,5359
392,67	2056,95256
392,93	2061,55256
393,20	2046,40256
393,46	2058,1359
393,72	2046,36923
393,99	2055,96923
394,25	2065,2359
394,51	2040,06923
394,77	2037,81923
395,04	2016,20256
395,30	2041,25256
395,56	2049,36923
395,83	2042,26923
396,09	2032,45256
396,35	2037,4859
396,62	2045,35256
396,88	2080,65256
397,14	2082,51923
397,40	2144,06923
397,67	2158,75256
397,93	2172,51923
398,19	2158,11923
398,46	2164,25256
398,72	2212,50256
398,98	2246,85256
399,24	2287,66923
399,51	2318,31923
399,77	2350,61923
400,03	2369,76923
400,30	2360,7359
400,56	2395,35256
400,82	2386,21923
401,08	2352,26923
401,35	2279,9859
401,61	2253,86923
401,87	2236,11923
402,14	2230,86923
402,40	2207,50256
402,66	2220,40256
402,92	2201,66923
403,19	2208,40256
403,45	2227,96923
403,71	2241,51923
403,98	2259,15256
404,24	2250,96923
404,50	2263,2859
404,76	2277,06923
405,03	2289,75256
405,29	2306,01923
405,55	2310,55256
405,81	2335,0859
406,08	2337,70256
406,34	2337,1859
406,60	2318,7359
406,87	2310,85256
407,13	2313,2859
407,39	2308,61923
407,65	2312,05256
407,92	2307,05256
408,18	2307,90256
408,44	2304,91923
408,70	2285,2359
408,97	2276,26923
409,23	2275,50256
409,49	2268,3359
409,75	2249,35256
410,02	2222,15256
410,28	2206,70256
410,54	2211,06923
410,80	2222,76923
411,07	2230,65256
411,33	2231,50256
411,59	2198,50256
411,85	2214,0359
412,12	2215,66923
412,38	2229,9859
412,64	2214,1859
412,90	2194,7359
413,17	2186,9859
413,43	2168,11923
413,69	2176,1359
413,95	2184,35256
414,22	2183,9859
414,48	2160,9359
414,74	2147,80256
415,00	2161,05256
415,27	2175,45256
415,53	2186,91923
415,79	2172,46923
416,05	2169,9859
416,32	2168,80256
416,58	2194,90256
416,84	2213,7859
417,10	2199,26923
417,37	2181,85256
417,63	2170,96923
417,89	2193,6859
418,15	2198,46923
418,41	2203,56923
418,68	2215,0859
418,94	2232,25256
419,20	2240,71923
419,46	2260,26923
419,73	2274,45256
419,99	2302,81923
420,25	2308,1359
420,51	2377,00256
420,78	2382,2859
421,04	2367,7359
421,30	2324,85256
421,56	2363,96923
421,82	2398,0859
422,09	2398,8859
422,35	2340,25256
422,61	2308,3359
422,87	2364,70256
423,14	2347,55256
423,40	2338,06923
423,66	2227,71923
423,92	2233,21923
424,18	2208,7859
424,45	2191,11923
424,71	2158,4859
424,97	2154,26923
425,23	2139,70256
425,49	2124,16923
425,76	2119,9859
426,02	2132,41923
426,28	2140,66923
426,54	2115,56923
426,81	2094,30256
427,07	2074,6859
427,33	2060,2359
427,59	2058,36923
427,85	2050,61923
428,12	2061,66923
428,38	2050,25256
428,64	2036,6859
428,90	2016,0859
429,16	2018,10256
429,43	2021,0859
429,69	2024,01923
429,95	2022,40256
430,21	2033,41923
430,47	2060,20256
430,74	2051,80256
431,00	2050,86923
431,26	2022,2359
431,52	2044,36923
431,78	2068,55256
432,05	2108,7859
432,31	2136,0359
432,57	2126,50256
432,83	2096,9859
433,09	2063,2859
433,35	2062,66923
433,62	2069,4859
433,88	2071,66923
434,14	2068,4859
434,40	2071,7359
434,66	2091,6859
434,93	2094,05256
435,19	2109,7859
435,45	2100,6859
435,71	2138,45256
435,97	2143,01923
436,23	2137,16923
436,50	2099,4359
436,76	2075,80256
437,02	2071,86923
437,28	2055,41923
437,54	2059,51923
437,81	2041,16923
438,07	2035,35256
438,33	2022,2859
438,59	2024,40256
438,85	2040,55256
439,11	2024,41923
439,38	2045,01923
439,64	2036,91923
439,90	2063,45256
440,16	2068,35256
440,42	2079,46923
440,68	2098,5359
440,95	2088,3859
441,21	2123,95256
441,47	2143,60256
441,73	2171,76923
441,99	2180,15256
442,25	2173,90256
442,52	2187,7859
442,78	2166,60256
443,04	2181,01923
443,30	2181,70256
443,56	2214,51923
443,82	2233,06923
444,08	2259,26923
444,35	2262,5359
444,61	2258,25256
444,87	2235,25256
445,13	2258,3359
445,39	2243,3859
445,65	2254,16923
445,92	2193,9859
446,18	2186,55256
446,44	2158,70256
446,70	2157,96923
446,96	2147,95256
447,22	2151,25256
447,48	2143,4859
447,75	2133,80256
448,01	2129,05256
448,27	2110,7359
448,53	2097,46923
448,79	2080,15256
449,05	2074,81923
449,31	2044,06923
449,58	2016,9859
449,84	2001,01923
450,10	2005,10256
450,36	1987,61923
450,62	1985,56923
450,88	1981,1859
451,14	1973,3859
451,41	1953,9859
451,67	1929,46923
451,93	1930,26923
452,19	1939,26923
452,45	1956,25256
452,71	1953,56923
452,97	1927,9359
453,23	1935,25256
453,50	1939,36923
453,76	1956,1359
454,02	1948,10256
454,28	1946,76923
454,54	1948,81923
454,80	1949,61923
455,06	1951,0859
455,32	1954,36923
455,59	1951,40256
455,85	1953,3359
456,11	1967,0859
456,37	1979,0359
456,63	1993,56923
456,89	1999,30256
457,15	2025,2359
457,41	2040,3359
457,68	2064,55256
457,94	2050,60256
458,20	2066,1359
458,46	2080,5359
458,72	2126,0359
458,98	2168,45256
459,24	2199,20256
459,50	2231,05256
459,76	2251,75256
460,03	2268,60256
460,29	2308,35256
460,55	2358,85256
460,81	2418,9359
461,07	2443,9359
461,33	2499,31923
461,59	2559,4859
461,85	2591,35256
462,11	2609,06923
462,37	2623,1359
462,64	2662,66923
462,90	2668,51923
463,16	2686,35256
463,42	2720,05256
463,68	2739,21923
463,94	2722,5359
464,20	2675,51923
464,46	2622,70256
464,72	2601,7359
464,98	2569,0359
465,24	2575,7859
465,51	2539,31923
465,77	2529,8859
466,03	2470,66923
466,29	2439,1359
466,55	2405,1859
466,81	2394,91923
467,07	2404,00256
467,33	2412,3359
467,59	2450,75256
467,85	2431,30256
468,11	2392,16923
468,38	2335,51923
468,64	2332,91923
468,90	2316,8359
469,16	2311,4359
469,42	2272,60256
469,68	2264,85256
469,94	2261,1359
470,20	2268,16923
470,46	2262,70256
470,72	2245,85256
470,98	2224,95256
471,24	2229,4359
471,50	2233,06923
471,77	2237,5359
472,03	2241,05256
472,29	2218,41923
472,55	2224,10256
472,81	2227,06923
473,07	2240,4859
473,33	2211,9859
473,59	2198,61923
473,85	2184,5859
474,11	2208,20256
474,37	2206,31923
474,63	2202,55256
474,89	2220,21923
475,15	2241,56923
475,41	2288,2859
475,68	2298,2359
475,94	2321,7359
476,20	2329,61923
476,46	2359,01923
476,72	2354,0359
476,98	2382,6359
477,24	2389,05256
477,50	2421,41923
477,76	2460,2359
478,02	2522,7359
478,28	2578,40256
478,54	2600,46923
478,80	2647,71923
479,06	2708,25256
479,32	2781,85256
479,58	2794,70256
479,84	2803,96923
480,10	2791,91923
480,36	2828,61923
480,63	2860,35256
480,89	2865,75256
481,15	2850,15256
481,41	2817,3859
481,67	2817,70256
481,93	2807,60256
482,19	2803,91923
482,45	2798,15256
482,71	2793,06923
482,97	2793,3859
483,23	2799,55256
483,49	2813,86923
483,75	2842,01923
484,01	2865,85256
484,27	2880,0859
484,53	2915,2859
484,79	2975,81923
485,05	3006,6359
485,31	3034,26923
485,57	3026,9359
485,83	3070,11923
486,09	3085,71923
486,35	3131,45256
486,61	3155,3859
486,87	3204,6359
487,13	3239,6359
487,39	3308,7859
487,65	3359,51923
487,91	3426,21923
488,17	3464,15256
488,43	3475,55256
488,70	3468,55256
488,96	3448,45256
489,22	3432,86923
489,48	3437,8359
489,74	3440,55256
490,00	3470,36923
490,26	3459,3859
490,52	3476,2859
490,78	3481,2859
491,04	3499,0859
491,30	3539,8359
491,56	3574,6359
491,82	3606,7359
492,08	3616,56923
492,34	3649,81923
492,60	3684,11923
492,86	3718,3859
493,12	3741,91923
493,38	3774,85256
493,64	3798,6359
493,90	3808,91923
494,16	3802,55256
494,42	3803,25256
494,68	3825,76923
494,94	3888,1859
495,20	3940,66923
495,46	3979,8359
495,72	3993,61923
495,98	4020,75256
496,24	4045,20256
496,50	4101,55256
496,76	4194,56923
497,02	4285,15256
497,28	4383,21923
497,54	4487,76923
497,80	4609,2859
498,06	4729,61923
498,32	4829,4859
498,58	5001,9859
498,84	5174,4859
499,10	5391,41923
499,36	5598,46923
499,62	5831,4359
499,88	6050,7859
500,14	6204,70256
500,40	6308,0359
500,66	6389,8859
500,92	6443,55256
501,18	6405,7359
501,44	6256,5859
501,69	6063,5359
501,95	5875,7359
502,21	5693,30256
502,47	5505,90256
502,73	5341,6359
502,99	5214,6859
503,25	5112,3359
503,51	5030,66923
503,77	4929,45256
504,03	4865,85256
504,29	4804,81923
504,55	4780,4859
504,81	4714,8859
505,07	4646,9359
505,33	4576,5359
505,59	4518,81923
505,85	4480,8359
506,11	4428,61923
506,37	4383,56923
506,63	4322,1359
506,89	4280,70256
507,15	4259,75256
507,41	4231,66923
507,67	4219,00256
507,93	4195,0859
508,19	4186,70256
508,45	4168,9859
508,71	4144,4359
508,97	4110,00256
509,23	4079,8859
509,49	4085,16923
509,74	4102,90256
510,00	4103,45256
510,26	4093,7859
510,52	4073,0359
510,78	4096,50256
511,04	4083,65256
511,30	4124,15256
511,56	4116,4859
511,82	4141,6859
512,08	4131,4359
512,34	4178,36923
512,60	4185,46923
512,86	4224,7859
513,12	4215,20256
513,38	4243,61923
513,64	4269,2859
513,90	4295,71923
514,16	4362,00256
514,42	4407,0859
514,67	4456,51923
514,93	4492,4359
515,19	4525,56923
515,45	4557,8859
515,71	4597,75256
515,97	4662,6359
516,23	4741,16923
516,49	4801,36923
516,75	4871,91923
517,01	4945,8359
517,27	5013,4359
517,53	5068,71923
517,79	5149,10256
518,05	5249,8359
518,31	5371,11923
518,56	5483,16923
518,82	5633,85256
519,08	5845,40256
519,34	6220,35256
519,60	6715,20256
519,86	7283,0859
520,12	7787,3359
520,38	8154,4359
520,64	8372,21923
520,90	8480,15256
521,16	8775,7359
521,42	9390,41923
521,68	9295,80256
521,93	8372,70256
522,19	6920,7359
522,45	6080,80256
522,71	5707,4359
522,97	5458,95256
523,23	5201,61923
523,49	5004,2859
523,75	4829,5359
524,01	4692,7859
524,27	4578,6359
524,53	4513,80256
524,79	4467,85256
525,04	4433,05256
525,30	4358,45256
525,56	4300,1859
525,82	4259,45256
526,08	4246,11923
526,34	4216,0359
526,60	4216,65256
526,86	4191,36923
527,12	4197,6359
527,38	4178,05256
527,63	4189,91923
527,89	4192,60256
528,15	4198,01923
528,41	4199,80256
528,67	4209,7359
528,93	4237,8359
529,19	4240,4859
529,45	4244,01923
529,71	4243,26923
529,97	4257,9859
530,22	4281,11923
530,48	4301,55256
530,74	4321,30256
531,00	4347,50256
531,26	4368,6859
531,52	4382,65256
531,78	4372,00256
532,04	4381,7359
532,30	4401,86923
532,55	4453,5359
532,81	4472,40256
533,07	4473,15256
533,33	4465,25256
533,59	4463,21923
533,85	4466,91923
534,11	4511,30256
534,37	4532,81923
534,62	4568,86923
534,88	4528,51923
535,14	4521,50256
535,40	4519,4359
535,66	4556,36923
535,92	4572,5359
536,18	4592,86923
536,44	4594,65256
536,69	4605,96923
536,95	4630,25256
537,21	4673,90256
537,47	4733,25256
537,73	4781,5359
537,99	4804,6859
538,25	4844,70256
538,51	4890,3359
538,76	4964,3359
539,02	5050,6359
539,28	5163,50256
539,54	5271,95256
539,80	5358,46923
540,06	5453,4859
540,32	5568,81923
540,57	5689,80256
540,83	5793,15256
541,09	5851,10256
541,35	5880,66923
541,61	5899,71923
541,87	5920,25256
542,13	5979,76923
542,38	6004,5359
542,64	6051,40256
542,90	6085,60256
543,16	6107,95256
543,42	6183,4359
543,68	6240,00256
543,94	6386,0359
544,19	6553,51923
544,45	6852,56923
544,71	7273,25256
544,97	7871,3359
545,23	8612,25256
545,49	9459,1859
545,74	10258,21923
546,00	10950,0859
546,26	11376,30256
546,52	11679,3859
546,78	12089,2359
547,04	12902,65256
547,29	12931,65256
547,55	11980,10256
547,81	10330,16923
548,07	9043,00256
548,33	8252,8859
548,59	7596,90256
548,84	7129,16923
549,10	6719,90256
549,36	6384,30256
549,62	6100,35256
549,88	5906,86923
550,14	5723,40256
550,39	5573,26923
550,65	5472,75256
550,91	5378,9359
551,17	5304,6359
551,43	5230,15256
551,69	5189,36923
551,94	5184,60256
552,20	5165,21923
552,46	5162,6859
552,72	5122,3859
552,98	5101,86923
553,24	5066,2859
553,49	5067,0859
553,75	5048,16923
554,01	5036,80256
554,27	5013,9859
554,53	5015,65256
554,78	4995,7359
555,04	4972,6359
555,30	4950,15256
555,56	4934,45256
555,82	4941,60256
556,07	4930,11923
556,33	4916,86923
556,59	4884,85256
556,85	4853,4859
557,11	4859,46923
557,37	4829,96923
557,62	4783,6859
557,88	4715,85256
558,14	4705,5359
558,40	4688,11923
558,66	4674,10256
558,91	4625,16923
559,17	4624,40256
559,43	4626,55256
559,69	4621,5859
559,95	4603,5359
560,20	4577,60256
560,46	4598,10256
560,72	4622,0359
560,98	4661,8359
561,24	4652,31923
561,49	4676,01923
561,75	4679,16923
562,01	4726,71923
562,27	4738,56923
562,52	4756,7859
562,78	4765,4859
563,04	4782,85256
563,30	4763,61923
563,56	4744,01923
563,81	4729,96923
564,07	4754,15256
564,33	4791,45256
564,59	4801,15256
564,85	4799,51923
565,10	4840,76923
565,36	4880,06923
565,62	4956,91923
565,88	4967,71923
566,13	5043,11923
566,39	5099,40256
566,65	5206,20256
566,91	5274,3359
567,17	5322,91923
567,42	5370,8359
567,68	5349,96923
567,94	5329,1359
568,20	5240,9859
568,45	5176,7359
568,71	5065,96923
568,97	4906,95256
569,23	4781,51923
569,49	4642,5859
569,74	4540,10256
570,00	4381,1359
570,26	4285,50256
570,52	4196,5859
570,77	4161,86923
571,03	4108,55256
571,29	4064,30256
571,55	4007,30256
571,80	3924,1859
572,06	3840,8359
572,32	3774,46923
572,58	3760,8359
572,83	3735,01923
573,09	3683,71923
573,35	3629,21923
573,61	3576,86923
573,86	3552,8359
574,12	3508,85256
574,38	3506,95256
574,64	3478,1859
574,89	3479,2859
575,15	3479,3359
575,41	3465,06923
575,67	3444,86923
575,92	3390,01923
576,18	3380,45256
576,44	3361,70256
576,70	3339,31923
576,95	3305,71923
577,21	3276,26923
577,47	3269,3359
577,73	3269,8359
577,98	3247,75256
578,24	3242,3859
578,50	3214,11923
578,76	3211,81923
579,01	3181,50256
579,27	3172,05256
579,53	3182,71923
579,79	3171,86923
580,04	3155,80256
580,30	3111,75256
580,56	3096,5359
580,81	3090,1859
581,07	3094,1859
581,33	3090,7859
581,59	3087,45256
581,84	3098,45256
582,10	3107,7359
582,36	3098,0859
582,62	3082,86923
582,87	3070,2359
583,13	3095,45256
583,39	3083,80256
583,64	3083,66923
583,90	3047,90256
584,16	3040,9359
584,42	3025,76923
584,67	3021,1859
584,93	3025,51923
585,19	3017,9859
585,45	3018,80256
585,70	2999,80256
585,96	3006,76923
586,22	3004,0859
586,47	2993,90256
586,73	3001,2359
586,99	2988,2859
587,25	2999,45256
587,50	2982,96923
587,76	2988,35256
588,02	2991,5359
588,27	3015,31923
588,53	3047,2859
588,79	3054,11923
589,04	3040,15256
589,30	3063,66923
589,56	3087,25256
589,82	3114,65256
590,07	3100,06923
590,33	3096,90256
590,59	3095,55256
590,84	3098,36923
591,10	3110,50256
591,36	3130,80256
591,61	3141,86923
591,87	3165,2859
592,13	3186,21923
592,39	3218,45256
592,64	3244,25256
592,90	3256,2859
593,16	3280,45256
593,41	3309,0359
593,67	3332,91923
593,93	3327,01923
594,18	3319,90256
594,44	3317,85256
594,70	3295,15256
594,95	3258,2359
595,21	3226,70256
595,47	3185,45256
595,73	3145,8859
595,98	3102,30256
596,24	3066,6359
596,50	3009,15256
596,75	2979,7859
597,01	2969,56923
597,27	2964,2359
597,52	2942,6859
597,78	2917,20256
598,04	2911,10256
598,29	2867,5359
598,55	2866,75256
598,81	2833,65256
599,06	2843,3359
599,32	2811,21923
599,58	2824,61923
599,83	2796,5859
600,09	2800,8359
600,35	2786,9359
600,60	2791,7859
600,86	2787,4859
601,12	2787,06923
601,37	2788,86923
601,63	2761,86923
601,89	2747,0859
602,14	2732,0359
602,40	2738,81923
602,66	2724,51923
602,91	2709,6859
603,17	2713,11923
603,43	2723,9359
603,68	2740,76923
603,94	2720,25256
604,20	2709,3859
604,45	2689,3359
604,71	2686,96923
604,97	2678,9859
605,22	2676,40256
605,48	2680,26923
605,74	2683,8859
605,99	2683,31923
606,25	2667,5359
606,51	2653,76923
606,76	2628,60256
607,02	2644,9359
607,27	2637,9859
607,53	2662,3859
607,79	2650,0859
608,04	2640,76923
608,30	2627,46923
608,56	2619,51923
608,81	2641,40256
609,07	2648,06923
609,33	2673,8359
609,58	2683,4859
609,84	2683,35256
610,10	2667,2859
610,35	2642,80256
610,61	2633,46923
610,86	2622,36923
611,12	2625,61923
611,38	2623,75256
611,63	2612,6859
611,89	2609,61923
612,15	2614,4859
612,40	2599,16923
612,66	2578,3859
612,92	2547,7359
613,17	2573,25256
613,43	2587,45256
613,68	2604,01923
613,94	2584,35256
614,20	2574,1859
614,45	2564,75256
614,71	2594,90256
614,97	2583,5359
615,22	2594,50256
615,48	2581,4859
615,73	2607,45256
615,99	2610,35256
616,25	2611,30256
616,50	2619,26923
616,76	2616,01923
617,01	2623,7859
617,27	2597,5859
617,53	2600,65256
617,78	2617,8859
618,04	2639,85256
618,30	2646,1859
618,55	2606,05256
618,81	2595,30256
619,06	2569,35256
619,32	2566,4359
619,58	2552,6359
619,83	2560,1859
620,09	2553,11923
620,34	2544,16923
620,60	2524,2859
620,86	2521,31923
621,11	2518,86923
621,37	2537,41923
621,62	2530,8359
621,88	2508,0859
622,14	2475,9859
622,39	2476,95256
622,65	2491,2359
622,90	2491,30256
623,16	2499,81923
623,42	2503,10256
623,67	2492,90256
623,93	2493,60256
624,18	2480,51923
624,44	2518,76923
624,70	2517,66923
624,95	2518,7859
625,21	2499,51923
625,46	2479,25256
625,72	2487,6859
625,98	2472,65256
626,23	2474,61923
626,49	2452,01923
626,74	2449,10256
627,00	2449,85256
627,25	2456,61923
627,51	2462,60256
627,77	2450,4859
628,02	2427,6859
628,28	2425,51923
628,53	2424,25256
628,79	2444,10256
629,04	2420,30256
629,30	2419,35256
629,56	2422,31923
629,81	2424,4859
630,07	2419,25256
630,32	2401,71923
630,58	2426,40256
630,83	2418,36923
631,09	2415,5359
631,35	2394,5359
631,60	2402,80256
631,86	2410,4859
632,11	2423,75256
632,37	2400,85256
632,62	2379,96923
632,88	2361,70256
633,14	2366,51923
633,39	2372,76923
633,65	2394,81923
633,90	2410,5859
634,16	2406,0359
634,41	2375,15256
634,67	2365,65256
634,93	2382,85256
635,18	2396,7859
635,44	2380,55256
635,69	2360,55256
635,95	2366,06923
636,20	2394,55256
636,46	2397,5859
636,71	2397,50256
636,97	2384,05256
637,22	2389,85256
637,48	2368,86923
637,74	2367,55256
637,99	2368,95256
638,25	2384,96923
638,50	2372,8359
638,76	2372,9359
639,01	2352,25256
639,27	2340,4859
639,52	2334,4359
639,78	2339,66923
640,03	2346,3359
640,29	2331,4359
640,55	2334,61923
640,80	2332,61923
641,06	2321,10256
641,31	2326,41923
641,57	2326,25256
641,82	2345,95256
642,08	2340,91923
642,33	2344,0859
642,59	2354,65256
642,84	2356,10256
643,10	2354,86923
643,35	2341,35256
643,61	2341,9359
643,87	2354,9859
644,12	2358,6359
644,38	2349,51923
644,63	2355,11923
644,89	2382,8859
645,14	2404,6859
645,40	2403,75256
645,65	2417,6359
645,91	2420,85256
646,16	2457,20256
646,42	2465,5859
646,67	2475,81923
646,93	2481,9859
647,18	2495,55256
647,44	2514,8359
647,69	2520,56923
647,95	2518,8359
648,20	2535,41923
648,46	2547,31923
648,71	2566,40256
648,97	2575,0359
649,22	2577,9359
649,48	2570,31923
649,73	2562,8359
649,99	2553,86923
650,24	2574,3859
650,50	2579,86923
650,75	2584,2359
651,01	2568,3859
651,26	2577,00256
651,52	2571,65256
651,77	2572,8359
652,03	2572,5359
652,28	2581,16923
652,54	2611,06923
652,79	2652,05256
653,05	2693,36923
653,30	2716,71923
653,56	2721,66923
653,81	2749,26923
654,07	2794,00256
654,32	2859,56923
654,58	2940,01923
654,83	3037,71923
655,09	3120,00256
655,34	3214,9359
655,60	3300,01923
655,85	3389,96923
656,11	3481,70256
656,36	3527,21923
656,62	3558,1359
656,87	3533,46923
657,13	3486,45256
657,38	3426,9859
657,64	3352,21923
657,89	3276,31923
658,15	3159,46923
658,40	3049,11923
658,66	2966,4859
658,91	2898,40256
659,17	2842,41923
659,42	2785,96923
659,68	2752,06923
659,93	2706,0859
660,19	2663,41923
660,44	2641,60256
660,70	2629,05256
660,95	2604,5859
661,20	2572,55256
661,46	2544,0859
661,71	2519,7859
661,97	2488,6859
662,22	2465,5859
662,48	2446,7359
662,73	2422,30256
662,99	2411,65256
663,24	2395,50256
663,50	2368,56923
663,75	2344,65256
664,01	2300,1859
664,26	2309,65256
664,52	2277,41923
664,77	2290,6859
665,02	2276,26923
665,28	2273,1859
665,53	2248,6359
665,79	2239,1359
666,04	2226,8359
666,30	2210,40256
666,55	2196,51923
666,81	2176,01923
667,06	2168,96923
667,32	2154,25256
667,57	2140,10256
667,82	2121,36923
668,08	2103,70256
668,33	2089,9859
668,59	2073,05256
668,84	2067,41923
669,10	2052,96923
669,35	2102,50256
669,61	2063,15256
669,86	2071,6359
670,11	1997,26923
670,37	2010,25256
670,62	1997,25256
670,88	2005,21923
671,13	1975,16923
671,39	1946,16923
671,64	1931,95256
671,90	1943,2359
672,15	1948,15256
672,40	1934,60256
672,66	1906,10256
672,91	1906,9859
673,17	1905,5859
673,42	1919,15256
673,68	1910,7859
673,93	1904,25256
674,18	1899,56923
674,44	1885,26923
674,69	1884,40256
674,95	1881,01923
675,20	1880,56923
675,46	1870,1359
675,71	1849,96923
675,96	1854,95256
676,22	1841,06923
676,47	1842,0359
676,73	1828,21923
676,98	1823,20256
677,23	1830,2359
677,49	1836,35256
677,74	1855,81923
678,00	1828,10256
678,25	1818,45256
678,51	1815,31923
678,76	1811,46923
679,01	1808,70256
679,27	1785,30256
679,52	1781,3859
679,78	1775,31923
680,03	1783,46923
680,28	1784,31923
680,54	1771,8859
680,79	1743,7359
681,05	1739,60256
681,30	1726,01923
681,55	1734,10256
681,81	1734,21923
682,06	1754,6359
682,32	1759,36923
682,57	1761,56923
682,82	1745,86923
683,08	1737,36923
683,33	1708,95256
683,59	1714,40256
683,84	1698,31923
684,09	1711,4359
684,35	1696,16923
684,60	1709,1359
684,86	1697,95256
685,11	1721,20256
685,36	1718,25256
685,62	1735,9359
685,87	1687,10256
686,13	1665,26923
686,38	1630,85256
686,63	1648,10256
686,89	1667,86923
687,14	1698,35256
687,40	1683,91923
687,65	1669,40256
687,90	1651,60256
688,16	1643,76923
688,41	1631,9359
688,66	1607,76923
688,92	1610,00256
689,17	1588,6359
689,43	1583,66923
689,68	1581,3859
689,93	1590,61923
690,19	1590,7359
690,44	1571,8359
690,69	1557,70256
690,95	1551,8359
691,20	1558,91923
691,46	1553,1359
691,71	1567,7359
691,96	1566,81923
692,22	1573,45256
692,47	1554,2859
692,72	1545,61923
692,98	1543,55256
693,23	1543,4859
693,49	1555,81923
693,74	1557,86923
693,99	1564,15256
694,25	1551,8859
694,50	1548,26923
694,75	1537,91923
695,01	1510,7859
695,26	1512,2859
695,51	1505,0359
695,77	1505,60256
696,02	1492,11923
696,27	1490,0859
696,53	1506,5859
696,78	1512,40256
697,04	1515,96923
697,29	1502,9859
697,54	1492,91923
697,80	1475,80256
698,05	1474,2359
698,30	1457,5359
698,56	1449,96923
698,81	1445,41923
699,06	1446,35256
699,32	1439,35256
699,57	1434,76923
699,82	1442,36923
700,08	1435,8859
700,33	1422,16923
700,58	1403,4359
700,84	1397,85256
701,09	1386,26923
701,34	1375,9859
701,60	1379,91923
701,85	1383,3859
702,10	1386,6359
702,36	1388,7359
702,61	1371,01923
702,86	1355,6359
703,12	1322,26923
703,37	1330,4359
703,62	1319,71923
703,88	1320,35256
704,13	1295,21923
704,38	1296,71923
704,64	1315,0859
704,89	1324,20256
705,14	1336,7859
705,40	1331,2859
705,65	1331,5359
705,90	1307,76923
706,16	1279,7859
706,41	1277,3359
706,66	1273,65256
706,92	1272,45256
707,17	1277,4359
707,42	1295,25256
707,68	1283,8859
707,93	1270,41923
708,18	1255,40256
708,44	1282,76923
708,69	1283,0859
708,94	1276,8859
709,19	1258,01923
709,45	1259,40256
709,70	1245,55256
709,95	1239,91923
710,21	1214,56923
710,46	1205,0859
710,71	1218,11923
710,97	1219,2359
711,22	1226,21923
711,47	1199,0359
711,73	1202,00256
711,98	1198,80256
712,23	1196,60256
712,48	1183,3359
712,74	1180,9859
712,99	1180,36923
713,24	1171,71923
713,50	1170,9859
713,75	1190,26923
714,00	1211,50256
714,26	1221,05256
714,51	1228,86923
714,76	1257,45256
715,01	1277,50256
715,27	1312,50256
715,52	1318,8359
715,77	1339,4359
716,03	1332,00256
716,28	1340,36923
716,53	1351,31923
716,78	1336,10256
717,04	1317,46923
717,29	1287,71923
717,54	1269,05256
717,80	1235,86923
718,05	1207,2359
718,30	1180,8359
718,55	1173,00256
718,81	1152,00256
719,06	1152,3859
719,31	1138,31923
719,57	1123,85256
719,82	1110,1859
720,07	1109,70256
720,32	1103,50256
720,58	1103,8859
720,83	1093,4359
721,08	1092,70256
721,33	1078,96923
721,59	1087,1859
721,84	1089,10256
722,09	1096,0359
722,35	1083,7359
722,60	1071,86923
722,85	1061,95256
723,10	1047,40256
723,36	1042,30256
723,61	1028,10256
723,86	1037,10256
724,11	1049,75256
724,37	1041,95256
724,62	1029,26923
724,87	1011,3359
725,12	1010,6859
725,38	1006,86923
725,63	1005,30256
725,88	996,7859
726,13	998,40256
726,39	980,11923
726,64	998,71923
726,89	995,46923
727,14	1000,60256
727,40	991,81923
727,65	992,11923
727,90	1006,11923
728,15	1006,20256
728,41	988,26923
728,66	990,0859
728,91	974,95256
729,16	985,8359
729,42	981,85256
729,67	986,3359
729,92	963,25256
730,17	950,56923
730,43	950,06923
730,68	968,20256
730,93	964,9359
731,18	958,81923
731,44	949,16923
731,69	943,3859
731,94	945,65256
732,19	957,01923
732,45	962,5359
732,70	973,81923
732,95	954,66923
733,20	938,9859
733,45	928,7859
733,71	941,0359
733,96	936,21923
734,21	936,61923
734,46	928,91923
734,72	931,60256
734,97	926,8859
735,22	919,45256
735,47	925,60256
735,72	919,5359
735,98	916,3859
736,23	914,51923
736,48	918,31923
736,73	928,0859
736,99	921,7859
737,24	922,81923
737,49	918,0359
737,74	925,7859
737,99	943,05256
738,25	947,30256
738,50	949,4359
738,75	921,31923
739,00	924,10256
739,25	931,5859
739,51	935,9859
739,76	942,0359
740,01	947,45256
740,26	965,7859
740,52	981,25256
740,77	1025,86923
741,02	1063,5859
741,27	1120,36923
741,52	1176,20256
741,78	1243,46923
742,03	1294,50256
742,28	1322,5859
742,53	1364,85256
742,78	1439,7859
743,04	1572,05256
743,29	1723,6859
743,54	1838,01923
743,79	1858,1859
744,04	1820,45256
744,30	1783,5859
744,55	1781,0359
744,80	1839,2859
745,05	1878,46923
745,30	1904,46923
745,55	1901,91923
745,81	1983,8359
746,06	2092,7859
746,31	2182,10256
746,56	2187,1859
746,81	2169,40256
747,07	2155,01923
747,32	2180,0359
747,57	2226,26923
747,82	2197,51923
748,07	2076,1359
748,32	1850,96923
748,58	1659,96923
748,83	1490,1859
749,08	1386,7859
749,33	1295,25256
749,58	1234,30256
749,84	1171,0859
750,09	1108,90256
750,34	1058,36923
750,59	1030,1359
750,84	999,1359
751,09	993,95256
751,35	969,4359
751,60	961,7859
751,85	916,56923
752,10	883,91923
752,35	881,66923
752,60	880,81923
752,86	879,0859
753,11	846,96923
753,36	826,46923
753,61	814,15256
753,86	798,4359
754,11	791,21923
754,37	768,06923
754,62	761,5359
754,87	756,55256
755,12	772,11923
755,37	778,6359
755,62	774,91923
755,87	746,4359
756,13	730,45256
756,38	727,80256
756,63	742,30256
756,88	764,20256
757,13	756,2359
757,38	755,45256
757,64	724,01923
757,89	719,31923
758,14	725,0859
758,39	726,2359
758,64	742,0859
758,89	727,5859
759,14	738,46923
759,40	727,8359
759,65	722,3859
759,90	712,5859
760,15	699,3359
760,40	678,35256
760,65	669,11923
760,90	668,36923
761,15	678,2359
761,41	686,50256
761,66	681,36923
761,91	691,2859
762,16	679,7859
762,41	700,75256
762,66	691,00256
762,91	700,91923
763,17	696,35256
763,42	704,05256
763,67	713,7359
763,92	711,5859
764,17	709,15256
764,42	694,2359
764,67	697,55256
764,92	709,80256
765,18	712,5359
765,43	693,95256
765,68	696,8859
765,93	705,4359
766,18	712,2859
766,43	704,8359
766,68	710,90256
766,93	718,51923
767,18	741,75256
767,44	790,8359
767,69	878,31923
767,94	991,95256
768,19	1060,71923
768,44	1089,26923
768,69	1072,21923
768,94	1060,7859
769,19	1076,0359
769,44	1124,2859
769,70	1107,30256
769,95	1052,61923
770,20	952,6859
770,45	910,2359
770,70	869,76923
770,95	831,0359
771,20	785,3359
771,45	782,5859
771,70	772,41923
771,95	774,06923
772,21	773,55256
772,46	778,5359
772,71	790,71923
772,96	793,2859
773,21	800,40256
773,46	828,75256
773,71	843,10256
773,96	859,81923
774,21	879,5859
774,46	917,85256
774,72	972,71923
774,97	1027,70256
775,22	1103,96923
775,47	1243,85256
775,72	1473,30256
775,97	1856,50256
776,22	2378,0859
776,47	2972,81923
776,72	3407,9859
776,97	3572,40256
777,22	3501,6859
777,47	3391,01923
777,73	3408,40256
777,98	3487,21923
778,23	3394,85256
778,48	3010,26923
778,73	2446,6359
778,98	1966,56923
779,23	1628,7359
779,48	1398,80256
779,73	1214,55256
779,98	1076,3359
780,23	986,25256
780,48	919,10256
780,73	880,81923
780,98	847,26923
781,24	817,20256
781,49	771,71923
781,74	727,3859
781,99	703,11923
782,24	690,61923
782,49	679,91923
782,74	665,1859
782,99	653,50256
783,24	640,60256
783,49	638,56923
783,74	628,8859
783,99	639,11923
784,24	622,7359
784,49	613,30256
784,74	597,6359
784,99	599,4859
785,24	581,65256
785,49	554,45256
785,75	571,45256
786,00	599,01923
786,25	599,05256
786,50	571,15256
786,75	540,15256
787,00	559,8359
787,25	559,0859
787,50	567,7859
787,75	557,0359
788,00	573,60256
788,25	552,9859
788,50	542,0859
788,75	523,25256
789,00	528,90256
789,25	523,25256
789,50	512,76923
789,75	514,3359
790,00	527,45256
790,25	531,00256
790,50	563,96923
790,75	578,61923
791,00	578,2359
791,25	568,8359
791,50	551,4859
791,75	554,71923
792,01	565,61923
792,26	574,3859
792,51	594,35256
792,76	577,75256
793,01	588,45256
793,26	581,51923
793,51	623,90256
793,76	679,26923
794,01	762,81923
794,26	823,85256
794,51	861,41923
794,76	864,51923
795,01	864,36923
795,26	864,35256
795,51	871,40256
795,76	854,51923
796,01	828,2859
796,26	780,71923
796,51	722,3359
796,76	657,50256
797,01	601,9359
797,26	582,76923
797,51	552,7859
797,76	556,30256
798,01	537,1359
798,26	549,7859
798,51	527,90256
798,76	503,86923
799,01	490,2359
799,26	474,45256
799,51	476,56923
799,76	466,01923
800,01	480,26923
800,26	469,46923
800,51	471,36923
800,76	458,56923
801,01	460,7859
801,26	448,46923
801,51	441,66923
801,76	441,1359
802,01	434,56923
802,26	438,0359
802,51	448,6859
802,76	452,16923
803,01	444,9359
803,26	417,76923
803,51	411,60256
803,76	412,35256
804,01	425,51923
804,26	414,76923
804,51	402,11923
804,76	388,36923
805,01	390,60256
805,26	388,20256
805,51	385,1859
805,76	379,86923
806,01	413,2859
806,26	424,4859
806,51	425,75256
806,76	384,00256
807,01	368,2859
807,26	367,65256
807,51	363,8359
807,76	362,70256
808,01	368,31923
808,26	383,4859
808,50	389,9859
808,75	387,40256
809,00	383,7359
809,25	392,51923
809,50	389,45256
809,75	396,10256
810,00	392,2859
810,25	388,95256
810,50	401,36923
810,75	405,55256
811,00	430,3859
811,25	422,90256
811,50	437,36923
811,75	433,30256
812,00	426,9359
812,25	415,3359
812,50	386,4859
812,75	379,60256
813,00	371,4359
813,25	381,30256
813,50	385,31923
813,75	383,7859
814,00	390,11923
814,25	394,26923
814,50	414,25256
814,74	415,85256
814,99	433,4859
815,24	417,05256
815,49	426,95256
815,74	422,50256
815,99	453,05256
816,24	470,81923
816,49	493,96923
816,74	527,50256
816,99	559,76923
817,24	624,8859
817,49	691,96923
817,74	840,61923
817,99	963,66923
818,24	1059,66923
818,49	1079,1359
818,74	1070,41923
818,98	1102,7859
819,23	1139,66923
819,48	1200,1359
819,73	1169,11923
819,98	1144,80256
820,23	1112,1859
820,48	1202,76923
820,73	1347,1859
820,98	1523,61923
821,23	1620,25256
821,48	1656,80256
821,73	1656,10256
821,98	1678,4859
822,23	1688,50256
822,47	1665,9859
822,72	1572,60256
822,97	1462,70256
823,22	1358,75256
823,47	1286,01923
823,72	1212,86923
823,97	1133,4359
824,22	1044,3859
824,47	948,36923
824,72	902,25256
824,97	861,25256
825,22	823,40256
825,46	749,11923
825,71	688,91923
825,96	652,0359
826,21	657,06923
826,46	701,05256
826,71	759,70256
826,96	796,66923
827,21	762,81923
827,46	711,3359
827,71	690,4359
827,96	704,40256
828,20	699,40256
828,45	639,4859
828,70	571,45256
828,95	507,86923
829,20	470,26923
829,45	436,56923
829,70	417,25256
829,95	396,51923
830,20	381,5359
830,45	388,55256
830,69	383,5859
830,94	377,65256
831,19	364,01923
831,44	345,01923
831,69	348,4859
831,94	336,7859
832,19	345,9359
832,44	322,00256
832,69	317,26923
832,93	313,1359
833,18	329,5359
833,43	317,90256
833,68	306,75256
833,93	305,55256
834,18	311,5359
834,43	315,7359
834,68	303,7859
834,92	293,00256
835,17	294,8859
835,42	299,51923
835,67	312,71923
835,92	301,01923
836,17	287,36923
836,42	274,3359
836,67	256,01923
836,91	270,5859
837,16	273,7359
837,41	275,2359
837,66	287,7859
837,91	306,9859
838,16	319,11923
838,41	305,55256
838,66	279,65256
838,90	293,96923
839,15	284,61923
839,40	295,9359
839,65	280,8359
839,90	279,15256
840,15	286,9359
840,40	280,0359
840,64	297,6859
840,89	281,0359
841,14	302,56923
841,39	296,3359
841,64	303,25256
841,89	310,36923
842,14	301,55256
842,38	339,26923
842,63	359,2359
842,88	389,00256
843,13	399,85256
843,38	457,8359
843,63	555,2359
843,87	691,11923
844,12	779,0359
844,37	816,30256
844,62	780,9859
844,87	754,45256
845,12	775,5359
845,37	768,95256
845,61	719,0359
845,86	608,66923
846,11	523,36923
846,36	448,85256
846,61	406,0359
846,86	368,80256
847,10	351,4359
847,35	346,51923
847,60	331,80256
847,85	317,0859
848,10	291,81923
848,35	283,70256
848,59	283,00256
848,84	263,21923
849,09	266,05256
849,34	251,50256
849,59	258,95256
849,84	228,7359
850,08	235,60256
850,33	224,41923
850,58	231,1859
850,83	233,0859
851,08	221,60256
851,32	214,66923
851,57	208,11923
851,82	235,05256
852,07	240,41923
852,32	253,61923
852,57	227,41923
852,81	244,86923
853,06	221,20256
853,31	241,3359
853,56	222,26923
853,81	225,00256
854,05	223,36923
854,30	218,9359
854,55	219,65256
854,80	208,8859
855,05	245,46923
855,29	249,6359
855,54	262,61923
855,79	245,01923
856,04	254,06923
856,29	265,95256
856,53	282,5359
856,78	284,36923
857,03	271,9859
857,28	271,6859
857,53	277,2859
857,77	300,4859
858,02	288,65256
858,27	294,26923
858,52	298,85256
858,77	317,50256
859,01	332,8859
859,26	338,6859
859,51	347,5359
859,76	338,2859
860,01	340,16923
860,25	332,21923
860,50	339,45256
860,75	325,2359
861,00	327,80256
861,25	321,4859
861,49	330,05256
861,74	345,8359
861,99	372,25256
862,24	428,50256
862,48	484,86923
862,73	517,15256
862,98	511,85256
863,23	519,40256
863,48	536,40256
863,72	553,55256
863,97	534,40256
864,22	501,7859
864,47	445,46923
864,71	408,5359
864,96	408,66923
865,21	416,7859
865,46	413,46923
865,70	399,8859
865,95	401,70256
866,20	429,90256
866,45	481,2359
866,70	546,61923
866,94	652,3359
867,19	786,1359
867,44	988,45256
867,69	1151,56923
867,93	1230,1859
868,18	1226,6859
868,43	1210,4859
868,68	1194,7859
868,92	1141,96923
869,17	1029,7359
869,42	929,35256
869,67	830,91923
869,91	763,6359
870,16	692,75256
870,41	677,81923
870,66	694,6859
870,90	723,96923
871,15	710,40256
871,40	678,3359
871,65	641,41923
871,89	606,46923
872,14	559,75256
872,39	515,4359
872,64	472,0859
872,88	422,9359
873,13	365,9859
873,38	318,05256
873,63	309,6359
873,87	291,4859
874,12	261,30256
874,37	222,00256
874,62	213,61923
874,86	220,90256
875,11	221,2859
875,36	212,81923
875,60	193,31923
875,85	193,95256
876,10	192,41923
876,35	200,45256
876,59	183,95256
876,84	168,2359
877,09	168,0859
877,34	173,3859
877,58	170,56923
877,83	159,01923
878,08	148,16923
878,32	144,26923
878,57	133,31923
878,82	145,86923
879,07	140,85256
879,31	145,16923
879,56	135,60256
879,81	136,15256
880,06	130,46923
880,30	118,60256
880,55	145,8859
880,80	159,25256
881,04	166,36923
881,29	177,86923
881,54	190,66923
881,79	191,85256
882,03	151,70256
882,28	154,5359
882,53	157,35256
882,77	172,1359
883,02	155,75256
883,27	153,20256
883,51	135,31923
883,76	134,8359
884,01	137,31923
884,26	132,3859
884,50	119,95256
884,75	97,61923
885,00	103,0859
885,24	104,05256
885,49	108,50256
885,74	126,55256
885,98	107,90256
886,23	98,25256
886,48	83,11923
886,73	112,06923
886,97	129,50256
887,22	116,31923
887,47	94,26923
887,71	79,95256
887,96	80,40256
888,21	95,90256
888,45	104,26923
888,70	119,45256
888,95	104,70256
889,19	96,70256
889,44	87,6859
889,69	96,7359
889,93	83,7359
890,18	93,40256
890,43	95,2859
890,67	113,80256
890,92	91,2859
891,17	100,85256
891,42	111,85256
891,66	141,85256
891,91	136,3359
892,16	129,5859
892,40	129,05256
892,65	123,0359
892,90	114,71923
893,14	101,16923
893,39	101,05256
893,64	97,80256
893,88	79,6359
894,13	93,3859
894,38	104,3359
894,62	108,66923
894,87	83,85256
895,12	67,00256
895,36	73,15256
895,61	78,60256
895,86	84,16923
896,10	78,6359
896,35	72,6859
896,60	59,50256
896,84	59,25256
897,09	67,36923
897,33	86,30256
897,58	88,11923
897,83	92,15256
898,07	89,56923
898,32	97,55256
898,57	100,1359
898,81	110,10256
899,06	120,81923
899,31	147,91923
899,55	146,45256
899,80	125,70256
900,05	96,9859
900,29	88,65256
900,54	115,0859
900,79	114,0859
901,03	118,16923
901,28	112,50256
901,52	133,36923
901,77	155,46923
902,02	169,5859
902,26	154,2859
902,51	144,75256
902,76	120,15256
903,00	142,1359
903,25	143,65256
903,50	175,3359
903,74	185,21923
903,99	214,81923
904,23	254,15256
904,48	287,66923
904,73	322,30256
904,97	329,2359
905,22	336,1359
905,47	314,50256
905,71	300,0359
905,96	270,01923
906,20	258,4859
906,45	234,10256
906,70	218,51923
906,94	197,70256
907,19	179,9859
907,44	156,75256
907,68	135,66923
907,93	128,65256
908,17	108,65256
908,42	113,8359
908,67	93,90256
908,91	115,70256
909,16	120,95256
909,40	122,86923
909,65	104,36923
909,90	91,86923
910,14	90,40256
910,39	78,85256
910,63	81,5359
910,88	92,81923
911,13	123,06923
911,37	117,75256
911,62	104,25256
911,86	84,26923
912,11	85,60256
912,36	96,0859
912,60	96,46923
912,85	105,90256
913,09	101,9359
913,34	115,26923
913,59	84,25256
913,83	90,65256
914,08	72,16923
914,32	98,20256
914,57	93,5359
914,82	107,1859
915,06	100,56923
915,31	95,61923
915,55	95,96923
915,80	106,50256
916,05	96,30256
916,29	76,86923
916,54	57,4859
916,78	76,06923
917,03	93,65256
917,27	95,85256
917,52	79,3359
917,77	78,80256
918,01	82,5859
918,26	74,85256
918,50	61,4859
918,75	54,55256
919,00	58,7359
919,24	57,8859
919,49	46,8859
919,73	58,80256
919,98	52,9859
920,22	67,55256
920,47	60,4359
920,72	58,45256
920,96	52,86923
921,21	53,25256
921,45	63,16923
921,70	56,1859
921,94	63,26923
922,19	70,75256
922,43	75,16923
922,68	97,86923
922,93	96,80256
923,17	94,36923
923,42	57,71923
923,66	56,60256
923,91	58,1859
924,15	70,20256
924,40	69,4859
924,64	71,16923
924,89	69,01923
925,14	75,30256
925,38	84,70256
925,63	110,56923
925,87	131,26923
926,12	166,90256
926,36	172,4359
926,61	178,61923
926,85	257,0859
927,10	254,2859
927,35	248,8359
927,59	172,26923
927,84	160,76923
928,08	162,6359
928,33	137,56923
928,57	138,05256
928,82	133,25256
929,06	132,96923
929,31	126,90256
929,55	111,8359
929,80	113,61923
930,04	105,70256
930,29	99,70256
930,54	89,1359
930,78	84,01923
931,03	72,4359
931,27	79,85256
931,52	78,5859
931,76	83,51923
932,01	54,66923
932,25	47,01923
932,50	61,1859
932,74	69,16923
932,99	91,2359
933,23	72,8359
933,48	79,56923
933,72	65,26923
933,97	57,76923
934,21	81,45256
934,46	94,41923
934,70	115,9859
934,95	89,75256
935,19	57,80256
935,44	39,40256
935,68	38,25256
935,93	54,56923
936,18	60,46923
936,42	58,96923
936,67	51,95256
936,91	61,90256
937,16	86,91923
937,40	86,4859
937,65	66,2859
937,89	53,30256
938,14	68,21923
938,38	100,96923
938,63	133,95256
938,87	167,4359
939,12	198,75256
939,36	234,7359
939,61	246,10256
939,85	222,3359
940,10	163,20256
940,34	133,2359
940,59	111,96923
940,83	90,0859
941,08	81,21923
941,32	76,71923
941,57	89,45256
941,81	62,20256
942,06	53,66923
942,30	42,86923
942,55	55,80256
942,79	40,0359
943,03	38,16923
943,28	39,0859
943,52	75,8859
943,77	59,11923
944,01	35,95256
944,26	-1,7641
944,50	-1,93077
944,75	29,0359
944,99	50,01923
945,24	56,3859
945,48	57,30256
945,73	106,95256
945,97	104,35256
946,22	85,6359
946,46	30,16923
946,71	47,3359
946,95	46,21923
947,20	31,11923
947,44	16,5859
947,69	22,30256
947,93	25,90256
948,17	19,8359
948,42	8,16923
948,66	16,4359
948,91	11,4359
949,15	4,76923
949,40	-3,78077
949,64	8,8359
949,89	20,00256
950,13	21,25256
950,38	7,2359
950,62	11,60256
950,87	19,71923
951,11	41,56923
951,35	31,7859
951,60	27,51923
951,84	12,15256
952,09	13,50256
952,33	11,0359
952,58	24,06923
952,82	11,15256
953,07	4,41923
953,31	4,9859
953,56	20,51923
953,80	23,15256
954,04	-6,04744
954,29	-26,33077
954,53	-34,9641
954,78	-26,74744
955,02	-14,23077
955,27	-7,93077
955,51	-2,9641
955,76	-2,89744
956,00	1,90256
956,24	-0,24744
956,49	7,46923
956,73	12,95256
956,98	17,5859
957,22	36,10256
957,47	45,60256
957,71	37,06923
957,95	26,01923
958,20	23,35256
958,44	43,40256
958,69	28,15256
958,93	21,70256
959,18	14,36923
959,42	30,4859
959,66	18,26923
959,91	3,8359
960,15	-16,8141
960,40	-11,78077
960,64	-4,14744
960,89	11,6359
961,13	119,4359
961,37	134,51923
961,62	138,05256
961,86	38,51923
962,11	38,30256
962,35	15,5859
962,59	9,7859
962,84	-19,9141
963,08	0,4359
963,33	1,7359
963,57	11,5359
963,81	-3,44744
964,06	-2,98077
964,30	16,1359
964,55	1,31923
964,79	29,70256
965,04	31,8859
965,28	40,31923
965,52	11,40256
965,77	-5,08077
966,01	5,30256
966,26	6,71923
966,50	13,9359
966,74	21,61923
966,99	26,1359
967,23	24,36923
967,48	13,16923
967,72	6,51923
967,96	-4,94744
968,21	3,21923
968,45	-0,43077
968,69	7,85256
968,94	22,6359
969,18	14,61923
969,43	1,60256
969,67	-15,4641
969,91	1,71923
970,16	16,51923
970,40	13,26923
970,65	6,56923
970,89	-12,8641
971,13	-11,38077
971,38	-11,2641
971,62	25,21923
971,86	21,51923
972,11	25,00256
972,35	-0,5141
972,60	13,21923
972,84	22,90256
973,08	23,96923
973,33	10,40256
973,57	7,90256
973,81	16,76923
974,06	14,3359
974,30	-5,34744
974,55	-3,33077
974,79	12,40256
975,03	22,8859
975,28	15,31923
975,52	-6,54744
975,76	-5,43077
976,01	-7,29744
976,25	8,71923
976,50	5,76923
976,74	17,95256
976,98	21,01923
977,23	15,8859
977,47	14,75256
977,71	8,4359
977,96	-3,89744
978,20	-25,4641
978,44	-36,3641
978,69	-8,13077
978,93	4,20256
979,17	12,0359
979,42	5,8359
979,66	7,41923
979,90	18,00256
980,15	37,00256
980,39	39,76923
980,64	24,1359
980,88	19,0359
981,12	17,8359
981,37	15,85256
981,61	6,35256
981,85	-7,0641
982,10	1,61923
982,34	-23,4641
982,58	-11,3141
982,83	-27,04744
983,07	-21,04744
983,31	-23,29744
983,56	-22,49744
983,80	-9,2641
984,04	-7,43077
984,29	14,5359
984,53	13,15256
984,77	10,95256
985,02	9,2359
985,26	-9,13077
985,50	11,1859
985,75	-1,94744
985,99	16,41923
986,23	-4,68077
986,48	0,1359
986,72	-0,83077
986,96	19,80256
987,20	21,70256
987,45	15,4359
987,69	-13,3641
987,93	-3,03077
988,18	12,5859
988,42	27,96923
988,66	22,15256
988,91	4,16923
989,15	-3,2141
989,39	-16,2641
989,64	-22,24744
989,88	-18,74744
990,12	-12,94744
990,37	-0,13077
990,61	0,65256
990,85	-8,13077
991,10	-19,09744
991,34	-21,93077
991,58	-17,2141
991,82	-17,53077
992,07	-18,69744
992,31	-10,4641
992,55	-16,43077
992,80	-22,84744
993,04	-15,58077
993,28	12,7359
993,53	18,55256
993,77	8,51923
994,01	-19,54744
994,25	-21,34744
994,50	-17,4141
994,74	-0,63077
994,98	-4,09744
995,23	-8,83077
995,47	-5,9641
995,71	-6,28077
995,95	-5,6141
996,20	5,7859
996,44	14,05256
996,68	8,46923
996,93	-15,08077
997,17	-14,2641
997,41	-5,89744
997,65	-11,58077
997,90	-22,04744
998,14	-29,63077
998,38	-14,18077
998,63	-10,9141
998,87	-11,68077
999,11	-25,93077
999,35	-23,44744
999,60	-27,2141
999,84	-19,18077
1000,08	1,80256
1000,32	14,36923
1000,57	13,95256
1000,81	16,00256
1001,05	13,3359
1001,30	23,95256
1001,54	4,05256
1001,78	22,61923
1002,02	16,36923
1002,27	24,2859
1002,51	-1,54744
1002,75	-1,78077
1002,99	-15,29744
1003,24	-18,63077
1003,48	-16,4141
1003,72	-28,04744
1003,96	-18,69744
1004,21	-14,38077
1004,45	9,10256
1004,69	9,0859
1004,93	5,60256
1005,18	3,0859
1005,42	11,96923
1005,66	0,1859
1005,90	-11,64744
1006,15	-29,89744
1006,39	-13,74744
1006,63	7,46923
1006,87	22,65256
1007,12	17,1859
1007,36	14,0359
1007,60	18,60256
1007,84	8,3859
1008,09	1,0359
1008,33	-15,7641
1008,57	-6,0141
1008,81	-0,1641
1009,06	0,41923
1009,30	-2,2141
1009,54	-1,68077
1009,78	7,56923
1010,03	9,45256
1010,27	-5,6141
1010,51	-2,7641
1010,75	-2,64744
1010,99	12,5859
1011,24	16,70256
1011,48	45,61923
1011,72	39,9359
1011,96	49,2859
1012,21	29,1359
1012,45	32,0859
1012,69	21,55256
1012,93	12,3359
1013,18	13,3859
1013,42	10,6859
1013,66	17,15256
1013,90	5,95256
1014,14	0,76923
1014,39	5,7859
1014,63	9,41923
1014,87	21,4859
1015,11	4,01923
1015,35	-15,24744
1015,60	-3,89744
1015,84	8,31923
1016,08	16,5859
1016,32	-1,73077
1016,57	-13,5641
1016,81	-8,84744
1017,05	-8,4141
1017,29	-0,99744
1017,53	-0,3641
1017,78	-1,59744
1018,02	-12,7641
1018,26	-0,53077
1018,50	-9,74744
1018,74	10,16923
1018,99	-8,44744
1019,23	-13,09744
1019,47	-29,59744
1019,71	-17,9641
1019,95	-4,14744
1020,20	-4,58077
1020,44	-12,4641
1020,68	-11,9141
1020,92	6,65256
1021,16	6,16923
1021,41	4,31923
1021,65	-20,84744
1021,89	-22,44744
1022,13	-32,58077
1022,37	-30,19744
1022,61	-35,2141
1022,86	-35,4641
1023,10	-13,7141
1023,34	-6,54744
1023,58	2,0859
1023,82	-23,93077
1024,07	-20,48077
1024,31	-10,69744
1024,55	-1,23077
1024,79	5,7359
1025,03	-16,19744
1025,27	-9,99744
1025,52	-28,53077
1025,76	-28,3641
1026,00	-18,88077
1026,24	-15,0141
1026,48	-11,4141
1026,73	-18,24744
1026,97	7,51923
1027,21	16,90256
1027,45	16,11923
1027,69	-3,23077
1027,93	3,11923
1028,18	1,86923
1028,42	7,3359
1028,66	4,55256
1028,90	8,30256
1029,14	4,35256
1029,38	-11,38077
1029,62	-6,6641
1029,87	-6,28077
1030,11	11,2359
1030,35	-7,24744
1030,59	-8,73077
1030,83	-24,2141
1031,07	-26,6641
1031,32	-34,43077
1031,56	-9,79744
1031,80	6,46923
1032,04	20,75256
1032,28	-1,9641
1032,52	-2,8141
1032,76	-3,93077
1033,01	-6,1641
1033,25	-3,63077
1033,49	-8,58077
1033,73	-6,89744
1033,97	-25,39744
1034,21	-35,24744
1034,45	-41,5641
1034,70	-43,08077
1034,94	-29,9641
1035,18	60,26923
1035,42	68,90256
1035,66	82,95256
1035,90	9,21923
1036,14	-5,08077
1036,39	-8,9641
1036,63	-23,88077
1036,87	15,26923
1037,11	2,86923
1037,35	8,75256
1037,59	-0,48077
1037,83	15,75256
1038,07	45,1359
1038,32	25,60256
1038,56	11,46923
1038,80	10,9359
1039,04	28,41923
1039,28	35,81923
1039,52	9,31923
1039,76	-9,78077
1040,00	-10,58077
1040,25	-24,0141
1040,49	-17,93077
1040,73	-23,14744
1040,97	-13,3641
1041,21	-1,24744
1041,45	4,40256
1041,69	25,06923
1041,93	2,45256
1042,17	-3,88077
1042,42	-26,2641
1042,66	-21,03077
1042,90	-13,23077
1043,14	-23,3141
1043,38	-11,19744
1043,62	-24,89744
1043,86	-15,09744
1044,10	-12,64744
1044,34	13,81923
1044,59	21,91923
1044,83	14,95256
1045,07	-5,18077
1045,31	-5,9641
1045,55	-13,0641
1045,79	-36,84744
1046,03	-29,44744
1046,27	-13,69744
1046,51	5,5859
1046,75	-10,2641
1047,00	-19,69744
1047,24	-11,64744
1047,48	-8,09744
1047,72	-6,69744
1047,96	-17,74744
1048,20	-6,69744
1048,44	-1,2641
1048,68	-2,24744
1048,92	-15,33077
1049,16	-36,53077
1049,40	-34,4641
1049,64	-37,49744
1049,89	-14,73077
1050,13	-12,33077
1050,37	15,41923
1050,61	12,56923
1050,85	22,71923
1051,09	7,2859
1051,33	5,01923
1051,57	8,4359
1051,81	3,40256
1052,05	5,55256
1052,29	16,55256
1052,53	5,81923
1052,77	24,76923
1053,02	4,0359
1053,26	19,65256
1053,50	-1,28077
1053,74	-9,2641
1053,98	-15,2141
1054,22	-29,7141
1054,46	-20,88077
1054,70	-14,29744
1054,94	-17,1141
1055,18	-18,4141
1055,42	-8,3141
1055,66	0,16923
1055,90	-8,58077
1056,14	-18,13077
1056,38	2,45256
1056,62	4,6359
1056,86	8,46923
1057,11	-5,69744
1057,35	-6,9141
1057,59	-32,54744
1057,83	-23,5141
1058,07	-8,7141
1058,31	31,3359
1058,55	30,9359
1058,79	16,7359
1059,03	-17,8641
1059,27	-23,1141
1059,51	-22,2641
1059,75	-13,13077
1059,99	-25,98077
1060,23	-21,58077
1060,47	0,8859
1060,71	20,6859
1060,95	-1,09744
1061,19	-26,78077
1061,43	-39,68077
1061,67	-6,54744
1061,91	2,95256
1062,15	-3,3641
1062,39	-23,4641
1062,64	-13,43077
1062,88	-10,33077
1063,12	1,7859
1063,36	10,71923
1063,60	36,5359
1063,84	76,71923
1064,08	175,01923
1064,32	342,75256
1064,56	436,9859
1064,80	385,86923
1065,04	260,0359
1065,28	146,56923
1065,52	106,0359
1065,76	55,6359
1066,00	49,8359
1066,24	26,26923
1066,48	23,1859
1066,72	9,30256
1066,96	-0,18077
1067,20	-19,6641
1067,44	-19,78077
1067,68	-15,88077
1067,92	-15,1141
1068,16	-8,6641
1068,40	2,26923
1068,64	16,31923
1068,88	13,85256
1069,12	-4,13077
1069,36	-0,38077
1069,60	-18,73077
1069,84	10,85256
1070,08	0,5359
1070,32	17,26923
1070,56	-7,5141
1070,80	-9,99744
1071,04	27,10256
1071,28	28,2359
1071,52	36,8359
1071,76	-12,2641
1072,00	-2,93077
1072,24	-15,83077
1072,48	-12,53077
1072,72	-16,3641
1072,96	2,1859
1073,20	-9,79744
1073,44	1,1359
1073,68	-4,33077
1073,92	13,36923
1074,16	-5,14744
1074,40	-6,58077
1074,64	-17,73077
1074,88	-14,5641
1075,12	-9,4141
1075,36	-7,0641
1075,60	1,86923
1075,84	-7,8641
1076,08	-6,64744
1076,32	-14,69744
1076,56	-20,1141
1076,80	-19,4141
1077,04	-32,7641
1077,28	-30,73077
1077,52	-44,1141
1077,76	-45,84744
1078,00	-37,23077
1078,24	-2,18077
1078,48	9,46923
1078,71	1,1359
1078,95	-15,9641
1079,19	-26,98077
1079,43	-43,19744
1079,67	-46,5141
1079,91	-28,1141
1080,15	-13,33077
1080,39	-15,44744
1080,63	-17,09744
1080,87	-17,43077
1081,11	-16,9141
1081,35	-17,33077
1081,59	-2,89744
1081,83	-4,84744
1082,07	-19,53077
1082,31	-26,78077
1082,55	-27,7141
1082,79	-19,4641
1083,03	-15,33077
1083,27	-27,0141
1083,51	-21,84744
1083,75	-26,1141
1083,99	3,7859
1084,22	3,61923
1084,46	-1,3641
1084,70	-1,89744
1084,94	-8,98077
1085,18	-9,69744
1085,42	-35,0641
1085,66	-29,04744
1085,90	-30,48077
1086,14	-6,04744
1086,38	12,6859
1086,62	4,4359
1086,86	6,56923
1087,10	-10,7641
1087,34	1,0359
1087,58	-19,14744
1087,82	-25,08077
1088,06	-13,38077
1088,29	6,0359
1088,53	0,6359
1088,77	-15,14744
1089,01	-17,19744
1089,25	-9,14744
1089,49	-0,3141
1089,73	-14,29744
1089,97	-4,59744
1090,21	-13,4141
1090,45	-5,58077
1090,69	-18,3641
1090,93	-19,18077
1091,17	-33,58077
1091,40	-10,4141
1091,64	-13,98077
1091,88	-9,93077
1092,12	-35,1641
1092,36	-27,19744
1092,60	-25,88077
1092,84	-9,9141
1093,08	-0,0641
1093,32	7,91923
1093,56	4,85256
1093,80	16,0359
1094,04	9,3859
1094,27	0,0859
1094,51	-6,2141
1094,75	5,80256
1094,99	10,80256
1095,23	3,41923
1095,47	85,51923
1095,71	80,80256
1095,95	76,10256
1096,19	-14,89744
1096,43	-7,5141
1096,66	-25,7141
1096,90	-33,14744
1097,14	-34,28077
1097,38	-34,9641
1097,62	-24,79744
1097,86	-28,78077
1098,10	-8,94744
1098,34	-4,1641
1098,58	-10,8141
1098,81	-11,69744
1099,05	-11,7641
1099,29	17,16923
1099,53	28,1359
1099,77	23,00256
1100,01	-6,1641
1100,25	-10,89744
1100,49	-9,0641
1100,73	19,5359
1100,96	33,9359
1101,20	44,25256
1101,44	9,10256
1101,68	-5,63077
1101,92	-19,1141
1102,16	-7,79744
1102,40	-1,68077
1102,64	5,1359
1102,87	13,6359
1103,11	-1,38077
1103,35	-3,3141
1103,59	-14,39744
1103,83	-16,69744
1104,07	-4,1641
1104,31	-0,73077
1104,55	0,9359
1104,78	-25,34744
1105,02	-14,93077
1105,26	-23,13077
1105,50	-10,7141
1105,74	-31,03077
1105,98	-21,23077
1106,22	-5,38077
1106,45	-0,33077
1106,69	-6,83077
1106,93	-18,2141
1107,17	-16,0141
1107,41	-15,6641
1107,65	-23,2141
1107,89	-18,09744
1108,12	-12,44744
1108,36	-27,4641
1108,60	-22,68077
1108,84	-18,39744
1109,08	-10,93077
1109,32	-12,13077
1109,55	-18,79744
1109,79	6,90256
1110,03	-3,09744
1110,27	0,01923
1110,51	-19,6141
1110,75	-26,9141
1110,99	-29,49744
1111,22	-37,99744
1111,46	-34,18077
1111,70	-37,6641
1111,94	-47,5141
1112,18	-51,13077
1112,42	-46,2141
1112,65	-26,1641
1112,89	-13,59744
1113,13	-19,3641
1113,37	-13,34744
1113,61	-10,33077
1113,85	13,7359
1114,08	3,86923
1114,32	-7,38077
1114,56	-12,59744
1114,80	-9,9141
1115,04	6,95256
1115,28	-9,1141
1115,51	-5,4141
1115,75	-4,03077
1115,99	-0,79744
1116,23	0,16923
1116,47	-2,23077
1116,70	-5,38077
1116,94	-17,64744
1117,18	-11,68077
1117,42	-16,73077
1117,66	0,41923
1117,90	-24,79744
1118,13	-24,08077
1118,37	-50,83077
1118,61	-43,3141
1118,85	-33,6141
1119,09	-31,09744
1119,32	-21,18077
1119,56	-18,79744
1119,80	-24,69744
1120,04	-42,79744
1120,28	-31,8141
1120,51	-21,59744
1120,75	-10,54744
1120,99	-30,30577