194,56	-190,86923
194,83	-190,86923
195,09	-190,4859
195,36	-127,56923
195,63	-64,50256
195,90	-5,86923
196,17	-17,36923
196,44	-31,9359
196,71	-20,05256
196,97	-8,10256
197,24	16,5641
197,51	-7,65256
197,78	5,09744
198,05	8,63077
198,32	23,7641
198,59	6,99744
198,86	7,29744
199,12	1,43077
199,39	9,4641
199,66	13,09744
199,93	30,44744
200,20	31,64744
200,47	10,1141
200,74	7,64744
201,00	0,3141
201,27	10,84744
201,54	-5,80256
201,81	17,13077
202,08	-4,41923
202,35	9,83077
202,61	1,8141
202,88	55,98077
203,15	37,8641
203,42	29,8641
203,69	-6,0359
203,96	3,19744
204,23	0,0641
204,49	-4,01923
204,76	24,0641
205,03	39,63077
205,30	43,7141
205,57	21,49744
205,84	20,7641
206,10	41,24744
206,37	46,28077
206,64	54,53077
206,91	48,58077
207,18	38,43077
207,45	31,94744
207,71	16,03077
207,98	30,28077
208,25	16,44744
208,52	11,1641
208,79	2,58077
209,06	9,1141
209,32	22,33077
209,59	28,18077
209,86	3,2141
210,13	7,78077
210,40	18,48077
210,67	46,6641
210,93	40,8641
211,20	16,5641
211,47	12,4641
211,74	34,3641
212,01	35,89744
212,28	50,3141
212,54	53,6641
212,81	58,48077
213,08	49,6141
213,35	38,18077
213,62	49,6141
213,88	55,78077
214,15	43,93077
214,42	32,54744
214,69	37,19744
214,96	38,7641
215,23	64,5141
215,49	48,63077
215,76	50,63077
216,03	42,08077
216,30	31,08077
216,57	17,0641
216,83	10,84744
217,10	17,78077
217,37	36,74744
217,64	60,1141
217,91	70,98077
218,17	38,64744
218,44	-7,95256
218,71	-7,06923
218,98	15,5641
219,25	49,78077
219,51	50,43077
219,78	48,59744
220,05	34,83077
220,32	23,64744
220,59	29,78077
220,85	29,43077
221,12	44,74744
221,39	60,18077
221,66	60,5641
221,93	40,2641
222,19	14,84744
222,46	28,88077
222,73	44,34744
223,00	64,6141
223,27	48,2141
223,53	47,39744
223,80	33,83077
224,07	45,43077
224,34	56,88077
224,61	55,4641
224,87	34,78077
225,14	8,68077
225,41	11,64744
225,68	35,64744
225,94	51,7641
226,21	55,78077
226,48	37,08077
226,75	36,7641
227,02	23,3641
227,28	32,58077
227,55	19,24744
227,82	27,24744
228,09	0,89744
228,36	-3,51923
228,62	0,08077
228,89	24,78077
229,16	34,74744
229,43	32,19744
229,69	29,1141
229,96	31,4141
230,23	21,83077
230,50	27,9141
230,76	15,73077
231,03	21,23077
231,30	24,78077
231,57	37,8641
231,84	37,53077
232,10	23,08077
232,37	22,4141
232,64	12,39744
232,91	15,74744
233,17	23,1641
233,44	32,3641
233,71	34,08077
233,98	13,23077
234,24	13,1641
234,51	32,78077
234,78	45,84744
235,05	62,83077
235,31	44,5641
235,58	38,9641
235,85	15,69744
236,12	2,23077
236,39	26,24744
236,65	37,03077
236,92	83,84744
237,19	75,8141
237,46	108,99744
237,72	72,04744
237,99	51,08077
238,26	20,49744
238,53	44,08077
238,79	45,58077
239,06	38,48077
239,33	9,2641
239,60	4,43077
239,86	-5,5359
240,13	-8,40256
240,40	-11,75256
240,67	19,39744
240,93	33,33077
241,20	34,04744
241,47	11,04744
241,73	10,9641
242,00	18,3141
242,27	24,59744
242,54	25,79744
242,80	24,99744
243,07	32,53077
243,34	32,68077
243,61	69,3141
243,87	48,19744
244,14	45,28077
244,41	5,78077
244,68	18,33077
244,94	21,54744
245,21	34,0141
245,48	42,2141
245,74	33,23077
246,01	42,74744
246,28	31,5641
246,55	29,98077
246,81	6,34744
247,08	12,44744
247,35	23,7141
247,62	25,44744
247,88	8,1641
248,15	13,04744
248,42	49,4141
248,68	54,68077
248,95	38,08077
249,22	10,1641
249,49	20,43077
249,75	21,8641
250,02	31,13077
250,29	22,6141
250,56	41,68077
250,82	49,5141
251,09	55,84744
251,36	58,93077
251,62	34,44744
251,89	38,69744
252,16	54,28077
252,43	80,3641
252,69	70,1141
252,96	34,6141
253,23	28,94744
253,49	35,93077
253,76	46,5641
254,03	63,98077
254,29	64,04744
254,56	62,79744
254,83	35,53077
255,10	15,4641
255,36	13,23077
255,63	26,73077
255,90	53,79744
256,16	55,19744
256,43	27,0141
256,70	30,43077
256,96	30,0641
257,23	43,23077
257,50	35,63077
257,77	46,59744
258,03	45,94744
258,30	51,94744
258,57	25,7641
258,83	30,28077
259,10	19,7641
259,37	26,84744
259,63	15,59744
259,90	31,48077
260,17	28,89744
260,43	36,1641
260,70	21,13077
260,97	42,98077
261,24	49,3641
261,50	51,54744
261,77	38,24744
262,04	25,79744
262,30	15,1141
262,57	8,63077
262,84	20,9141
263,10	50,1141
263,37	65,78077
263,64	45,88077
263,90	20,58077
264,17	9,73077
264,44	15,64744
264,70	15,44744
264,97	27,8641
265,24	55,1641
265,50	68,5641
265,77	67,94744
266,04	51,93077
266,30	39,68077
266,57	19,34744
266,84	13,99744
267,10	16,64744
267,37	48,24744
267,64	56,34744
267,90	72,0141
268,17	59,5641
268,44	45,89744
268,70	20,79744
268,97	-5,9859
269,24	2,33077
269,50	18,74744
269,77	39,78077
270,04	51,89744
270,30	41,29744
270,57	49,4141
270,84	24,7141
271,10	40,63077
271,37	28,18077
271,64	56,23077
271,90	82,58077
272,17	86,7141
272,44	74,9141
272,70	40,78077
272,97	35,6641
273,24	27,09744
273,50	36,08077
273,77	43,13077
274,04	48,38077
274,30	39,3641
274,57	32,9641
274,84	46,49744
275,10	48,78077
275,37	50,44744
275,64	32,14744
275,90	13,9141
276,17	8,2641
276,43	19,88077
276,70	21,53077
276,97	16,33077
277,23	26,2141
277,50	30,2641
277,77	23,59744
278,03	-11,40256
278,30	0,38077
278,57	1,8141
278,83	13,7641
279,10	19,98077
279,37	16,2141
279,63	16,09744
279,90	22,34744
280,16	45,6641
280,43	61,93077
280,70	51,7141
280,96	68,29744
281,23	66,38077
281,50	56,28077
281,76	34,1141
282,03	33,19744
282,29	38,73077
282,56	37,54744
282,83	25,33077
283,09	14,9641
283,36	23,73077
283,63	30,38077
283,89	42,39744
284,16	44,79744
284,42	49,83077
284,69	53,98077
284,96	47,33077
285,22	39,94744
285,49	42,24744
285,76	41,0141
286,02	65,39744
286,29	71,58077
286,55	69,7641
286,82	45,58077
287,09	24,08077
287,35	39,34744
287,62	31,28077
287,88	40,19744
288,15	16,69744
288,42	15,03077
288,68	27,54744
288,95	37,38077
289,22	53,78077
289,48	48,64744
289,75	54,2141
290,01	58,74744
290,28	40,14744
290,55	44,13077
290,81	25,14744
291,08	47,79744
291,34	57,43077
291,61	77,38077
291,88	77,18077
292,14	49,64744
292,41	47,88077
292,67	62,2641
292,94	81,73077
293,21	78,14744
293,47	66,8141
293,74	64,9141
294,00	49,6641
294,27	33,0141
294,54	25,28077
294,80	42,33077
295,07	66,89744
295,33	63,69744
295,60	67,49744
295,86	49,1141
296,13	45,5141
296,40	31,03077
296,66	43,34744
296,93	85,9141
297,19	108,14744
297,46	105,3641
297,73	87,43077
297,99	73,93077
298,26	62,14744
298,52	48,2141
298,79	53,48077
299,05	46,3141
299,32	70,2141
299,59	91,23077
299,85	112,7641
300,12	100,93077
300,38	85,58077
300,65	82,34744
300,92	100,1641
301,18	106,54744
301,45	130,54744
301,71	115,64744
301,98	132,8641
302,24	146,53077
302,51	166,0141
302,78	171,88077
303,04	158,8641
303,31	168,84744
303,57	182,3641
303,84	186,64744
304,10	172,08077
304,37	170,88077
304,63	190,63077
304,90	217,5141
305,17	228,43077
305,43	222,09744
305,70	244,68077
305,96	245,13077
306,23	250,38077
306,49	246,2141
306,76	249,19744
307,03	257,78077
307,29	248,23077
307,56	263,19744
307,82	273,49744
308,09	285,8641
308,35	287,4141
308,62	306,03077
308,88	297,3641
309,15	302,78077
309,42	293,04744
309,68	306,2641
309,95	308,79744
310,21	300,9641
310,48	303,84744
310,74	306,69744
311,01	332,0641
311,27	324,49744
311,54	311,39744
311,80	295,4641
312,07	322,39744
312,34	346,1141
312,60	342,78077
312,87	342,8641
313,13	353,19744
313,40	361,39744
313,66	365,49744
313,93	348,6141
314,19	378,23077
314,46	374,1141
314,72	395,03077
314,99	382,78077
315,25	378,53077
315,52	364,0641
315,78	362,93077
316,05	371,14744
316,32	382,1641
316,58	385,83077
316,85	400,23077
317,11	406,09744
317,38	412,13077
317,64	415,0141
317,91	415,2141
318,17	420,5641
318,44	429,0641
318,70	427,13077
318,97	441,33077
319,23	460,99744
319,50	470,24744
319,76	464,14744
320,03	443,5641
320,29	459,68077
320,56	467,83077
320,82	479,38077
321,09	482,29744
321,36	505,19744
321,62	509,83077
321,89	510,6641
322,15	499,43077
322,42	513,08077
322,68	536,93077
322,95	570,64744
323,21	593,29744
323,48	593,24744
323,74	588,94744
324,01	589,43077
324,27	591,09744
324,54	591,44744
324,80	611,39744
325,07	635,13077
325,33	666,5641
325,60	668,7141
325,86	697,3641
326,13	716,79744
326,39	757,3141
326,66	785,83077
326,92	835,49744
327,19	889,8141
327,45	958,33077
327,72	1056,03077
327,98	1180,18077
328,25	1365,0641
328,51	1555,2641
328,78	1697,04744
329,04	1690,44744
329,31	1543,14744
329,57	1328,54744
329,84	1142,49744
330,10	1020,94744
330,37	973,19744
330,63	938,4141
330,90	920,9641
331,16	909,33077
331,43	909,68077
331,69	920,79744
331,96	918,49744
332,22	918,83077
332,49	923,49744
332,75	917,39744
333,01	915,18077
333,28	909,69744
333,54	927,03077
333,81	973,18077
334,07	997,0641
334,34	1006,48077
334,60	1010,24744
334,87	1031,69744
335,13	1075,3141
335,40	1082,0141
335,66	1087,68077
335,93	1087,7141
336,19	1112,13077
336,46	1156,98077
336,72	1177,69744
336,99	1219,0141
337,25	1262,19744
337,52	1331,48077
337,78	1422,0641
338,05	1513,14744
338,31	1676,98077
338,57	1890,78077
338,84	2152,24744
339,10	2305,88077
339,37	2264,58077
339,63	2075,9641
339,90	1826,54744
340,16	1611,88077
340,43	1429,28077
340,69	1338,1141
340,96	1281,9141
341,22	1269,7141
341,49	1230,9641
341,75	1225,64744
342,01	1231,3641
342,28	1251,08077
342,54	1292,2141
342,81	1315,69744
343,07	1355,44744
343,34	1370,4641
343,60	1411,23077
343,87	1421,03077
344,13	1450,9141
344,40	1503,99744
344,66	1572,6141
344,92	1640,8141
345,19	1641,84744
345,45	1642,2141
345,72	1633,8641
345,98	1633,53077
346,25	1621,89744
346,51	1602,88077
346,78	1580,69744
347,04	1586,73077
347,30	1580,3141
347,57	1590,84744
347,83	1586,54744
348,10	1607,03077
348,36	1629,88077
348,63	1663,44744
348,89	1673,34744
349,15	1693,03077
349,42	1698,84744
349,68	1716,24744
349,95	1729,88077
350,21	1771,83077
350,48	1810,78077
350,74	1850,5141
351,01	1858,24744
351,27	1871,2141
351,53	1866,2141
351,80	1865,7141
352,06	1878,48077
352,33	1893,8141
352,59	1906,79744
352,86	1917,34744
353,12	1944,0141
353,38	1995,28077
353,65	2001,88077
353,91	2012,2141
354,18	2025,9641
354,44	2082,58077
354,70	2097,94744
354,97	2074,49744
355,23	2033,59744
355,50	1996,1641
355,76	1980,2641
356,03	1958,0141
356,29	1971,08077
356,55	1962,33077
356,82	1951,03077
357,08	1918,9641
357,35	1902,03077
357,61	1918,4141
357,87	1931,39744
358,14	1933,44744
358,40	1910,44744
358,67	1914,4141
358,93	1918,6141
359,20	1934,44744
359,46	1929,39744
359,72	1925,8141
359,99	1921,3141
360,25	1939,89744
360,52	1963,54744
360,78	1971,03077
361,04	1972,1141
361,31	1949,39744
361,57	1931,7641
361,84	1918,74744
362,10	1935,14744
362,36	1957,98077
362,63	1972,98077
362,89	1967,49744
363,16	1962,64744
363,42	1964,24744
363,68	1964,29744
363,95	1967,04744
364,21	1942,74744
364,47	1950,73077
364,74	1949,38077
365,00	1953,08077
365,27	1944,4141
365,53	1941,68077
365,79	1961,19744
366,06	1982,6641
366,32	2012,79744
366,59	1993,98077
366,85	1985,9641
367,11	1963,59744
367,38	1978,9141
367,64	1979,5641
367,91	1992,1141
368,17	1989,54744
368,43	1986,18077
368,70	1986,6641
368,96	1988,34744
369,22	2014,68077
369,49	2016,39744
369,75	2003,33077
370,02	1984,18077
370,28	1968,83077
370,54	1976,29744
370,81	1970,14744
371,07	1984,99744
371,33	2030,68077
371,60	2017,38077
371,86	2005,6141
372,13	1972,48077
372,39	1995,48077
372,65	2023,39744
372,92	2044,93077
373,18	2074,24744
373,44	2071,88077
373,71	2051,43077
373,97	2027,5641
374,23	2029,89744
374,50	2068,28077
374,76	2084,24744
375,03	2092,7641
375,29	2083,43077
375,55	2090,9141
375,82	2090,4641
376,08	2083,53077
376,34	2097,53077
376,61	2069,39744
376,87	2044,1141
377,13	1989,89744
377,40	1998,59744
377,66	2026,43077
377,92	2056,39744
378,19	2062,33077
378,45	2059,14744
378,72	2037,59744
378,98	2034,2141
379,24	2014,39744
379,51	2026,4641
379,77	2025,7641
380,03	2000,78077
380,30	2017,23077
380,56	2015,58077
380,82	2051,19744
381,09	2039,5141
381,35	2058,13077
381,61	2059,73077
381,88	2086,58077
382,14	2100,6641
382,40	2120,68077
382,67	2112,64744
382,93	2100,43077
383,19	2084,6641
383,46	2084,84744
383,72	2104,19744
383,98	2134,09744
384,25	2168,5641
384,51	2193,84744
384,77	2205,33077
385,04	2221,83077
385,30	2225,13077
385,56	2267,98077
385,83	2293,98077
386,09	2314,49744
386,35	2320,1141
386,62	2324,08077
386,88	2349,0641
387,14	2349,7641
387,41	2342,18077
387,67	2341,18077
387,93	2338,43077
388,20	2343,88077
388,46	2337,98077
388,72	2350,58077
388,99	2371,78077
389,25	2390,03077
389,51	2400,2641
389,78	2412,73077
390,04	2436,7141
390,30	2470,24744
390,56	2482,2141
390,83	2493,4641
391,09	2517,4641
391,35	2545,7641
391,62	2585,48077
391,88	2615,58077
392,14	2650,69744
392,41	2666,68077
392,67	2662,99744
392,93	2664,24744
393,20	2651,88077
393,46	2660,89744
393,72	2657,14744
393,99	2666,88077
394,25	2672,69744
394,51	2650,19744
394,77	2641,04744
395,04	2621,53077
395,30	2649,99744
395,56	2661,5641
395,83	2655,69744
396,09	2643,8141
396,35	2651,7141
396,62	2659,23077
396,88	2700,54744
397,14	2705,2641
397,40	2776,83077
397,67	2798,38077
397,93	2821,79744
398,19	2817,2641
398,46	2832,73077
398,72	2894,84744
398,98	2953,08077
399,24	3018,68077
399,51	3073,34744
399,77	3119,98077
400,03	3147,73077
400,30	3152,3141
400,56	3183,64744
400,82	3165,13077
401,08	3109,08077
401,35	3015,3141
401,61	2976,89744
401,87	2947,83077
402,14	2938,1641
402,40	2905,74744
402,66	2915,74744
402,92	2904,28077
403,19	2921,6641
403,45	2953,3641
403,71	2968,93077
403,98	2985,08077
404,24	2969,08077
404,50	2979,59744
404,76	3001,08077
405,03	3019,6141
405,29	3037,48077
405,55	3043,9641
405,81	3071,24744
406,08	3072,04744
406,34	3065,09744
406,60	3043,74744
406,87	3038,79744
407,13	3048,19744
407,39	3044,24744
407,65	3055,39744
407,92	3050,9141
408,18	3059,03077
408,44	3053,38077
408,70	3025,7641
408,97	3003,29744
409,23	2991,94744
409,49	2978,2141
409,75	2954,33077
410,02	2926,0641
410,28	2905,98077
410,54	2905,8641
410,80	2915,44744
411,07	2928,6641
411,33	2931,2141
411,59	2893,83077
411,85	2898,88077
412,12	2895,89744
412,38	2911,0641
412,64	2900,08077
412,90	2885,99744
413,17	2870,6641
413,43	2841,6641
413,69	2844,84744
413,95	2850,58077
414,22	2853,84744
414,48	2831,7641
414,74	2820,5641
415,00	2836,18077
415,27	2852,7641
415,53	2869,5641
415,79	2855,94744
416,05	2849,98077
416,32	2853,49744
416,58	2883,14744
416,84	2901,13077
417,10	2884,6641
417,37	2862,19744
417,63	2848,98077
417,89	2867,14744
418,15	2870,54744
418,41	2883,29744
418,68	2903,18077
418,94	2922,79744
419,20	2935,84744
419,46	2955,44744
419,73	2972,94744
419,99	3001,53077
420,25	2999,88077
420,51	3077,63077
420,78	3084,83077
421,04	3083,98077
421,30	3033,49744
421,56	3066,08077
421,82	3092,8641
422,09	3091,53077
422,35	3027,98077
422,61	2994,69744
422,87	3061,3141
423,14	3059,14744
423,40	3052,64744
423,66	2932,29744
423,92	2929,1141
424,18	2905,69744
424,45	2882,73077
424,71	2845,4141
424,97	2834,64744
425,23	2824,74744
425,49	2806,4641
425,76	2800,03077
426,02	2800,93077
426,28	2805,34744
426,54	2767,49744
426,81	2743,34744
427,07	2713,78077
427,33	2698,49744
427,59	2690,5641
427,85	2680,98077
428,12	2684,03077
428,38	2668,19744
428,64	2652,04744
428,90	2627,98077
429,16	2627,64744
429,43	2631,99744
429,69	2637,58077
429,95	2634,29744
430,21	2638,13077
430,47	2660,48077
430,74	2655,13077
431,00	2658,59744
431,26	2635,89744
431,52	2660,64744
431,78	2687,59744
432,05	2737,33077
432,31	2767,13077
432,57	2753,48077
432,83	2715,93077
433,09	2683,6141
433,35	2696,4641
433,62	2710,33077
433,88	2714,9141
434,14	2710,38077
434,40	2719,59744
434,66	2740,58077
434,93	2748,2141
435,19	2769,29744
435,45	2765,94744
435,71	2808,1641
435,97	2805,83077
436,23	2789,79744
436,50	2738,64744
436,76	2707,69744
437,02	2703,08077
437,28	2682,1641
437,54	2683,0641
437,81	2663,58077
438,07	2659,88077
438,33	2645,14744
438,59	2648,18077
438,85	2661,04744
439,11	2645,3641
439,38	2665,2141
439,64	2661,0141
439,90	2694,59744
440,16	2708,6141
440,42	2729,68077
440,68	2753,29744
440,95	2744,8141
441,21	2789,79744
441,47	2824,28077
441,73	2866,14744
441,99	2881,48077
442,25	2876,49744
442,52	2897,43077
442,78	2873,44744
443,04	2888,4141
443,30	2893,0641
443,56	2932,8641
443,82	2959,29744
444,08	2986,7141
444,35	2996,84744
444,61	2993,1641
444,87	2978,34744
445,13	3004,2641
445,39	2989,6641
445,65	2987,9141
445,92	2912,1141
446,18	2893,3641
446,44	2852,08077
446,70	2837,48077
446,96	2820,84744
447,22	2821,1641
447,48	2807,1141
447,75	2790,14744
448,01	2774,79744
448,27	2752,44744
448,53	2727,5141
448,79	2708,63077
449,05	2699,7641
449,31	2666,59744
449,58	2627,1641
449,84	2606,1641
450,10	2609,88077
450,36	2593,89744
450,62	2584,79744
450,88	2573,99744
451,14	2567,58077
451,41	2547,9641
451,67	2519,13077
451,93	2518,18077
452,19	2527,44744
452,45	2545,14744
452,71	2539,09744
452,97	2512,73077
453,23	2515,59744
453,50	2516,7141
453,76	2530,29744
454,02	2522,63077
454,28	2521,64744
454,54	2526,63077
454,80	2530,5141
455,06	2535,0641
455,32	2541,0141
455,59	2538,1141
455,85	2536,1641
456,11	2550,83077
456,37	2566,09744
456,63	2584,29744
456,89	2594,13077
457,15	2621,04744
457,41	2642,99744
457,68	2668,6641
457,94	2661,04744
458,20	2686,48077
458,46	2710,74744
458,72	2772,9641
458,98	2833,43077
459,24	2879,23077
459,50	2932,5141
459,76	2965,6141
460,03	3005,8141
460,29	3056,99744
460,55	3129,13077
460,81	3210,14744
461,07	3256,83077
461,33	3325,5141
461,59	3398,5641
461,85	3446,7141
462,11	3481,03077
462,37	3507,5641
462,64	3555,3641
462,90	3566,38077
463,16	3597,83077
463,42	3636,84744
463,68	3670,23077
463,94	3648,98077
464,20	3589,33077
464,46	3507,4141
464,72	3468,53077
464,98	3424,3641
465,24	3419,8641
465,51	3359,84744
465,77	3326,88077
466,03	3246,54744
466,29	3189,79744
466,55	3142,8141
466,81	3120,39744
467,07	3128,2641
467,33	3129,13077
467,59	3163,73077
467,85	3137,29744
468,11	3087,9141
468,38	3023,39744
468,64	3017,08077
468,90	3002,4141
469,16	2990,89744
469,42	2948,8141
469,68	2931,93077
469,94	2933,78077
470,20	2942,9141
470,46	2939,2141
470,72	2923,2141
470,98	2901,7141
471,24	2909,93077
471,50	2908,63077
471,77	2903,6641
472,03	2905,48077
472,29	2874,8141
472,55	2884,3141
472,81	2882,94744
473,07	2901,54744
473,33	2868,83077
473,59	2855,6141
473,85	2837,74744
474,11	2858,59744
474,37	2856,14744
474,63	2846,98077
474,89	2866,8141
475,15	2886,5141
475,41	2939,24744
475,68	2951,94744
475,94	2980,6141
476,20	2996,4141
476,46	3039,18077
476,72	3042,0141
476,98	3079,98077
477,24	3092,33077
477,50	3142,18077
477,76	3198,69744
478,02	3277,43077
478,28	3342,6641
478,54	3372,28077
478,80	3431,19744
479,06	3505,28077
479,32	3586,29744
479,58	3613,7141
479,84	3631,03077
480,10	3625,1641
480,36	3667,3641
480,63	3700,38077
480,89	3711,8141
481,15	3686,1641
481,41	3651,24744
481,67	3639,83077
481,93	3625,63077
482,19	3611,0641
482,45	3602,5141
482,71	3596,18077
482,97	3590,4141
483,23	3593,38077
483,49	3606,78077
483,75	3643,03077
484,01	3675,1141
484,27	3696,64744
484,53	3736,99744
484,79	3801,54744
485,05	3836,83077
485,31	3881,49744
485,57	3887,23077
485,83	3941,2141
486,09	3961,68077
486,35	4017,7141
486,61	4050,28077
486,87	4105,5641
487,13	4150,73077
487,39	4223,48077
487,65	4276,49744
487,91	4348,04744
488,17	4403,48077
488,43	4435,79744
488,70	4429,2641
488,96	4408,9141
489,22	4386,89744
489,48	4394,6641
489,74	4394,13077
490,00	4430,7141
490,26	4423,9141
490,52	4446,78077
490,78	4445,94744
491,04	4469,04744
491,30	4514,7141
491,56	4558,7141
491,82	4595,93077
492,08	4616,99744
492,34	4673,13077
492,60	4719,89744
492,86	4767,83077
493,12	4791,4141
493,38	4834,03077
493,64	4855,04744
493,90	4875,33077
494,16	4883,64744
494,42	4897,98077
494,68	4927,98077
494,94	4996,7141
495,20	5059,3641
495,46	5111,04744
495,72	5132,28077
495,98	5174,0141
496,24	5213,58077
496,50	5291,43077
496,76	5415,78077
497,02	5544,2641
497,28	5676,34744
497,54	5819,83077
497,80	5989,59744
498,06	6174,7641
498,32	6345,38077
498,58	6600,58077
498,84	6865,7641
499,10	7186,08077
499,36	7487,99744
499,62	7835,34744
499,88	8138,1641
500,14	8363,4141
500,40	8511,78077
500,66	8632,88077
500,92	8704,89744
501,18	8652,0141
501,44	8442,2641
501,69	8165,7641
501,95	7872,33077
502,21	7596,68077
502,47	7321,53077
502,73	7080,59744
502,99	6890,39744
503,25	6737,18077
503,51	6608,44744
503,77	6461,9141
504,03	6361,58077
504,29	6268,1641
504,55	6217,7141
504,81	6125,14744
505,07	6030,78077
505,33	5936,5641
505,59	5842,88077
505,85	5773,03077
506,11	5697,18077
506,37	5636,04744
506,63	5561,0141
506,89	5504,88077
507,15	5459,48077
507,41	5411,2641
507,67	5378,5641
507,93	5348,3141
508,19	5335,54744
508,45	5307,58077
508,71	5282,88077
508,97	5241,84744
509,23	5205,94744
509,49	5201,89744
509,74	5211,24744
510,00	5209,79744
510,26	5195,94744
510,52	5167,89744
510,78	5194,19744
511,04	5181,23077
511,30	5233,6141
511,56	5228,4141
511,82	5261,2641
512,08	5252,99744
512,34	5301,3641
512,60	5306,89744
512,86	5348,89744
513,12	5343,59744
513,38	5384,34744
513,64	5428,13077
513,90	5463,48077
514,16	5537,19744
514,42	5579,94744
514,67	5644,93077
514,93	5697,29744
515,19	5751,53077
515,45	5796,0641
515,71	5847,33077
515,97	5929,44744
516,23	6028,98077
516,49	6109,99744
516,75	6201,93077
517,01	6297,59744
517,27	6388,5641
517,53	6463,18077
517,79	6560,73077
518,05	6672,34744
518,31	6800,9141
518,56	6912,99744
518,82	7065,04744
519,08	7271,29744
519,34	7656,54744
519,60	8160,73077
519,86	8754,94744
520,12	9277,0641
520,38	9649,73077
520,64	9865,79744
520,90	9965,1641
521,16	10266,2141
521,42	10895,4641
521,68	10793,63077
521,93	9806,18077
522,19	8260,8141
522,45	7347,63077
522,71	6945,6641
522,97	6671,14744
523,23	6388,39744
523,49	6163,68077
523,75	5975,89744
524,01	5818,48077
524,27	5695,03077
524,53	5613,24744
524,79	5573,58077
525,04	5530,69744
525,30	5451,59744
525,56	5377,89744
525,82	5330,9641
526,08	5319,73077
526,34	5285,18077
526,60	5288,19744
526,86	5262,3641
527,12	5260,1141
527,38	5234,69744
527,63	5244,08077
527,89	5256,38077
528,15	5271,2641
528,41	5276,0141
528,67	5292,19744
528,93	5323,28077
529,19	5331,0641
529,45	5329,99744
529,71	5320,94744
529,97	5341,19744
530,22	5378,79744
530,48	5416,63077
530,74	5438,93077
531,00	5462,6141
531,26	5486,48077
531,52	5503,4141
531,78	5500,18077
532,04	5513,39744
532,30	5544,14744
532,55	5594,8141
532,81	5616,18077
533,07	5611,79744
533,33	5613,9641
533,59	5611,8641
533,85	5615,49744
534,11	5657,88077
534,37	5688,24744
534,62	5733,09744
534,88	5700,69744
535,14	5685,03077
535,40	5681,79744
535,66	5710,43077
535,92	5726,14744
536,18	5739,38077
536,44	5742,08077
536,69	5754,2141
536,95	5781,84744
537,21	5827,84744
537,47	5898,84744
537,73	5955,9141
537,99	5990,04744
538,25	6044,39744
538,51	6098,6141
538,76	6192,8641
539,02	6296,68077
539,28	6434,94744
539,54	6556,5641
539,80	6656,98077
540,06	6776,3641
540,32	6908,88077
540,57	7052,49744
540,83	7166,0141
541,09	7256,7141
541,35	7295,79744
541,61	7321,89744
541,87	7325,7641
542,13	7376,2141
542,38	7394,8641
542,64	7439,39744
542,90	7477,39744
543,16	7501,2641
543,42	7573,93077
543,68	7627,28077
543,94	7777,33077
544,19	7956,53077
544,45	8271,64744
544,71	8724,59744
544,97	9382,14744
545,23	10191,1641
545,49	11089,18077
545,74	11917,5641
546,00	12611,93077
546,26	13041,18077
546,52	13328,73077
546,78	13680,13077
547,04	14274,4141
547,29	14309,4641
547,55	13452,2641
547,81	12004,23077
548,07	10694,23077
548,33	9828,3641
548,59	9127,23077
548,84	8627,48077
549,10	8181,8141
549,36	7823,38077
549,62	7505,9141
549,88	7294,6141
550,14	7098,99744
550,39	6930,1641
550,65	6818,64744
550,91	6705,63077
551,17	6629,04744
551,43	6546,09744
551,69	6501,33077
551,94	6493,28077
552,20	6469,14744
552,46	6470,08077
552,72	6433,4141
552,98	6422,2641
553,24	6388,13077
553,49	6390,94744
553,75	6377,64744
554,01	6367,0641
554,27	6332,8141
554,53	6323,38077
554,78	6292,2141
555,04	6255,3641
555,30	6222,29744
555,56	6201,39744
555,82	6206,2141
556,07	6185,28077
556,33	6160,4641
556,59	6121,03077
556,85	6086,74744
557,11	6085,0641
557,37	6047,08077
557,62	5992,83077
557,88	5919,74744
558,14	5899,83077
558,40	5876,5141
558,66	5861,04744
558,91	5818,39744
559,17	5810,6141
559,43	5806,9141
559,69	5794,6641
559,95	5778,78077
560,20	5756,1641
560,46	5781,0141
560,72	5808,0641
560,98	5854,2141
561,24	5853,28077
561,49	5878,2141
561,75	5880,7141
562,01	5927,4641
562,27	5949,7141
562,52	5972,49744
562,78	5981,4641
563,04	6009,68077
563,30	5999,79744
563,56	6000,09744
563,81	5981,7141
564,07	6011,9641
564,33	6053,03077
564,59	6083,73077
564,85	6104,39744
565,10	6174,09744
565,36	6245,8141
565,62	6355,18077
565,88	6401,5641
566,13	6511,0641
566,39	6611,98077
566,65	6762,63077
566,91	6869,5641
567,17	6950,94744
567,42	7027,53077
567,68	7021,18077
567,94	7002,08077
568,20	6889,98077
568,45	6786,48077
568,71	6628,6641
568,97	6414,93077
569,23	6233,78077
569,49	6024,0641
569,74	5861,7141
570,00	5658,13077
570,26	5522,94744
570,52	5396,5641
570,77	5327,84744
571,03	5251,13077
571,29	5187,63077
571,55	5108,3141
571,80	4990,98077
572,06	4894,24744
572,32	4810,43077
572,58	4793,68077
572,83	4736,03077
573,09	4674,99744
573,35	4612,83077
573,61	4565,3141
573,86	4529,78077
574,12	4477,74744
574,38	4456,3141
574,64	4420,09744
574,89	4410,88077
575,15	4409,8641
575,41	4386,18077
575,67	4360,83077
575,92	4306,69744
576,18	4293,43077
576,44	4268,73077
576,70	4238,89744
576,95	4203,4641
577,21	4167,9641
577,47	4155,19744
577,73	4154,53077
577,98	4124,58077
578,24	4112,2141
578,50	4077,88077
578,76	4069,04744
579,01	4038,83077
579,27	4028,23077
579,53	4042,0641
579,79	4030,29744
580,04	4013,73077
580,30	3962,13077
580,56	3936,08077
580,81	3917,83077
581,07	3927,8641
581,33	3933,2641
581,59	3930,7641
581,84	3937,4641
582,10	3943,9141
582,36	3934,49744
582,62	3918,84744
582,87	3905,94744
583,13	3934,03077
583,39	3924,7141
583,64	3919,2641
583,90	3875,43077
584,16	3858,44744
584,42	3841,53077
584,67	3838,79744
584,93	3848,8641
585,19	3841,4641
585,45	3847,24744
585,70	3829,6641
585,96	3836,14744
586,22	3826,78077
586,47	3816,8641
586,73	3821,74744
586,99	3814,28077
587,25	3821,79744
587,50	3808,88077
587,76	3813,03077
588,02	3827,14744
588,27	3854,49744
588,53	3894,39744
588,79	3898,2641
589,04	3888,49744
589,30	3914,08077
589,56	3949,0141
589,82	3986,2641
590,07	3979,94744
590,33	3979,4141
590,59	3984,58077
590,84	3993,08077
591,10	4009,54744
591,36	4047,3641
591,61	4068,44744
591,87	4117,7141
592,13	4148,29744
592,39	4201,13077
592,64	4240,04744
592,90	4264,69744
593,16	4306,14744
593,41	4338,8641
593,67	4368,64744
593,93	4354,9641
594,18	4350,49744
594,44	4342,94744
594,70	4310,5641
594,95	4255,99744
595,21	4210,9641
595,47	4154,9641
595,73	4094,38077
595,98	4039,24744
596,24	3984,3141
596,50	3914,9141
596,75	3861,7641
597,01	3840,83077
597,27	3819,8641
597,52	3780,89744
597,78	3743,69744
598,04	3733,6641
598,29	3684,39744
598,55	3674,5641
598,81	3635,28077
599,06	3640,88077
599,32	3606,64744
599,58	3619,03077
599,83	3589,48077
600,09	3590,6641
600,35	3573,94744
600,60	3578,38077
600,86	3571,79744
601,12	3568,4141
601,37	3565,64744
601,63	3532,24744
601,89	3508,28077
602,14	3488,58077
602,40	3493,83077
602,66	3481,29744
602,91	3462,98077
603,17	3469,89744
603,43	3477,83077
603,68	3492,2641
603,94	3464,69744
604,20	3454,09744
604,45	3435,09744
604,71	3433,5141
604,97	3419,74744
605,22	3423,24744
605,48	3427,3141
605,74	3435,84744
605,99	3432,23077
606,25	3416,38077
606,51	3406,78077
606,76	3379,89744
607,02	3394,49744
607,27	3376,93077
607,53	3397,83077
607,79	3385,7641
608,04	3375,78077
608,30	3358,89744
608,56	3342,68077
608,81	3364,84744
609,07	3374,39744
609,33	3402,78077
609,58	3412,68077
609,84	3415,09744
610,10	3400,93077
610,35	3380,43077
610,61	3370,5141
610,86	3359,4641
611,12	3362,7141
611,38	3362,59744
611,63	3353,5641
611,89	3343,78077
612,15	3347,2141
612,40	3332,83077
612,66	3315,14744
612,92	3277,49744
613,17	3297,54744
613,43	3306,78077
613,68	3326,88077
613,94	3309,1641
614,20	3298,7641
614,45	3289,0141
614,71	3316,59744
614,97	3310,38077
615,22	3324,29744
615,48	3314,38077
615,73	3343,59744
615,99	3351,84744
616,25	3362,04744
616,50	3376,3141
616,76	3377,4641
617,01	3386,24744
617,27	3358,39744
617,53	3354,18077
617,78	3377,44744
618,04	3393,83077
618,30	3399,99744
618,55	3345,99744
618,81	3340,9141
619,06	3317,9641
619,32	3319,43077
619,58	3295,28077
619,83	3295,14744
620,09	3285,08077
620,34	3275,8641
620,60	3256,1141
620,86	3252,63077
621,11	3246,4141
621,37	3261,53077
621,62	3246,49744
621,88	3220,4641
622,14	3187,78077
622,39	3190,1141
622,65	3206,93077
622,90	3207,3641
623,16	3210,13077
623,42	3211,2641
623,67	3194,58077
623,93	3194,5641
624,18	3176,59744
624,44	3218,49744
624,70	3218,48077
624,95	3221,93077
625,21	3201,2641
625,46	3184,1641
625,72	3194,9141
625,98	3174,24744
626,23	3170,43077
626,49	3151,43077
626,74	3154,28077
627,00	3154,24744
627,25	3154,13077
627,51	3155,34744
627,77	3143,19744
628,02	3119,59744
628,28	3112,53077
628,53	3113,04744
628,79	3133,63077
629,04	3112,8641
629,30	3113,68077
629,56	3112,9141
629,81	3118,58077
630,07	3110,19744
630,32	3098,1641
630,58	3121,68077
630,83	3106,94744
631,09	3097,64744
631,35	3072,2141
631,60	3086,49744
631,86	3090,43077
632,11	3105,33077
632,37	3076,14744
632,62	3058,69744
632,88	3034,6641
633,14	3039,74744
633,39	3043,1641
633,65	3064,8641
633,90	3084,4641
634,16	3080,73077
634,41	3052,03077
634,67	3034,9641
634,93	3047,39744
635,18	3062,44744
635,44	3046,1141
635,69	3027,19744
635,95	3027,24744
636,20	3061,0141
636,46	3068,74744
636,71	3064,74744
636,97	3047,0641
637,22	3052,29744
637,48	3036,09744
637,74	3039,44744
637,99	3039,4641
638,25	3058,23077
638,50	3041,09744
638,76	3042,68077
639,01	3023,68077
639,27	3013,94744
639,52	3004,48077
639,78	3005,34744
640,03	3014,1641
640,29	2997,44744
640,55	2998,39744
640,80	2984,29744
641,06	2971,58077
641,31	2978,4641
641,57	2984,84744
641,82	3001,79744
642,08	2992,58077
642,33	2990,0641
642,59	2999,28077
642,84	3005,63077
643,10	3006,88077
643,35	2993,08077
643,61	2997,98077
643,87	3013,68077
644,12	3029,78077
644,38	3023,68077
644,63	3033,04744
644,89	3061,6641
645,14	3087,78077
645,40	3093,0641
645,65	3109,0141
645,91	3114,6141
646,16	3161,1141
646,42	3180,83077
646,67	3200,7141
646,93	3212,09744
647,18	3237,53077
647,44	3261,54744
647,69	3284,04744
647,95	3289,3141
648,20	3316,08077
648,46	3323,74744
648,71	3341,73077
648,97	3345,0641
649,22	3357,24744
649,48	3350,09744
649,73	3340,1141
649,99	3321,34744
650,24	3340,4641
650,50	3347,33077
650,75	3351,98077
651,01	3336,2641
651,26	3342,29744
651,52	3329,19744
651,77	3324,78077
652,03	3326,68077
652,28	3341,69744
652,54	3372,44744
652,79	3415,8141
653,05	3463,08077
653,30	3500,7141
653,56	3521,38077
653,81	3565,93077
654,07	3637,14744
654,32	3726,28077
654,58	3840,0641
654,83	3963,6641
655,09	4091,23077
655,34	4234,18077
655,60	4368,58077
655,85	4490,6641
656,11	4603,0641
656,36	4664,18077
656,62	4711,7141
656,87	4688,39744
657,13	4628,13077
657,38	4542,74744
657,64	4427,4141
657,89	4314,0641
658,15	4146,33077
658,40	3995,73077
658,66	3874,99744
658,91	3785,5141
659,17	3715,09744
659,42	3643,3141
659,68	3587,8641
659,93	3532,18077
660,19	3479,0141
660,44	3453,34744
660,70	3429,3141
660,95	3394,99744
661,20	3348,18077
661,46	3299,79744
661,71	3260,7641
661,97	3221,59744
662,22	3189,58077
662,48	3153,53077
662,73	3119,38077
662,99	3097,13077
663,24	3079,63077
663,50	3039,89744
663,75	3013,89744
664,01	2962,4641
664,26	2970,64744
664,52	2933,73077
664,77	2944,49744
665,02	2929,5141
665,28	2927,69744
665,53	2898,04744
665,79	2881,7141
666,04	2857,68077
666,30	2839,29744
666,55	2820,3141
666,81	2797,98077
667,06	2785,73077
667,32	2770,69744
667,57	2754,8141
667,82	2729,3141
668,08	2703,09744
668,33	2681,98077
668,59	2658,88077
668,84	2649,09744
669,10	2628,93077
669,35	2678,94744
669,61	2633,08077
669,86	2636,23077
670,11	2558,0641
670,37	2573,49744
670,62	2559,3641
670,88	2565,53077
671,13	2532,53077
671,39	2503,93077
671,64	2488,2141
671,90	2491,79744
672,15	2495,48077
672,40	2480,8641
672,66	2461,23077
672,91	2463,8141
673,17	2458,9641
673,42	2464,19744
673,68	2449,78077
673,93	2439,04744
674,18	2433,53077
674,44	2421,18077
674,69	2419,54744
674,95	2416,99744
675,20	2408,1641
675,46	2398,1141
675,71	2375,03077
675,96	2380,19744
676,22	2361,9141
676,47	2362,33077
676,73	2346,4141
676,98	2342,0641
677,23	2340,9141
677,49	2347,14744
677,74	2364,58077
678,00	2340,23077
678,25	2334,6641
678,51	2328,79744
678,76	2315,94744
679,01	2303,28077
679,27	2280,2141
679,52	2281,88077
679,78	2277,4641
680,03	2279,94744
680,28	2276,5641
680,54	2257,6141
680,79	2231,1641
681,05	2224,54744
681,30	2214,68077
681,55	2217,64744
681,81	2220,38077
682,06	2233,64744
682,32	2241,08077
682,57	2241,33077
682,82	2226,08077
683,08	2211,6141
683,33	2179,23077
683,59	2187,14744
683,84	2172,9641
684,09	2189,58077
684,35	2174,53077
684,60	2184,4641
684,86	2172,6141
685,11	2190,9641
685,36	2184,63077
685,62	2201,5141
685,87	2150,98077
686,13	2135,9141
686,38	2097,7141
686,63	2114,24744
686,89	2129,1141
687,14	2157,2641
687,40	2144,98077
687,65	2128,18077
687,90	2109,14744
688,16	2099,84744
688,41	2084,99744
688,66	2060,08077
688,92	2061,59744
689,17	2039,73077
689,43	2031,99744
689,68	2025,9141
689,93	2035,73077
690,19	2037,28077
690,44	2014,9141
690,69	1998,14744
690,95	1991,1641
691,20	2000,43077
691,46	1989,59744
691,71	2001,39744
691,96	1996,99744
692,22	2009,78077
692,47	1987,79744
692,72	1977,99744
692,98	1974,33077
693,23	1975,5641
693,49	1986,6141
693,74	1986,54744
693,99	1990,73077
694,25	1977,29744
694,50	1973,3141
694,75	1964,78077
695,01	1939,73077
695,26	1939,84744
695,51	1934,24744
695,77	1931,89744
696,02	1915,28077
696,27	1908,5641
696,53	1924,13077
696,78	1929,39744
697,04	1930,93077
697,29	1917,93077
697,54	1908,49744
697,80	1887,73077
698,05	1883,99744
698,30	1865,3141
698,56	1859,38077
698,81	1848,63077
699,06	1848,53077
699,32	1838,13077
699,57	1837,34744
699,82	1842,0641
700,08	1835,04744
700,33	1819,43077
700,58	1798,9141
700,84	1793,19744
701,09	1782,5141
701,34	1773,89744
701,60	1768,64744
701,85	1764,94744
702,10	1761,7141
702,36	1767,64744
702,61	1751,49744
702,86	1735,49744
703,12	1702,64744
703,37	1708,18077
703,62	1694,9141
703,88	1688,34744
704,13	1664,49744
704,38	1664,83077
704,64	1684,28077
704,89	1688,19744
705,14	1703,79744
705,40	1694,98077
705,65	1696,4141
705,90	1669,2141
706,16	1641,63077
706,41	1637,5141
706,66	1628,2141
706,92	1631,23077
707,17	1632,4141
707,42	1653,0141
707,68	1634,53077
707,93	1618,6141
708,18	1598,69744
708,44	1622,0141
708,69	1616,9641
708,94	1611,6641
709,19	1595,1141
709,45	1600,2641
709,70	1585,5641
709,95	1577,73077
710,21	1552,3641
710,46	1543,49744
710,71	1554,6641
710,97	1554,4641
711,22	1559,2141
711,47	1529,6641
711,73	1530,23077
711,98	1526,53077
712,23	1526,49744
712,48	1517,84744
712,74	1512,8141
712,99	1513,14744
713,24	1502,4141
713,50	1506,04744
713,75	1527,2141
714,00	1551,5641
714,26	1567,19744
714,51	1583,3141
714,76	1624,0141
715,01	1650,7641
715,27	1691,5141
715,52	1695,64744
715,77	1719,7641
716,03	1715,5641
716,28	1727,99744
716,53	1735,34744
716,78	1713,99744
717,04	1688,84744
717,29	1649,88077
717,54	1621,88077
717,80	1574,54744
718,05	1539,39744
718,30	1508,23077
718,55	1496,4641
718,81	1472,5141
719,06	1465,09744
719,31	1449,98077
719,57	1425,69744
719,82	1413,53077
720,07	1407,44744
720,32	1402,33077
720,58	1400,04744
720,83	1388,7141
721,08	1388,1141
721,33	1372,13077
721,59	1379,3641
721,84	1380,89744
722,09	1385,18077
722,35	1372,7641
722,60	1357,14744
722,85	1346,43077
723,10	1331,38077
723,36	1325,9641
723,61	1313,0141
723,86	1317,9641
724,11	1331,2141
724,37	1321,59744
724,62	1311,3141
724,87	1295,08077
725,12	1295,78077
725,38	1293,83077
725,63	1288,88077
725,88	1281,9141
726,13	1281,53077
726,39	1264,33077
726,64	1280,43077
726,89	1276,58077
727,14	1281,03077
727,40	1268,9141
727,65	1272,29744
727,90	1289,58077
728,15	1290,04744
728,41	1267,9141
728,66	1261,7141
728,91	1247,1141
729,16	1252,48077
729,42	1251,34744
729,67	1255,3641
729,92	1233,9641
730,17	1219,19744
730,43	1212,99744
730,68	1230,93077
730,93	1229,64744
731,18	1220,53077
731,44	1212,99744
731,69	1203,1641
731,94	1205,5641
732,19	1215,4141
732,45	1219,83077
732,70	1234,54744
732,95	1212,4641
733,20	1195,74744
733,45	1185,0141
733,71	1198,74744
733,96	1194,3141
734,21	1195,6641
734,46	1186,5141
734,72	1189,99744
734,97	1182,53077
735,22	1171,9141
735,47	1176,08077
735,72	1166,99744
735,98	1164,14744
736,23	1162,3641
736,48	1169,09744
736,73	1181,14744
736,99	1173,4641
737,24	1175,6141
737,49	1169,4641
737,74	1177,59744
737,99	1194,39744
738,25	1199,23077
738,50	1198,84744
738,75	1174,19744
739,00	1180,69744
739,25	1193,19744
739,51	1197,18077
739,76	1200,1141
740,01	1207,84744
740,26	1227,0141
740,52	1249,69744
740,77	1300,5141
741,02	1353,64744
741,27	1434,1641
741,52	1520,73077
741,78	1612,7641
742,03	1679,99744
742,28	1713,83077
742,53	1771,83077
742,78	1871,69744
743,04	2058,08077
743,29	2260,34744
743,54	2413,18077
743,79	2438,78077
744,04	2386,39744
744,30	2334,4141
744,55	2319,8141
744,80	2395,89744
745,05	2457,59744
745,30	2499,83077
745,55	2500,09744
745,81	2597,99744
746,06	2745,98077
746,31	2868,34744
746,56	2883,59744
746,81	2843,1641
747,07	2821,29744
747,32	2849,18077
747,57	2926,28077
747,82	2880,09744
748,07	2710,5141
748,32	2405,08077
748,58	2147,73077
748,83	1923,84744
749,08	1781,09744
749,33	1656,44744
749,58	1568,38077
749,84	1482,79744
750,09	1408,2641
750,34	1350,2641
750,59	1312,09744
750,84	1271,89744
751,09	1262,03077
751,35	1234,99744
751,60	1224,08077
751,85	1171,44744
752,10	1128,69744
752,35	1120,69744
752,60	1111,34744
752,86	1109,34744
753,11	1074,38077
753,36	1054,24744
753,61	1040,54744
753,86	1021,64744
754,11	1013,5141
754,37	989,18077
754,62	982,3641
754,87	975,99744
755,12	985,2641
755,37	990,79744
755,62	986,99744
755,87	960,79744
756,13	941,0141
756,38	935,2141
756,63	948,63077
756,88	968,04744
757,13	957,94744
757,38	953,1641
757,64	924,5641
757,89	920,6641
758,14	927,29744
758,39	921,4141
758,64	935,28077
758,89	918,28077
759,14	932,73077
759,40	923,04744
759,65	918,59744
759,90	906,7141
760,15	891,83077
760,40	870,73077
760,65	860,5141
760,90	860,4141
761,15	869,69744
761,41	879,58077
761,66	872,99744
761,91	885,7141
762,16	875,04744
762,41	897,4641
762,66	886,28077
762,91	896,04744
763,17	891,49744
763,42	900,74744
763,67	909,8641
763,92	906,09744
764,17	904,1141
764,42	887,2141
764,67	887,68077
764,92	893,13077
765,18	893,09744
765,43	874,33077
765,68	878,34744
765,93	888,63077
766,18	893,68077
766,43	885,39744
766,68	895,09744
766,93	904,8141
767,18	929,19744
767,44	976,83077
767,69	1068,48077
767,94	1185,9641
768,19	1260,1641
768,44	1291,58077
768,69	1276,84744
768,94	1267,53077
769,19	1284,63077
769,44	1336,2141
769,70	1318,13077
769,95	1262,33077
770,20	1157,3141
770,45	1108,7641
770,70	1061,83077
770,95	1023,68077
771,20	976,9641
771,45	976,6641
771,70	964,54744
771,95	969,03077
772,21	970,88077
772,46	977,93077
772,71	995,18077
772,96	998,54744
773,21	1009,9641
773,46	1041,64744
773,71	1065,68077
773,96	1088,98077
774,21	1115,13077
774,46	1161,79744
774,72	1230,44744
774,97	1314,29744
775,22	1421,4641
775,47	1613,8641
775,72	1917,98077
775,97	2428,83077
776,22	3136,59744
776,47	3941,33077
776,72	4529,83077
776,97	4751,73077
777,22	4649,0141
777,47	4500,53077
777,73	4530,43077
777,98	4646,94744
778,23	4525,8641
778,48	3989,14744
778,73	3217,4141
778,98	2563,1641
779,23	2111,94744
779,48	1803,43077
779,73	1560,6141
779,98	1376,6141
780,23	1255,33077
780,48	1169,29744
780,73	1116,63077
780,98	1070,6141
781,24	1028,19744
781,49	976,1141
781,74	927,2141
781,99	898,58077
782,24	877,94744
782,49	863,7141
782,74	844,44744
782,99	832,48077
783,24	816,83077
783,49	810,0641
783,74	797,8141
783,99	805,8641
784,24	789,74744
784,49	780,59744
784,74	763,0641
784,99	765,23077
785,24	745,69744
785,49	716,93077
785,75	731,74744
786,00	754,7141
786,25	756,48077
786,50	730,03077
786,75	701,13077
787,00	717,49744
787,25	713,38077
787,50	721,68077
787,75	710,09744
788,00	727,49744
788,25	706,03077
788,50	695,33077
788,75	676,99744
789,00	679,63077
789,25	677,43077
789,50	663,33077
789,75	666,49744
790,00	678,48077
790,25	685,8641
790,50	719,3141
790,75	732,53077
791,00	733,7141
791,25	727,0141
791,50	708,24744
791,75	710,43077
792,01	716,38077
792,26	726,74744
792,51	743,98077
792,76	731,8141
793,01	747,8641
793,26	751,43077
793,51	810,18077
793,76	882,18077
794,01	986,74744
794,26	1068,1141
794,51	1121,38077
794,76	1127,49744
795,01	1121,24744
795,26	1117,69744
795,51	1126,93077
795,76	1109,98077
796,01	1070,73077
796,26	1002,54744
796,51	921,08077
796,76	842,49744
797,01	775,2141
797,26	748,8141
797,51	710,88077
797,76	708,18077
798,01	684,0641
798,26	691,28077
798,51	669,4141
798,76	643,53077
799,01	628,68077
799,26	611,94744
799,51	610,78077
799,76	600,39744
800,01	612,78077
800,26	602,34744
800,51	603,53077
800,76	591,04744
801,01	596,0641
801,26	580,09744
801,51	570,43077
801,76	565,88077
802,01	559,6641
802,26	562,8641
802,51	571,8141
802,76	574,49744
803,01	563,19744
803,26	536,18077
803,51	529,6641
803,76	529,3641
804,01	539,7141
804,26	529,7141
804,51	517,13077
804,76	502,5641
805,01	503,89744
805,26	501,5641
805,51	498,3141
805,76	491,1141
806,01	524,48077
806,26	535,83077
806,51	535,84744
806,76	491,69744
807,01	474,9141
807,26	474,58077
807,51	471,4641
807,76	471,09744
808,01	475,48077
808,26	492,69744
808,50	496,59744
808,75	495,03077
809,00	488,6641
809,25	500,53077
809,50	497,2641
809,75	508,18077
810,00	504,93077
810,25	503,98077
810,50	516,39744
810,75	523,3141
811,00	547,0641
811,25	539,34744
811,50	552,6141
811,75	550,93077
812,00	542,43077
812,25	528,1641
812,50	500,03077
812,75	495,38077
813,00	487,88077
813,25	496,4641
813,50	500,34744
813,75	496,29744
814,00	502,33077
814,25	505,73077
814,50	530,14744
814,74	529,23077
814,99	548,4641
815,24	533,44744
815,49	547,19744
815,74	544,69744
815,99	576,24744
816,24	598,19744
816,49	624,44744
816,74	666,8141
816,99	709,74744
817,24	800,6641
817,49	905,5141
817,74	1104,98077
817,99	1275,93077
818,24	1400,2641
818,49	1427,89744
818,74	1413,9641
818,98	1453,08077
819,23	1509,0141
819,48	1581,24744
819,73	1535,59744
819,98	1489,24744
820,23	1454,18077
820,48	1578,28077
820,73	1777,83077
820,98	2015,7641
821,23	2151,0641
821,48	2206,2141
821,73	2204,2641
821,98	2233,5141
822,23	2252,84744
822,47	2214,98077
822,72	2092,3641
822,97	1934,3141
823,22	1801,1641
823,47	1698,33077
823,72	1595,19744
823,97	1480,23077
824,22	1352,08077
824,47	1228,28077
824,72	1170,68077
824,97	1122,4141
825,22	1067,13077
825,46	965,43077
825,71	879,4141
825,96	823,29744
826,21	816,74744
826,46	858,5141
826,71	917,5141
826,96	949,69744
827,21	905,8641
827,46	845,23077
827,71	819,39744
827,96	832,58077
828,20	825,74744
828,45	764,69744
828,70	689,39744
828,95	621,99744
829,20	578,14744
829,45	545,0641
829,70	522,54744
829,95	500,39744
830,20	478,9641
830,45	484,98077
830,69	476,63077
830,94	468,8641
831,19	452,68077
831,44	431,19744
831,69	435,18077
831,94	422,59744
832,19	432,69744
832,44	409,6141
832,69	405,3141
832,93	401,09744
833,18	417,69744
833,43	404,69744
833,68	390,8141
833,93	385,8641
834,18	392,43077
834,43	399,48077
834,68	386,4141
834,92	372,3641
835,17	372,4641
835,42	381,53077
835,67	396,8141
835,92	382,8641
836,17	368,0641
836,42	351,18077
836,67	335,8141
836,91	349,33077
837,16	357,84744
837,41	359,2141
837,66	371,9641
837,91	387,7641
838,16	398,44744
838,41	380,69744
838,66	355,8641
838,90	371,0641
839,15	362,63077
839,40	373,13077
839,65	355,59744
839,90	355,33077
840,15	362,7141
840,40	359,7641
840,64	378,73077
840,89	365,78077
841,14	386,43077
841,39	383,5141
841,64	390,6141
841,89	400,6141
842,14	393,68077
842,38	435,0141
842,63	456,53077
842,88	491,7641
843,13	516,59744
843,38	595,73077
843,63	728,18077
843,87	908,1641
844,12	1038,5141
844,37	1088,79744
844,62	1037,19744
844,87	995,34744
845,12	1019,54744
845,37	1015,4141
845,61	949,14744
845,86	803,38077
846,11	684,89744
846,36	586,5641
846,61	527,59744
846,86	479,43077
847,10	452,0141
847,35	437,1141
847,60	414,0141
847,85	395,84744
848,10	367,08077
848,35	359,38077
848,59	356,6141
848,84	338,4641
849,09	339,64744
849,34	323,13077
849,59	329,7141
849,84	300,5641
850,08	308,78077
850,33	293,93077
850,58	299,29744
850,83	301,34744
851,08	294,99744
851,32	287,78077
851,57	278,83077
851,82	302,33077
852,07	307,39744
852,32	320,4641
852,57	292,9141
852,81	309,7141
853,06	286,78077
853,31	303,69744
853,56	285,24744
853,81	285,69744
854,05	285,63077
854,30	279,4641
854,55	282,1641
854,80	272,74744
855,05	310,6641
855,29	313,99744
855,54	328,3141
855,79	314,69744
856,04	332,3641
856,29	348,9641
856,53	368,78077
856,78	367,7641
857,03	356,6141
857,28	354,44744
857,53	361,7641
857,77	384,5141
858,02	372,74744
858,27	378,33077
858,52	387,6141
858,77	415,33077
859,01	440,08077
859,26	447,4641
859,51	455,54744
859,76	442,29744
860,01	447,5141
860,25	440,1641
860,50	447,8141
860,75	426,89744
861,00	423,68077
861,25	414,6641
861,49	427,09744
861,74	448,64744
861,99	493,2641
862,24	570,34744
862,48	646,6141
862,73	685,1641
862,98	675,68077
863,23	685,1141
863,48	704,68077
863,72	722,24744
863,97	695,7641
864,22	646,3141
864,47	578,59744
864,71	533,19744
864,96	532,79744
865,21	542,69744
865,46	537,58077
865,70	523,89744
865,95	525,84744
866,20	562,33077
866,45	625,33077
866,70	712,44744
866,94	850,8141
867,19	1039,2141
867,44	1316,7141
867,69	1537,8641
867,93	1638,03077
868,18	1626,43077
868,43	1598,79744
868,68	1583,89744
868,92	1514,3141
869,17	1367,89744
869,42	1221,0641
869,67	1086,59744
869,91	996,63077
870,16	912,93077
870,41	889,9141
870,66	914,79744
870,90	950,13077
871,15	933,3641
871,40	892,64744
871,65	846,6141
871,89	801,74744
872,14	741,73077
872,39	681,33077
872,64	622,48077
872,88	554,44744
873,13	481,43077
873,38	424,2641
873,63	408,7641
873,87	383,49744
874,12	348,03077
874,37	303,3641
874,62	290,74744
874,86	293,9141
875,11	290,4641
875,36	279,28077
875,60	256,68077
875,85	252,5641
876,10	248,59744
876,35	257,7141
876,59	242,19744
876,84	227,2141
877,09	225,68077
877,34	229,14744
877,58	224,04744
877,83	211,63077
878,08	200,7641
878,32	195,08077
878,57	181,8141
878,82	191,49744
879,07	186,48077
879,31	191,83077
879,56	183,6141
879,81	184,89744
880,06	177,44744
880,30	165,5141
880,55	192,83077
880,80	205,19744
881,04	214,8141
881,29	225,44744
881,54	241,0641
881,79	241,8641
882,03	204,54744
882,28	207,63077
882,53	212,98077
882,77	228,5641
883,02	207,54744
883,27	196,6641
883,51	174,6641
883,76	174,94744
884,01	181,5141
884,26	174,59744
884,50	165,13077
884,75	142,19744
885,00	148,2641
885,24	149,18077
885,49	151,4141
885,74	165,99744
885,98	145,33077
886,23	140,13077
886,48	127,4641
886,73	154,73077
886,97	166,23077
887,22	155,88077
887,47	134,83077
887,71	122,48077
887,96	120,33077
888,21	134,19744
888,45	141,99744
888,70	156,9141
888,95	141,39744
889,19	133,84744
889,44	123,29744
889,69	131,94744
889,93	116,33077
890,18	125,83077
890,43	130,1641
890,67	149,49744
890,92	128,83077
891,17	137,2641
891,42	147,68077
891,66	174,6641
891,91	167,14744
892,16	162,7641
892,40	165,9641
892,65	161,53077
892,90	153,1641
893,14	138,54744
893,39	138,0641
893,64	134,18077
893,88	116,5141
894,13	131,04744
894,38	142,04744
894,62	150,0141
894,87	126,23077
895,12	108,48077
895,36	110,39744
895,61	114,1141
895,86	120,03077
896,10	115,1141
896,35	110,04744
896,60	98,69744
896,84	97,39744
897,09	105,0641
897,33	122,99744
897,58	124,88077
897,83	129,64744
898,07	125,5141
898,32	133,0141
898,57	134,88077
898,81	144,23077
899,06	158,18077
899,31	183,23077
899,55	185,0641
899,80	162,53077
900,05	135,09744
900,29	125,7141
900,54	154,4141
900,79	156,43077
901,03	158,98077
901,28	153,18077
901,52	176,1641
901,77	202,59744
902,02	219,03077
902,26	201,0141
902,51	196,64744
902,76	178,6141
903,00	208,63077
903,25	212,74744
903,50	244,53077
903,74	257,3641
903,99	295,4641
904,23	342,7641
904,48	384,4641
904,73	422,99744
904,97	431,73077
905,22	440,3141
905,47	415,33077
905,71	397,33077
905,96	357,74744
906,20	339,6641
906,45	307,59744
906,70	290,73077
906,94	265,04744
907,19	242,83077
907,44	217,39744
907,68	191,24744
907,93	181,89744
908,17	156,1141
908,42	161,38077
908,67	140,64744
908,91	160,89744
909,16	164,49744
909,40	162,9641
909,65	143,1641
909,90	129,23077
910,14	128,18077
910,39	115,09744
910,63	116,19744
910,88	125,89744
911,13	158,19744
911,37	153,94744
911,62	140,4141
911,86	118,2641
912,11	117,63077
912,36	129,64744
912,60	132,38077
912,85	143,6141
913,09	139,1641
913,34	151,43077
913,59	122,1141
913,83	129,23077
914,08	110,64744
914,32	134,04744
914,57	129,43077
914,82	139,9641
915,06	131,98077
915,31	126,34744
915,55	129,34744
915,80	140,03077
916,05	128,1641
916,29	107,1141
916,54	89,34744
916,78	107,8141
917,03	125,0641
917,27	126,49744
917,52	109,44744
917,77	109,03077
918,01	110,79744
918,26	103,59744
918,50	89,88077
918,75	85,7641
919,00	91,69744
919,24	89,59744
919,49	75,8141
919,73	85,09744
919,98	81,69744
920,22	95,3641
920,47	87,74744
920,72	85,34744
920,96	80,1641
921,21	79,39744
921,45	89,9641
921,70	84,39744
921,94	92,33077
922,19	96,73077
922,43	102,33077
922,68	123,64744
922,93	126,03077
923,17	124,98077
923,42	89,4141
923,66	86,73077
923,91	86,39744
924,15	101,58077
924,40	104,48077
924,64	107,44744
924,89	106,69744
925,14	111,2141
925,38	124,68077
925,63	154,63077
925,87	181,8641
926,12	221,7141
926,36	233,6641
926,61	248,1641
926,85	331,89744
927,10	333,34744
927,35	326,5641
927,59	246,14744
927,84	228,24744
928,08	222,2141
928,33	195,18077
928,57	190,78077
928,82	183,8141
929,06	178,18077
929,31	171,04744
929,55	155,1641
929,80	154,48077
930,04	142,98077
930,29	135,63077
930,54	124,99744
930,78	119,0141
931,03	105,3141
931,27	113,08077
931,52	110,89744
931,76	116,4641
932,01	88,89744
932,25	85,18077
932,50	97,18077
932,74	99,94744
932,99	119,09744
933,23	100,0641
933,48	110,03077
933,72	92,33077
933,97	84,28077
934,21	104,69744
934,46	117,88077
934,70	138,58077
934,95	112,09744
935,19	84,0641
935,44	65,5641
935,68	65,0141
935,93	78,93077
936,18	87,13077
936,42	85,18077
936,67	77,44744
936,91	87,69744
937,16	114,48077
937,40	115,5641
937,65	94,19744
937,89	82,58077
938,14	104,0641
938,38	145,1141
938,63	188,38077
938,87	231,93077
939,12	271,3641
939,36	314,3641
939,61	325,9141
939,85	297,44744
940,10	227,24744
940,34	185,3141
940,59	156,94744
940,83	128,58077
941,08	114,59744
941,32	109,54744
941,57	120,29744
941,81	92,29744
942,06	79,09744
942,30	66,6141
942,55	74,0641
942,79	56,5141
943,03	53,18077
943,28	58,58077
943,52	94,03077
943,77	78,53077
944,01	54,14744
944,26	17,7641
944,50	15,18077
944,75	46,4141
944,99	65,64744
945,24	73,44744
945,48	73,2141
945,73	124,19744
945,97	120,8141
946,22	103,48077
946,46	48,68077
946,71	67,6141
946,95	67,04744
947,20	50,69744
947,44	34,63077
947,69	37,18077
947,93	41,88077
948,17	36,1141
948,42	25,19744
948,66	31,24744
948,91	24,2141
949,15	18,39744
949,40	9,6141
949,64	23,34744
949,89	31,0641
950,13	33,43077
950,38	21,43077
950,62	27,44744
950,87	34,08077
951,11	54,6141
951,35	44,0141
951,60	41,48077
951,84	26,54744
952,09	29,39744
952,33	25,9641
952,58	36,4141
952,82	22,6641
953,07	16,2141
953,31	15,53077
953,56	30,53077
953,80	32,93077
954,04	4,2641
954,29	-15,6859
954,53	-25,31923
954,78	-16,70256
955,02	-3,56923
955,27	3,68077
955,51	11,54744
955,76	13,2141
956,00	18,9641
956,24	13,08077
956,49	18,93077
956,73	24,39744
956,98	28,0641
957,22	46,14744
957,47	54,09744
957,71	45,14744
957,95	33,8141
958,20	28,04744
958,44	50,89744
958,69	36,1641
958,93	31,83077
959,18	21,94744
959,42	37,89744
959,66	25,4641
959,91	12,2141
960,15	-9,1359
960,40	-2,7359
960,64	6,54744
960,89	22,08077
961,13	126,94744
961,37	142,8141
961,62	145,38077
961,86	45,84744
962,11	43,48077
962,35	23,1641
962,59	19,73077
962,84	-8,90256
963,08	9,28077
963,33	9,43077
963,57	19,13077
963,81	4,93077
964,06	4,53077
964,30	22,59744
964,55	8,3141
964,79	35,39744
965,04	37,04744
965,28	45,39744
965,52	20,23077
965,77	5,73077
966,01	16,04744
966,26	15,09744
966,50	21,6641
966,74	26,89744
966,99	34,1141
967,23	32,8141
967,48	22,6641
967,72	13,09744
967,96	-0,1859
968,21	10,58077
968,45	6,53077
968,69	14,04744
968,94	26,6141
969,18	20,0641
969,43	8,48077
969,67	-6,76923
969,91	10,14744
970,16	22,99744
970,40	18,3641
970,65	9,33077
970,89	-8,56923
971,13	-6,5359
971,38	-4,7359
971,62	32,0641
971,86	29,19744
972,11	34,4641
972,35	8,49744
972,60	19,98077
972,84	28,99744
973,08	28,74744
973,33	15,38077
973,57	11,78077
973,81	21,4141
974,06	19,94744
974,30	-1,55256
974,55	0,88077
974,79	16,64744
975,03	28,93077
975,28	22,2141
975,52	1,0641
975,76	3,09744
976,01	-0,40256
976,25	13,28077
976,50	8,28077
976,74	19,38077
976,98	25,83077
977,23	20,44744
977,47	19,44744
977,71	11,63077
977,96	2,33077
978,20	-17,46923
978,44	-28,91923
978,69	-0,8859
978,93	12,3141
979,17	20,19744
979,42	13,0641
979,66	11,09744
979,90	21,23077
980,15	41,69744
980,39	48,93077
980,64	31,5141
980,88	26,43077
981,12	27,53077
981,37	27,99744
981,61	16,69744
981,85	-0,66923
982,10	6,04744
982,34	-16,95256
982,58	-2,66923
982,83	-17,90256
983,07	-14,00256
983,31	-17,50256
983,56	-15,70256
983,80	-3,30256
984,04	-1,05256
984,29	20,84744
984,53	21,23077
984,77	19,13077
985,02	20,18077
985,26	0,0141
985,50	19,99744
985,75	6,0141
985,99	25,9641
986,23	3,98077
986,48	8,69744
986,72	6,19744
986,96	24,4141
987,20	25,59744
987,45	21,49744
987,69	-3,4859
987,93	5,39744
988,18	19,93077
988,42	32,83077
988,66	25,84744
988,91	8,79744
989,15	3,58077
989,39	-7,30256
989,64	-13,4359
989,88	-9,90256
990,12	-5,16923
990,37	7,1641
990,61	6,7141
990,85	-2,2359
991,10	-14,9859
991,34	-17,4359
991,58	-10,86923
991,82	-9,8359
992,07	-11,9859
992,31	-5,71923
992,55	-12,20256
992,80	-16,71923
993,04	-11,46923
993,28	16,63077
993,53	22,3141
993,77	12,78077
994,01	-15,20256
994,25	-19,86923
994,50	-13,9859
994,74	3,93077
994,98	1,9141
995,23	-3,80256
995,47	-2,46923
995,71	-3,26923
995,95	-2,4359
996,20	7,59744
996,44	15,79744
996,68	10,78077
996,93	-10,6359
997,17	-12,1359
997,41	-4,25256
997,65	-9,6859
997,90	-18,70256
998,14	-27,76923
998,38	-11,70256
998,63	-8,8359
998,87	-5,70256
999,11	-22,61923
999,35	-17,21923
999,60	-23,06923
999,84	-12,10256
1000,08	8,8141
1000,32	21,23077
1000,57	20,9641
1000,81	20,78077
1001,05	19,2641
1001,30	30,64744
1001,54	12,64744
1001,78	28,04744
1002,02	19,5141
1002,27	24,09744
1002,51	0,34744
1002,75	1,53077
1002,99	-11,50256
1003,24	-13,1359
1003,48	-14,00256
1003,72	-25,26923
1003,96	-17,01923
1004,21	-9,91923
1004,45	16,18077
1004,69	17,19744
1004,93	11,98077
1005,18	8,5641
1005,42	15,98077
1005,66	2,6641
1005,90	-9,65256
1006,15	-29,21923
1006,39	-9,80256
1006,63	13,54744
1006,87	29,94744
1007,12	22,09744
1007,36	17,1641
1007,60	22,08077
1007,84	12,78077
1008,09	6,03077
1008,33	-12,85256
1008,57	-2,4859
1008,81	1,0141
1009,06	3,43077
1009,30	0,5641
1009,54	2,9641
1009,78	12,29744
1010,03	14,43077
1010,27	0,74744
1010,51	5,8141
1010,75	6,54744
1010,99	22,08077
1011,24	24,39744
1011,48	58,99744
1011,72	56,99744
1011,96	69,9641
1012,21	46,03077
1012,45	44,3141
1012,69	33,8641
1012,93	22,14744
1013,18	26,38077
1013,42	20,43077
1013,66	28,69744
1013,90	15,19744
1014,14	12,23077
1014,39	14,74744
1014,63	16,38077
1014,87	27,94744
1015,11	11,38077
1015,35	-6,30256
1015,60	1,73077
1015,84	14,6641
1016,08	21,84744
1016,32	5,5641
1016,57	-8,8859
1016,81	-4,26923
1017,05	-4,7859
1017,29	4,99744
1017,53	6,4141
1017,78	4,8141
1018,02	-9,10256
1018,26	-0,46923
1018,50	-8,9859
1018,74	13,7641
1018,99	-1,11923
1019,23	-7,2359
1019,47	-25,06923
1019,71	-11,26923
1019,95	4,89744
1020,20	4,24744
1020,44	-8,91923
1020,68	-11,2359
1020,92	7,8641
1021,16	7,8641
1021,41	6,3141
1021,65	-19,6359
1021,89	-20,70256
1022,13	-28,5359
1022,37	-26,4359
1022,61	-32,10256
1022,86	-35,3359
1023,10	-11,95256
1023,34	-6,11923
1023,58	4,33077
1023,82	-22,31923
1024,07	-16,31923
1024,31	-7,26923
1024,55	-0,7359
1024,79	5,89744
1025,03	-16,31923
1025,27	-7,46923
1025,52	-26,76923
1025,76	-23,50256
1026,00	-16,21923
1026,24	-9,75256
1026,48	-9,80256
1026,73	-15,25256
1026,97	8,34744
1027,21	17,48077
1027,45	19,0641
1027,69	0,54744
1027,93	7,09744
1028,18	4,4141
1028,42	13,13077
1028,66	8,69744
1028,90	12,03077
1029,14	4,08077
1029,38	-10,41923
1029,62	-4,55256
1029,87	-3,30256
1030,11	14,29744
1030,35	-3,86923
1030,59	-4,30256
1030,83	-19,96923
1031,07	-23,2359
1031,32	-34,6359
1031,56	-10,76923
1031,80	5,5641
1032,04	23,1641
1032,28	1,03077
1032,52	-1,10256
1032,76	-5,40256
1033,01	-6,8359
1033,25	-0,8359
1033,49	-4,65256
1033,73	-3,05256
1033,97	-25,5859
1034,21	-35,36923
1034,45	-41,1359
1034,70	-42,9359
1034,94	-29,40256
1035,18	60,14744
1035,42	70,4641
1035,66	84,64744
1035,90	12,19744
1036,14	-3,9859
1036,39	-7,76923
1036,63	-24,20256
1036,87	15,63077
1037,11	1,89744
1037,35	10,09744
1037,59	2,5641
1037,83	19,88077
1038,07	47,48077
1038,32	27,98077
1038,56	11,2141
1038,80	11,6641
1039,04	26,99744
1039,28	38,18077
1039,52	13,73077
1039,76	-3,1359
1040,00	-5,96923
1040,25	-22,6859
1040,49	-16,01923
1040,73	-20,41923
1040,97	-10,36923
1041,21	1,24744
1041,45	9,03077
1041,69	30,5641
1041,93	7,03077
1042,17	-0,86923
1042,42	-24,85256
1042,66	-19,90256
1042,90	-9,2859
1043,14	-18,41923
1043,38	-5,36923
1043,62	-21,36923
1043,86	-11,1359
1044,10	-10,65256
1044,34	14,69744
1044,59	20,98077
1044,83	14,54744
1045,07	-6,10256
1045,31	-5,71923
1045,55	-12,6359
1045,79	-37,01923
1046,03	-28,10256
1046,27	-10,26923
1046,51	11,9141
1046,75	-6,2859
1047,00	-18,21923
1047,24	-14,3359
1047,48	-9,81923
1047,72	-9,16923
1047,96	-17,9359
1048,20	-8,80256
1048,44	-1,7359
1048,68	-2,86923
1048,92	-15,45256
1049,16	-34,36923
1049,40	-31,85256
1049,64	-34,55256
1049,89	-15,10256
1050,13	-11,8859
1050,37	16,2641
1050,61	14,18077
1050,85	24,99744
1051,09	10,13077
1051,33	8,84744
1051,57	12,73077
1051,81	7,38077
1052,05	7,3141
1052,29	15,53077
1052,53	3,0141
1052,77	21,34744
1053,02	0,2141
1053,26	18,29744
1053,50	-0,8859
1053,74	-6,3859
1053,98	-12,75256
1054,22	-28,0859
1054,46	-21,45256
1054,70	-16,76923
1054,94	-18,1359
1055,18	-18,55256
1055,42	-8,95256
1055,66	-0,0359
1055,90	-9,66923
1056,14	-16,00256
1056,38	2,28077
1056,62	4,0141
1056,86	7,09744
1057,11	-4,9859
1057,35	-5,3859
1057,59	-30,4859
1057,83	-21,91923
1058,07	-7,16923
1058,31	32,29744
1058,55	31,6141
1058,79	18,64744
1059,03	-17,66923
1059,27	-21,2359
1059,51	-19,7359
1059,75	-8,8859
1059,99	-24,65256
1060,23	-22,61923
1060,47	-1,9859
1060,71	20,74744
1060,95	0,39744
1061,19	-24,16923
1061,43	-38,90256
1061,67	-7,70256
1061,91	3,1141
1062,15	-5,50256
1062,39	-23,15256
1062,64	-14,66923
1062,88	-6,90256
1063,12	2,58077
1063,36	14,23077
1063,60	41,24744
1063,84	90,23077
1064,08	196,8641
1064,32	370,6641
1064,56	463,19744
1064,80	407,5141
1065,04	275,14744
1065,28	158,6141
1065,52	115,5641
1065,76	64,2141
1066,00	56,4141
1066,24	31,24744
1066,48	28,3141
1066,72	16,48077
1066,96	7,5141
1067,20	-13,1859
1067,44	-16,01923
1067,68	-14,0859
1067,92	-12,51923
1068,16	-6,2859
1068,40	5,0141
1068,64	17,14744
1068,88	16,28077
1069,12	-1,95256
1069,36	3,14744
1069,60	-15,95256
1069,84	16,34744
1070,08	3,6641
1070,32	22,6141
1070,56	-3,25256
1070,80	-4,85256
1071,04	28,5641
1071,28	26,48077
1071,52	36,84744
1071,76	-9,76923
1072,00	1,5141
1072,24	-13,71923
1072,48	-10,26923
1072,72	-11,95256
1072,96	5,23077
1073,20	-7,9359
1073,44	1,93077
1073,68	-0,1359
1073,92	16,0641
1074,16	-4,10256
1074,40	-8,00256
1074,64	-20,7359
1074,88	-17,11923
1075,12	-9,85256
1075,36	-5,7359
1075,60	3,73077
1075,84	-7,95256
1076,08	-5,06923
1076,32	-13,55256
1076,56	-16,40256
1076,80	-17,4859
1077,04	-30,25256
1077,28	-30,36923
1077,52	-43,26923
1077,76	-47,15256
1078,00	-38,45256
1078,24	-2,56923
1078,48	12,39744
1078,71	5,63077
1078,95	-11,65256
1079,19	-26,10256
1079,43	-42,41923
1079,67	-46,66923
1079,91	-26,7859
1080,15	-13,3859
1080,39	-16,9859
1080,63	-17,55256
1080,87	-17,26923
1081,11	-14,1859
1081,35	-16,76923
1081,59	-3,31923
1081,83	-2,95256
1082,07	-16,95256
1082,31	-24,56923
1082,55	-27,9359
1082,79	-20,4859
1083,03	-14,5359
1083,27	-27,11923
1083,51	-22,56923
1083,75	-28,85256
1083,99	0,64744
1084,22	1,58077
1084,46	-2,2859
1084,70	-2,75256
1084,94	-9,4859
1085,18	-8,70256
1085,42	-33,2359
1085,66	-27,8859
1085,90	-30,0359
1086,14	-8,00256
1086,38	11,29744
1086,62	3,99744
1086,86	10,04744
1087,10	-8,0359
1087,34	4,0141
1087,58	-18,31923
1087,82	-22,56923
1088,06	-13,86923
1088,29	8,98077
1088,53	2,2141
1088,77	-13,2859
1089,01	-17,46923
1089,25	-10,20256
1089,49	-1,05256
1089,73	-15,66923
1089,97	-7,11923
1090,21	-15,0359
1090,45	-7,40256
1090,69	-17,0859
1090,93	-19,31923
1091,17	-34,30256
1091,40	-12,26923
1091,64	-15,25256
1091,88	-8,86923
1092,12	-32,8859
1092,36	-23,66923
1092,60	-24,3359
1092,84	-9,05256
1093,08	-0,80256
1093,32	7,5641
1093,56	5,9641
1093,80	15,74744
1094,04	10,1141
1094,27	-0,50256
1094,51	-4,3359
1094,75	4,4641
1094,99	9,0641
1095,23	-0,1859
1095,47	85,9641
1095,71	80,64744
1095,95	76,39744
1096,19	-15,3359
1096,43	-7,20256
1096,66	-23,9359
1096,90	-31,61923
1097,14	-31,6359
1097,38	-32,81923
1097,62	-25,85256
1097,86	-29,41923
1098,10	-8,60256
1098,34	-2,70256
1098,58	-11,56923
1098,81	-11,2359
1099,05	-9,40256
1099,29	19,3141
1099,53	27,54744
1099,77	21,1141
1100,01	-9,76923
1100,25	-16,5359
1100,49	-12,50256
1100,73	18,28077
1100,96	35,0141
1101,20	42,4141
1101,44	6,43077
1101,68	-8,1859
1101,92	-22,45256
1102,16	-8,7859
1102,40	-3,95256
1102,64	2,23077
1102,87	8,53077
1103,11	-5,15256
1103,35	-4,8359
1103,59	-15,6859
1103,83	-16,26923
1104,07	-3,80256
1104,31	0,14744
1104,55	1,6641
1104,78	-21,9359
1105,02	-11,5359
1105,26	-21,7359
1105,50	-11,2359
1105,74	-30,51923
1105,98	-19,30256
1106,22	-4,3359
1106,45	-1,60256
1106,69	-9,51923
1106,93	-18,9359
1107,17	-16,11923
1107,41	-15,61923
1107,65	-24,61923
1107,89	-17,81923
1108,12	-11,9359
1108,36	-27,2359
1108,60	-24,6859
1108,84	-22,55256
1109,08	-12,91923
1109,32	-14,55256
1109,55	-19,7859
1109,79	3,6141
1110,03	-6,36923
1110,27	-0,60256
1110,51	-18,6359
1110,75	-23,0359
1110,99	-27,25256
1111,22	-38,9359
1111,46	-35,10256
1111,70	-40,31923
1111,94	-47,55256
1112,18	-54,45256
1112,42	-46,25256
1112,65	-25,90256
1112,89	-11,3359
1113,13	-19,1359
1113,37	-17,30256
1113,61	-12,61923
1113,85	11,34744
1114,08	2,6141
1114,32	-11,11923
1114,56	-14,2859
1114,80	-10,01923
1115,04	6,44744
1115,28	-12,91923
1115,51	-6,81923
1115,75	-4,1359
1115,99	-0,1359
1116,23	-1,45256
1116,47	-4,11923
1116,70	-6,91923
1116,94	-18,30256
1117,18	-10,40256
1117,42	-14,61923
1117,66	0,63077
1117,90	-26,3859
1118,13	-24,01923
1118,37	-48,35256
1118,61	-41,65256
1118,85	-32,8359
1119,09	-31,50256
1119,32	-21,40256
1119,56	-19,8359
1119,80	-24,46923
1120,04	-40,56923
1120,28	-31,70256
1120,51	-22,8859
1120,75	-12,35256
1120,99	-29,96923