194,56	-69,66
194,83	-69,66
195,09	-65,10333
195,36	-41,82
195,63	-18,95
195,90	-1,95
196,17	-5,56667
196,44	-10,56
196,71	-6,71333
196,97	-3,94333
197,24	6,02333
197,51	-1,79667
197,78	2,83
198,05	2,13
198,32	7,12
198,59	1,79667
198,86	2,75667
199,12	0,77333
199,39	3,96
199,66	3,88
199,93	9,30667
200,20	8,44667
200,47	2,25
200,74	0,50333
201,00	-1,3
201,27	0,71
201,54	-3,39333
201,81	3,24
202,08	-1,52667
202,35	3,27333
202,61	1,30333
202,88	17,18333
203,15	10,67
203,42	8,14333
203,69	-2,98667
203,96	-0,25
204,23	-0,69
204,49	-1,96667
204,76	6,66
205,03	10,26333
205,30	11,34667
205,57	4,50667
205,84	4,87667
206,10	13,17
206,37	15,12333
206,64	16,09
206,91	12,81
207,18	9,07333
207,45	9,16333
207,71	4,26667
207,98	10,14667
208,25	5,02333
208,52	3,22333
208,79	-0,08
209,06	3,13333
209,32	6,56667
209,59	8,40667
209,86	-0,50667
210,13	1,54667
210,40	4,63
210,67	14,20333
210,93	12,36333
211,20	4,75
211,47	3,37667
211,74	9,78
212,01	9,76
212,28	14,12
212,54	15,43333
212,81	17,18333
213,08	13,64333
213,35	10,91
213,62	15,13667
213,88	18,33
214,15	13,59
214,42	9,86
214,69	9,59
214,96	11,24
215,23	19,81
215,49	16,79
215,76	16,19667
216,03	13,17
216,30	8,73
216,57	4,61
216,83	1,56333
217,10	4,16333
217,37	9,29333
217,64	18,25
217,91	21,15333
218,17	12,45
218,44	-2,65667
218,71	-3,60333
218,98	3,13667
219,25	14,36
219,51	16,43667
219,78	15,50667
220,05	10,13667
220,32	5,90667
220,59	7,85667
220,85	8,56667
221,12	14,33
221,39	18,98
221,66	17,86
221,93	11,01667
222,19	3,28333
222,46	8,45333
222,73	12,58
223,00	19,35667
223,27	13,94
223,53	13,76667
223,80	10,97333
224,07	14,43667
224,34	19,08667
224,61	16,75667
224,87	9,96
225,14	1,40667
225,41	1,93333
225,68	10,89333
225,94	15,83667
226,21	17,77
226,48	11,52333
226,75	11,75667
227,02	6,73667
227,28	9,00333
227,55	3,65667
227,82	5,64
228,09	-2,12
228,36	-2,02
228,62	0,9
228,89	8,41333
229,16	11,00333
229,43	9,54333
229,69	8,33
229,96	8,86333
230,23	6,28333
230,50	9,87667
230,76	5,81333
231,03	7,52
231,30	6,38667
231,57	10,31667
231,84	9,33
232,10	6,35
232,37	6,22667
232,64	3,29333
232,91	3,84333
233,17	7,50667
233,44	10,79333
233,71	11,63333
233,98	4,89
234,24	5,33
234,51	10,71
234,78	14,33667
235,05	18,40667
235,31	14,30333
235,58	12,24
235,85	5,58
236,12	0,33
236,39	7,57333
236,65	11,78
236,92	25,79667
237,19	24,01667
237,46	33,76333
237,72	24,46
237,99	18,50667
238,26	8,82
238,53	15,16
238,79	13,74333
239,06	13,44
239,33	3,29333
239,60	2,42333
239,86	-2,50333
240,13	-2,39333
240,40	-3,22333
240,67	5,84667
240,93	8,92
241,20	9,20333
241,47	1,46667
241,73	2,19667
242,00	3,93333
242,27	7,58333
242,54	6,55
242,80	7,05
243,07	10,17667
243,34	11,15
243,61	22,01
243,87	15,65
244,14	13,85667
244,41	1,99
244,68	3,90667
244,94	6,15333
245,21	8,58333
245,48	11,85333
245,74	9,22667
246,01	13,6
246,28	9,50333
246,55	8,97667
246,81	1,73
247,08	3,84667
247,35	6,68333
247,62	7,27
247,88	1,58333
248,15	4,25
248,42	16,67
248,68	19,26667
248,95	13,03667
249,22	3,32667
249,49	6,24667
249,75	7,66333
250,02	9,72667
250,29	6,89667
250,56	11,98
250,82	15,32
251,09	17,26667
251,36	17,96667
251,62	9,27
251,89	10,17667
252,16	14,87
252,43	23,82667
252,69	21,09667
252,96	11,01333
253,23	7,59667
253,49	9,73667
253,76	12,87667
254,03	20,12333
254,29	20,67333
254,56	20,49333
254,83	11,75333
255,10	4,43
255,36	3,09667
255,63	6,59667
255,90	14,42333
256,16	14,95
256,43	6,96333
256,70	8,18
256,96	7,75
257,23	11,63667
257,50	9,43667
257,77	12,45
258,03	11,51333
258,30	13,81
258,57	6,39
258,83	7,64
259,10	4,13667
259,37	6,10667
259,63	2,58333
259,90	8,15667
260,17	6,98
260,43	10,18
260,70	4,49333
260,97	12,56333
261,24	14,35667
261,50	15,38667
261,77	10,52
262,04	6,27
262,30	3,54333
262,57	2,32667
262,84	5,57
263,10	14,77333
263,37	18,24667
263,64	13,00667
263,90	4,27667
264,17	1,44667
264,44	3,82667
264,70	3,69667
264,97	7,34667
265,24	14,35
265,50	19,14
265,77	19,57667
266,04	13,90333
266,30	9,81333
266,57	2,46
266,84	1,95
267,10	2,68667
267,37	12,88333
267,64	15,38
267,90	19,92667
268,17	16,17
268,44	11,97333
268,70	5,58333
268,97	-3,37
269,24	-0,15333
269,50	3,92
269,77	10,61667
270,04	13,69
270,30	10,50333
270,57	13,33333
270,84	5,33
271,10	10,16
271,37	6,48333
271,64	15,23667
271,90	23,45333
272,17	24,87
272,44	21,41667
272,70	11,51333
272,97	9,25333
273,24	5,87667
273,50	7,93
273,77	12,67667
274,04	14,16
274,30	11,01667
274,57	6,36
274,84	11,69333
275,10	12,87667
275,37	12,92333
275,64	6,42333
275,90	0,92
276,17	-0,66
276,43	3,12667
276,70	2,93667
276,97	2,18333
277,23	5,21667
277,50	6,60333
277,77	3,82333
278,03	-6,97333
278,30	-3,36333
278,57	-2,68333
278,83	1
279,10	2,59667
279,37	1,14333
279,63	1,76
279,90	5,15
280,16	12,16667
280,43	16,33
280,70	12,00333
280,96	16,96
281,23	15,78667
281,50	12,18333
281,76	5,66
282,03	5,93333
282,29	9,04333
282,56	9,36667
282,83	5,75667
283,09	1,41
283,36	3,05333
283,63	4,72667
283,89	8,24
284,16	8,54333
284,42	9,97667
284,69	10,19667
284,96	8,05333
285,22	6,15667
285,49	7,21333
285,76	8,44
286,02	15,73
286,29	18,17
286,55	17,24667
286,82	9,35
287,09	2,97667
287,35	6,81
287,62	5,27667
287,88	7,68667
288,15	-0,02
288,42	-1,33333
288,68	3,02667
288,95	7,19
289,22	13,19
289,48	10,98667
289,75	11,97667
290,01	11,55333
290,28	5,51333
290,55	6,82
290,81	1,69333
291,08	7,94333
291,34	10,44333
291,61	16,70333
291,88	15,8
292,14	7,79333
292,41	5,59333
292,67	11,81
292,94	17,68333
293,21	17,55667
293,47	13,07667
293,74	13,31667
294,00	8,07
294,27	2,48
294,54	-1,93667
294,80	2,96
295,07	10,14
295,33	8,23333
295,60	9,51333
295,86	5,96667
296,13	5,45333
296,40	0,14667
296,66	1,84
296,93	14,13667
297,19	20,36333
297,46	18,01
297,73	11,74
297,99	7,86
298,26	3,59667
298,52	-2,69333
298,79	-2,53
299,05	-6,09667
299,32	1,78667
299,59	6,76667
299,85	12,63667
300,12	7,57
300,38	1,68
300,65	-1,38333
300,92	1,66333
301,18	1,31333
301,45	7,67
301,71	1,58333
301,98	6,23667
302,24	8,51667
302,51	13,02667
302,78	11,96333
303,04	6,39
303,31	7,52667
303,57	9,59333
303,84	9,12
304,10	3,31
304,37	1,05
304,63	4,70667
304,90	10,48667
305,17	12,47667
305,43	7,75667
305,70	12,06
305,96	10,30667
306,23	10,88667
306,49	7,59333
306,76	6,99
307,03	7,83
307,29	4,28667
307,56	6,84
307,82	8,88333
308,09	10,48667
308,35	8,32
308,62	11,12
308,88	7,63667
309,15	9,08
309,42	5,92333
309,68	7,54333
309,95	6,17667
310,21	1,31333
310,48	1,67333
310,74	1,67667
311,01	9,18333
311,27	5,44667
311,54	1,00333
311,80	-4,81333
312,07	2,95
312,34	7,92
312,60	4,47
312,87	2,51
313,13	6,21
313,40	8,04667
313,66	9,4
313,93	2,42667
314,19	10,79
314,46	7,46667
314,72	12,17333
314,99	7,40333
315,25	5,27
315,52	-0,54
315,78	-1,75
316,05	-1,49333
316,32	1,36333
316,58	1,31667
316,85	6,23
317,11	6,38
317,38	5,70667
317,64	3,92667
317,91	2,58
318,17	3,43333
318,44	3,00667
318,70	0,06
318,97	2,09
319,23	7,60667
319,50	10,1
319,76	7,31
320,03	-0,16667
320,29	2,28667
320,56	3,93333
320,82	6,87333
321,09	6,97667
321,36	10,85333
321,62	9,42667
321,89	6,06333
322,15	1,03
322,42	0,46
322,68	5,82667
322,95	11,81333
323,21	16,70667
323,48	12,64667
323,74	9,24333
324,01	6,44
324,27	4,18667
324,54	2,71667
324,80	6,02
325,07	10,44667
325,33	14,48
325,60	9,33
325,86	11,11333
326,13	8,41333
326,39	11,96667
326,66	8,64
326,92	9,67333
327,19	8,67667
327,45	7,93667
327,72	8,21
327,98	7,37667
328,25	12,03
328,51	9,60333
328,78	10,16
329,04	8,5
329,31	7,71
329,57	5,79333
329,84	5,43333
330,10	10,02667
330,37	16,75333
330,63	15,89667
330,90	13,79667
331,16	13,22
331,43	14,36667
331,69	19,08333
331,96	20,52667
332,22	22,05333
332,49	23,48
332,75	20,08333
333,01	16,21667
333,28	11,34
333,54	10,39
333,81	19,1
334,07	20,49667
334,34	18,92667
334,60	15,93667
334,87	18,46
335,13	27,74667
335,40	24,38
335,66	20,74
335,93	14,48333
336,19	15,04667
336,46	18,46667
336,72	13,71
336,99	13,59
337,25	11,45667
337,52	15,55667
337,78	20,01667
338,05	16,81
338,31	19,52
338,57	20,36333
338,84	19,89333
339,10	18,91333
339,37	14,91667
339,63	19,68
339,90	20,70333
340,16	20,26333
340,43	16,92333
340,69	18,87
340,96	15,59
341,22	19,81
341,49	15,02333
341,75	17,38667
342,01	16,19333
342,28	18,83667
342,54	27,29
342,81	30,5
343,07	32,76
343,34	25,43333
343,60	24,53667
343,87	16,31667
344,13	16,85667
344,40	20,87
344,66	26,69
344,92	35,09333
345,19	28,26333
345,45	28,56667
345,72	27,99667
345,98	32,6
346,25	33,85667
346,51	32,10667
346,78	30,14667
347,04	33,78667
347,30	29,65
347,57	30,7
347,83	25,98333
348,10	28,65667
348,36	30,19667
348,63	35,44667
348,89	34,78
349,15	34,87667
349,42	30,51
349,68	28,14
349,95	25,36667
350,21	29,15333
350,48	32,14667
350,74	34,90667
351,01	30,68667
351,27	30,30667
351,53	26,95333
351,80	24,50667
352,06	25,02667
352,33	25,17
352,59	24,23333
352,86	23,17333
353,12	25,45333
353,38	37,96
353,65	34,52333
353,91	33,81667
354,18	31,85
354,44	45,65
354,70	44,28667
354,97	36,13667
355,23	28,02
355,50	25,57333
355,76	29,26667
356,03	26,81333
356,29	34,61
356,55	34,2
356,82	33,78333
357,08	28,64667
357,35	28,08333
357,61	35,38333
357,87	39,10333
358,14	38,65333
358,40	31,58
358,67	32,41667
358,93	31,92
359,20	35,21667
359,46	33,23333
359,72	33,24333
359,99	32,20667
360,25	39,42333
360,52	45,62333
360,78	51,07667
361,04	49,12667
361,31	42,05
361,57	32,44
361,84	28,62333
362,10	30,63667
362,36	34,31667
362,63	37,31
362,89	38,25333
363,16	41,25
363,42	43,32667
363,68	43,09
363,95	44,79
364,21	38,04333
364,47	42,07667
364,74	41,20667
365,00	43,50667
365,27	37,70333
365,53	37,87333
365,79	42,63
366,06	50,59667
366,32	55,98
366,59	47,42333
366,85	44,23333
367,11	38,69333
367,38	45,10667
367,64	45,97
367,91	46,81667
368,17	43,53667
368,43	39,66
368,70	42,22667
368,96	42,02667
369,22	51,12
369,49	51,16333
369,75	51,61667
370,02	48,20333
370,28	45,85667
370,54	49,49333
370,81	46,88667
371,07	46,64
371,33	57,64667
371,60	50,15
371,86	47,76667
372,13	35,99333
372,39	42,42333
372,65	47,63667
372,92	49,56333
373,18	55,76333
373,44	52,39333
373,71	45,08667
373,97	37,16
374,23	38,53333
374,50	50,35667
374,76	53,93667
375,03	56,35333
375,29	53,66
375,55	55,89
375,82	53,03
376,08	50,57
376,34	58,22
376,61	54,75333
376,87	50,18333
377,13	35,63333
377,40	39,38
377,66	49,76333
377,92	59,69667
378,19	65,35333
378,45	65,65667
378,72	58,77
378,98	56,64333
379,24	49,00667
379,51	51,22667
379,77	47,52
380,03	38,08667
380,30	43,44667
380,56	42,91667
380,82	54,09667
381,09	48,09333
381,35	51,95333
381,61	47,67667
381,88	52,81333
382,14	54,85
382,40	61,98333
382,67	58,05667
382,93	52,83
383,19	46,27
383,46	46,6
383,72	50,29333
383,98	52,06667
384,25	58,23667
384,51	61,66667
384,77	62,95667
385,04	63,15
385,30	57,85333
385,56	65,95
385,83	70,64333
386,09	76,40333
386,35	74,93
386,62	70,73333
386,88	73,98333
387,14	73,78
387,41	69,59667
387,67	68,44667
387,93	67,22667
388,20	68,46
388,46	64,25333
388,72	64,55333
388,99	64,26667
389,25	64,74667
389,51	60,66
389,78	60,68333
390,04	62,88333
390,30	67,76333
390,56	66,69333
390,83	63,49
391,09	65,77333
391,35	67,63667
391,62	73,41333
391,88	75,93333
392,14	82,24667
392,41	84,07667
392,67	78,10333
392,93	77,18667
393,20	69,53667
393,46	71,45667
393,72	64,44667
393,99	63,58333
394,25	66,87667
394,51	65,71
394,77	74,13667
395,04	72,36
395,30	80,23
395,56	80,89333
395,83	79,08333
396,09	77,02333
396,35	78,04667
396,62	75,63667
396,88	81,27
397,14	74,19667
397,40	88,25333
397,67	88,18333
397,93	90,46667
398,19	85,28667
398,46	85,37333
398,72	91,07333
398,98	92,13667
399,24	94,87333
399,51	97,72667
399,77	102,98
400,03	104,05
400,30	103,82333
400,56	114,04
400,82	113,29333
401,08	106,58667
401,35	93,08
401,61	94,68333
401,87	94,62
402,14	97,03667
402,40	95,38
402,66	102,12333
402,92	95,89667
403,19	94,63
403,45	100,00333
403,71	105,43667
403,98	109,66333
404,24	106,43
404,50	106,1
404,76	109,56
405,03	110,94667
405,29	113,48333
405,55	108,04667
405,81	109,68
406,08	104,31667
406,34	103,38333
406,60	98,92333
406,87	102,39333
407,13	106,24
407,39	105,75667
407,65	105,72333
407,92	104,24667
408,18	105,14667
408,44	106,93667
408,70	106,07333
408,97	108,37333
409,23	109,47
409,49	109,89667
409,75	107,51
410,02	105,72333
410,28	103,91333
410,54	106,05667
410,80	108,16333
411,07	110,91667
411,33	113
411,59	103,25667
411,85	107,44667
412,12	108,45
412,38	113,80667
412,64	106,4
412,90	97,63
413,17	95,57
413,43	92,78667
413,69	97,42333
413,95	97,46
414,22	98,37
414,48	88,55333
414,74	82,56667
415,00	81,81667
415,27	84,66
415,53	92,72333
415,79	92,19667
416,05	95,53
416,32	94,41333
416,58	103,29333
416,84	107,23
417,10	102,88667
417,37	97,62333
417,63	95,72333
417,89	101,54667
418,15	99,25333
418,41	95,73333
418,68	94,52333
418,94	98,64
419,20	99,12
419,46	104,50333
419,73	104,92667
419,99	110,42333
420,25	105,97333
420,51	120,5
420,78	119,66
421,04	113,29333
421,30	91,66333
421,56	92,75333
421,82	98,28667
422,09	106,82667
422,35	102,74333
422,61	104,3
422,87	130,73667
423,14	126,51
423,40	126,31
423,66	93,71333
423,92	103,12333
424,18	102,7
424,45	102,51
424,71	96,89
424,97	98,06
425,23	95,75667
425,49	93,21333
425,76	93,80667
426,02	99,88333
426,28	102,28333
426,54	98,11333
426,81	94,67667
427,07	91,67667
427,33	87,07333
427,59	85,50667
427,85	83,11667
428,12	87,19333
428,38	87,58667
428,64	86,93667
428,90	82,43667
429,16	82,49333
429,43	82,73667
429,69	83,51667
429,95	82,57333
430,21	86,02
430,47	92,29667
430,74	88,12
431,00	83,81
431,26	72,95667
431,52	73,89333
431,78	77,01
432,05	85,17667
432,31	96,56333
432,57	94,28667
432,83	88,84
433,09	81,41
433,35	83,35333
433,62	82,85
433,88	80,56333
434,14	80,51333
434,40	81,47667
434,66	85,43333
434,93	85,87333
435,19	90,43667
435,45	90,11333
435,71	100,97667
435,97	103,4
436,23	102,30667
436,50	95,22667
436,76	91,01667
437,02	92,27667
437,28	87,51
437,54	91,96667
437,81	89,13333
438,07	89,78333
438,33	85,53333
438,59	83,12667
438,85	84,71667
439,11	80,17
439,38	87,67667
439,64	85,77
439,90	91,66333
440,16	89,34333
440,42	90,70667
440,68	94,18667
440,95	91,48333
441,21	98,5
441,47	103,76
441,73	108,1
441,99	109,30333
442,25	105,62
442,52	109,95667
442,78	105,69333
443,04	106,52333
443,30	105,28667
443,56	111,60333
443,82	114,42667
444,08	118,98333
444,35	117,22
444,61	115,60333
444,87	108,14333
445,13	113,19667
445,39	108,64
445,65	111,79333
445,92	96,2
446,18	96,79
446,44	94,16333
446,70	99,51667
446,96	100,84667
447,22	102,61667
447,48	102,71667
447,75	101,73667
448,01	102,32333
448,27	94,71667
448,53	90,16333
448,79	87,86
449,05	93,19667
449,31	90,61333
449,58	87,09667
449,84	85,63667
450,10	91,50667
450,36	87,61
450,62	87,8
450,88	85,86333
451,14	87,72333
451,41	84,13667
451,67	80,65667
451,93	83,35
452,19	90,08667
452,45	96,96667
452,71	96,81
452,97	88,68667
453,23	90,51667
453,50	89,86667
453,76	93,68667
454,02	87,47
454,28	87,1
454,54	86,69667
454,80	88,61
455,06	86,09333
455,32	84,89
455,59	78,14667
455,85	78,17333
456,11	76,28333
456,37	79,28667
456,63	78,58667
456,89	81,72667
457,15	88,39
457,41	89,14333
457,68	92,24
457,94	85,34
458,20	87,51667
458,46	88,92333
458,72	94,61
458,98	100,14
459,24	102,00667
459,50	106,02333
459,76	105,43667
460,03	99,69
460,29	101,78667
460,55	108,47
460,81	119,44
461,07	120,21333
461,33	126,62333
461,59	136,11333
461,85	135,60667
462,11	133,58
462,37	130,56333
462,64	138,49
462,90	139
463,16	140,69333
463,42	148,50333
463,68	154,31333
463,94	153,89667
464,20	147,09
464,46	140,69
464,72	142,16333
464,98	138,58667
465,24	141,47667
465,51	133,79667
465,77	129,61
466,03	115,32667
466,29	110,19
466,55	102,39333
466,81	101,69667
467,07	100,10333
467,33	99,97333
467,59	107
467,85	103,67667
468,11	100,25667
468,38	88,9
468,64	92,43667
468,90	89,79667
469,16	92,91333
469,42	88,47667
469,68	90,50333
469,94	95,07667
470,20	98,19667
470,46	98,39333
470,72	93,9
470,98	87,67667
471,24	89,21667
471,50	88,57333
471,77	91,46667
472,03	91,3
472,29	84,15333
472,55	84,07667
472,81	85,94333
473,07	89,46333
473,33	81,29333
473,59	78,90667
473,85	76,81
474,11	79,87
474,37	75,95333
474,63	73,90667
474,89	80,82333
475,15	87,03333
475,41	96,64
475,68	93,82
475,94	90,18667
476,20	87,00667
476,46	90,19667
476,72	88,77667
476,98	91
477,24	88,20667
477,50	90,34333
477,76	90,63667
478,02	94,98
478,28	100,88
478,54	102,32
478,80	107,12333
479,06	111,85667
479,32	123,35667
479,58	120,97333
479,84	116,13667
480,10	104,75333
480,36	108,32333
480,63	115,33
480,89	113,87333
481,15	113,83667
481,41	106,33333
481,67	108,55667
481,93	103,35667
482,19	101,09
482,45	100,49333
482,71	97,76333
482,97	96,36667
483,23	94,63667
483,49	95,38
483,75	100,93667
484,01	103
484,27	102,50333
484,53	105,16333
484,79	121,62333
485,05	125,03333
485,31	125,39333
485,57	109,25333
485,83	112,06667
486,09	108,77667
486,35	110,95333
486,61	107,60333
486,87	107,58667
487,13	111,96333
487,39	116,88
487,65	126,17333
487,91	125,30667
488,17	121,42667
488,43	109,78667
488,70	109,75
488,96	111,20667
489,22	111,34333
489,48	107,67
489,74	107,38
490,00	112,2
490,26	110,64333
490,52	117,24333
490,78	115,62333
491,04	119,17
491,30	117,03
491,56	121,83
491,82	121,16333
492,08	117,71667
492,34	120,50667
492,60	124,08
492,86	126,02333
493,12	126,02333
493,38	133,83
493,64	143,6
493,90	144,87667
494,16	135,33333
494,42	130,44333
494,68	131,28333
494,94	142,87333
495,20	151,01667
495,46	151,06667
495,72	146,37
495,98	140,82667
496,24	136,60667
496,50	139,01667
496,76	149,42
497,02	162,04333
497,28	171,31667
497,54	183,17667
497,80	194,36667
498,06	204,26
498,32	210,23333
498,58	229,28
498,84	254,67333
499,10	283,35333
499,36	315,53667
499,62	344,33
499,88	372,12667
500,14	390,01667
500,40	404,11667
500,66	422,56333
500,92	441,08
501,18	444,48
501,44	423,25
501,69	385,94667
501,95	353,23
502,21	318,80667
502,47	286,16667
502,73	255,03
502,99	236,78667
503,25	225,24
503,51	215,88667
503,77	203,79
504,03	195,53667
504,29	194,59
504,55	194,59333
504,81	189,70333
505,07	180,62333
505,33	174,2
505,59	169,04
505,85	167,75667
506,11	162,86667
506,37	160,29333
506,63	152,09
506,89	147,75
507,15	147,25667
507,41	146,89
507,67	148,14
507,93	145,27333
508,19	143,97667
508,45	145,54
508,71	144,49667
508,97	139,81667
509,23	133,71
509,49	140,24667
509,74	149,23
510,00	148,47667
510,26	143
510,52	134,98333
510,78	137,88333
511,04	132,08
511,30	139,22
511,56	136,47667
511,82	137,33333
512,08	128,95333
512,34	135,80667
512,60	134,14667
512,86	136,59
513,12	128,13
513,38	127,18
513,64	127,20667
513,90	128,57667
514,16	139,61667
514,42	144,55667
514,67	146,27333
514,93	143,25667
515,19	141,25
515,45	145,21
515,71	147,24333
515,97	156,59333
516,23	161,64667
516,49	167,62
516,75	174,13667
517,01	182,72333
517,27	186,53333
517,53	187,34667
517,79	188,64667
518,05	191,70333
518,31	195,89333
518,56	196,97667
518,82	195,82667
519,08	182,78
519,34	172,01333
519,60	160,76667
519,86	162,82
520,12	157,64667
520,38	152,13
520,64	149,00333
520,90	152,24667
521,16	149,87333
521,42	141,11333
521,68	127,93333
521,93	133,89333
522,19	132,40667
522,45	135,63
522,71	125,15
522,97	128,07667
523,23	122,44667
523,49	126,41333
523,75	121,77333
524,01	125,57333
524,27	119,83333
524,53	125,05667
524,79	127,72
525,04	133,28667
525,30	126,76
525,56	122,80667
525,82	116,98333
526,08	120,84333
526,34	117,94
526,60	127,11333
526,86	123,75667
527,12	128,70667
527,38	121,60667
527,63	122,63667
527,89	121,66667
528,15	123,08
528,41	123,22667
528,67	126,7
528,93	132,21667
529,19	129,46333
529,45	124,41333
529,71	117,64
529,97	121,71667
530,22	126
530,48	129,99
530,74	130,06667
531,00	128,81667
531,26	131,55333
531,52	131,32667
531,78	127,35
532,04	125,77333
532,30	124,07
532,55	137,75333
532,81	140,75667
533,07	139,94
533,33	132,22
533,59	125,71667
533,85	124,59333
534,11	132,50667
534,37	138,88
534,62	144,08667
534,88	129,74333
535,14	120,76
535,40	116,41
535,66	120,62667
535,92	122,76667
536,18	125,04667
536,44	122,63333
536,69	118,2
536,95	115,39667
537,21	116,18333
537,47	121,71333
537,73	126,30333
537,99	122,82
538,25	119,24
538,51	113,18333
538,76	113,53333
539,02	114,12667
539,28	119,48333
539,54	119,55333
539,80	117,77
540,06	114,19
540,32	120,18667
540,57	124,86333
540,83	128,72
541,09	121,05333
541,35	115,99333
541,61	112,83667
541,87	111,72
542,13	120,27
542,38	125,01667
542,64	127,76333
542,90	124,32333
543,16	115,21333
543,42	118,94333
543,68	116,44333
543,94	121,03333
544,19	122,73333
544,45	127,98667
544,71	128,68333
544,97	129,8
545,23	124,96333
545,49	125,6
545,74	117,18
546,00	122,93667
546,26	115,08333
546,52	128,61333
546,78	129,69333
547,04	136,38333
547,29	130,55667
547,55	125,38667
547,81	125,28
548,07	125,55333
548,33	124,63
548,59	126,35667
548,84	125,64667
549,10	127,61
549,36	125,63667
549,62	125,69
549,88	126,13333
550,14	127,50667
550,39	126,48333
550,65	129,87333
550,91	132,10333
551,17	131,44333
551,43	129,49
551,69	131,13
551,94	140,02333
552,20	145,27333
552,46	148,91667
552,72	145,92333
552,98	144,06667
553,24	142,25667
553,49	142,33
553,75	143,99333
554,01	145,41333
554,27	147,66333
554,53	151,01333
554,78	148,33333
555,04	140,79
555,30	131,98667
555,56	123,72333
555,82	125,70333
556,07	124,76667
556,33	127,03
556,59	122,25333
556,85	122,05667
557,11	125,43333
557,37	127,81333
557,62	120,95333
557,88	113,71667
558,14	116,32667
558,40	114,70667
558,66	114,94333
558,91	105,87667
559,17	110,46
559,43	113,33333
559,69	112,37
559,95	107,47
560,20	103,39667
560,46	111,43333
560,72	117,03333
560,98	125,31
561,24	116,05333
561,49	114,73667
561,75	108,95
562,01	114,84
562,27	118,42667
562,52	118,18667
562,78	118,24
563,04	116,66333
563,30	113,41667
563,56	112,18333
563,81	116,37
564,07	124,08667
564,33	135,46667
564,59	132,46333
564,85	132,99
565,10	140,36667
565,36	150,37
565,62	167,72333
565,88	166,04
566,13	178,22667
566,39	186,53333
566,65	206,87333
566,91	225,83
567,17	235,34333
567,42	248,56
567,68	245,66
567,94	247,85
568,20	239,68
568,45	240,77667
568,71	232,18667
568,97	215,04
569,23	204,12
569,49	189,18
569,74	179,55333
570,00	154,88
570,26	145,66333
570,52	138,4
570,77	142,25333
571,03	144,73667
571,29	145,21333
571,55	143,53333
571,80	130,13
572,06	120,44
572,32	111,60333
572,58	123,01667
572,83	126,86667
573,09	123,01667
573,35	114,40667
573,61	108,57667
573,86	108,52667
574,12	101,97667
574,38	104,67667
574,64	103,64667
574,89	109,16333
575,15	116,78
575,41	118,97333
575,67	115,73333
575,92	106,14
576,18	108,68
576,44	109,11333
576,70	107,41
576,95	99,58333
577,21	95,35667
577,47	95,81333
577,73	101,23
577,98	100,11
578,24	98,37
578,50	94,38
578,76	97,98667
579,01	94,6
579,27	92,66333
579,53	98,09333
579,79	100,51667
580,04	100,36667
580,30	89,11333
580,56	85,32
580,81	86,48667
581,07	90,05667
581,33	91,62
581,59	92,27667
581,84	97,8
582,10	103,06
582,36	104,29333
582,62	101,45333
582,87	101,96667
583,13	109,23333
583,39	109,06
583,64	110,35
583,90	100,74
584,16	99,85667
584,42	94,88667
584,67	95,19333
584,93	97,12
585,19	97,93667
585,45	98,70667
585,70	94,13333
585,96	96,95667
586,22	96,99
586,47	96,22333
586,73	97,26333
586,99	94,98333
587,25	99,93667
587,50	94,95667
587,76	95,28
588,02	93,63
588,27	95,92667
588,53	103,44333
588,79	100,84333
589,04	97,26
589,30	97,51
589,56	98,29667
589,82	104,32333
590,07	102,44667
590,33	104,66
590,59	101,65333
590,84	102,35333
591,10	106,20667
591,36	112,40333
591,61	115,92
591,87	121,27333
592,13	123,32
592,39	126,65667
592,64	129,82333
592,90	130,72667
593,16	134,98667
593,41	138,73333
593,67	145,00333
593,93	145,09667
594,18	147,50667
594,44	148,62333
594,70	145,74
594,95	140,71
595,21	138,15667
595,47	132,22333
595,73	124,34667
595,98	116,62667
596,24	113,51667
596,50	104,66333
596,75	102,27667
597,01	102,25
597,27	104,29
597,52	101,69
597,78	98,23667
598,04	98,96
598,29	92,68667
598,55	94,36667
598,81	89,97
599,06	92,15
599,32	86,89333
599,58	94,07333
599,83	90,49667
600,09	91,71667
600,35	86,56
600,60	89,25
600,86	92,11333
601,12	93,24667
601,37	95,21333
601,63	89,72333
601,89	86,30333
602,14	84,62
602,40	85,98
602,66	86,38667
602,91	81,57
603,17	86,2
603,43	90,51667
603,68	98,63
603,94	93,79667
604,20	90,99333
604,45	85,35
604,71	85,84
604,97	86,02667
605,22	87,18333
605,48	87,55
605,74	89,88667
605,99	90,47333
606,25	89,24667
606,51	85,66667
606,76	80,01
607,02	85,19667
607,27	83,17
607,53	89,08333
607,79	87,29333
608,04	84,80667
608,30	82,32667
608,56	78,33667
608,81	86,56333
609,07	87,52667
609,33	98,08667
609,58	101,74333
609,84	105,58333
610,10	100,63
610,35	91,62333
610,61	89,09
610,86	84,19667
611,12	86,95333
611,38	84,27333
611,63	83,72667
611,89	83,58333
612,15	87,78667
612,40	85,71
612,66	80,58667
612,92	73,37667
613,17	82,45667
613,43	89,44667
613,68	94,74667
613,94	88,23333
614,20	85,3
614,45	81,76
614,71	87,82333
614,97	84,1
615,22	85,78333
615,48	83,06333
615,73	88,55333
615,99	91,60667
616,25	93,77667
616,50	98,01667
616,76	97,96
617,01	98,75333
617,27	91,74333
617,53	92,99333
617,78	98,42333
618,04	104,43
618,30	107,50333
618,55	96,95333
618,81	96,97333
619,06	89,48
619,32	91,52667
619,58	88,43333
619,83	91,31
620,09	87,77667
620,34	86,81667
620,60	83,97
620,86	83,99
621,11	83,03333
621,37	88,06
621,62	87,91
621,88	82,81667
622,14	75,04333
622,39	78,41333
622,65	82,16667
622,90	83,24
623,16	84,12667
623,42	85,56333
623,67	81,58
623,93	82,15667
624,18	79,71
624,44	90
624,70	92,7
624,95	93,35
625,21	90,06333
625,46	82,20667
625,72	86,11667
625,98	81,4
626,23	84,93667
626,49	76,96
626,74	79,92
627,00	81,26
627,25	84,55667
627,51	87,18
627,77	82,39667
628,02	78,17667
628,28	76,15333
628,53	78,14333
628,79	83,85
629,04	81,02
629,30	79,65
629,56	81,90667
629,81	79,84667
630,07	80,97667
630,32	77,9
630,58	88,34667
630,83	86,52667
631,09	85,19
631,35	76,97333
631,60	79,27333
631,86	83,92667
632,11	86,36333
632,37	79,48667
632,62	74,19667
632,88	70,98333
633,14	74
633,39	73,06
633,65	81,47
633,90	85,19333
634,16	85,12
634,41	78,34333
634,67	78,98667
634,93	84,93667
635,18	87,62667
635,44	81,93333
635,69	76,93333
635,95	78,54667
636,20	86,62
636,46	86,29
636,71	84,76333
636,97	82,37
637,22	84,14667
637,48	81,69333
637,74	80,69333
637,99	82,38
638,25	85,2
638,50	83,11
638,76	85,28667
639,01	80,58
639,27	79,73667
639,52	76,94333
639,78	80,58667
640,03	78,88667
640,29	74,69333
640,55	73,51
640,80	74,51333
641,06	73,91333
641,31	79,24
641,57	79,09
641,82	83,52333
642,08	81,45667
642,33	83,65667
642,59	85,80667
642,84	86,53
643,10	83,66
643,35	80,21
643,61	78,26333
643,87	80,42
644,12	81,05
644,38	77,00333
644,63	79,84333
644,89	85,25667
645,14	89,6
645,40	88,93667
645,65	89,61333
645,91	89,68333
646,16	94,91
646,42	96,54
646,67	96,84667
646,93	94,68333
647,18	94,56667
647,44	96,59667
647,69	95,19
647,95	91,80667
648,20	92,26
648,46	94,42
648,71	95,97333
648,97	96,67333
649,22	96,82667
649,48	94,13667
649,73	91,96
649,99	88,99667
650,24	93,93
650,50	97,01667
650,75	99,06333
651,01	96,74
651,26	93,84
651,52	91,09667
651,77	87,03667
652,03	88,74667
652,28	86,70333
652,54	94,94333
652,79	101,23333
653,05	108,97
653,30	108,67667
653,56	102,52333
653,81	104,16667
654,07	107,43667
654,32	112,98667
654,58	114,52333
654,83	121,09667
655,09	123,06
655,34	127,41667
655,60	127,07
655,85	131,11667
656,11	141,32333
656,36	146,37333
656,62	147,77
656,87	141,63667
657,13	132,68
657,38	133,79333
657,64	134,33667
657,89	136,56667
658,15	124,4
658,40	112,03667
658,66	108,08333
658,91	105,66333
659,17	104,65
659,42	102,43
659,68	104,31
659,93	99,32667
660,19	95,69667
660,44	98,72333
660,70	105,8
660,95	106,11333
661,20	100,79667
661,46	97,61
661,71	95,10333
661,97	91,49667
662,22	91,30333
662,48	91,65667
662,73	91,65667
662,99	91,73667
663,24	91,88
663,50	87,00667
663,75	83,99333
664,01	74,46333
664,26	81,43
664,52	76,63333
664,77	83,76333
665,02	84,11333
665,28	87,31667
665,53	84,17333
665,79	83,22667
666,04	82,60667
666,30	79,81
666,55	78,17
666,81	72,32333
667,06	73,71667
667,32	73,28667
667,57	74,32333
667,82	73,08667
668,08	72,39
668,33	73,05
668,59	70,63
668,84	72,52667
669,10	70,28333
669,35	89,47667
669,61	79,79
669,86	83,87333
670,11	62,98
670,37	69,83667
670,62	68,85667
670,88	73,44
671,13	66,19667
671,39	60,50667
671,64	56,42667
671,90	61,74333
672,15	64,46667
672,40	64,39667
672,66	57,65333
672,91	60,13
673,17	59,71333
673,42	64,01333
673,68	60,88667
673,93	59,92
674,18	61,26667
674,44	58,98667
674,69	61,07333
674,95	62,98
675,20	63,39
675,46	63,39
675,71	57,41
675,96	61,69
676,22	57,45667
676,47	59,76333
676,73	57,76667
676,98	58,19667
677,23	59,59
677,49	62,58333
677,74	68,62
678,00	63,92333
678,25	61,09
678,51	62,33
678,76	58,64
679,01	58,65
679,27	51,34
679,52	52,60333
679,78	50,88333
680,03	54,62
680,28	56
680,54	54,67333
680,79	48,66667
681,05	50,14667
681,30	48,5
681,55	50,88333
681,81	51,18333
682,06	58,23667
682,32	62,21
682,57	66,19333
682,82	62,10333
683,08	57,5
683,33	47,49667
683,59	50,33333
683,84	48,64
684,09	53,65
684,35	50,54333
684,60	55,84
684,86	55,95667
685,11	62,47667
685,36	61,22
685,62	65,60667
685,87	53,90667
686,13	50,74667
686,38	42,33
686,63	49,34333
686,89	55,11333
687,14	65,60667
687,40	63,47667
687,65	63,73667
687,90	56,89667
688,16	56,12667
688,41	51,32
688,66	49,66
688,92	49,1
689,17	45,60333
689,43	43,42667
689,68	44,9
689,93	47,97333
690,19	49,14667
690,44	43,67333
690,69	41,09667
690,95	40,69333
691,20	45,83
691,46	44,35333
691,71	48,63
691,96	50,81333
692,22	53,47
692,47	50,50333
692,72	46,69333
692,98	45,77667
693,23	47,69
693,49	52,44333
693,74	55,43
693,99	57,13
694,25	54,72333
694,50	53,86
694,75	52,68667
695,01	45,53667
695,26	47,75333
695,51	46,67667
695,77	47,21667
696,02	45,14333
696,27	44,8
696,53	50,89333
696,78	53,74333
697,04	55,52
697,29	52,11667
697,54	48,57
697,80	44,42333
698,05	46,59
698,30	44,55
698,56	43,98333
698,81	43,34333
699,06	45,08667
699,32	44,86333
699,57	44,58
699,82	49,59
700,08	47,67333
700,33	45,99667
700,58	39,78
700,84	41,54667
701,09	38,65333
701,34	38,90667
701,60	41,68
701,85	43,78333
702,10	45,54333
702,36	46,76333
702,61	44,09333
702,86	40,22333
703,12	32,78
703,37	36,39667
703,62	35,37667
703,88	36,06333
704,13	31,19667
704,38	32,61
704,64	41,01667
704,89	45,24333
705,14	51,80667
705,40	50,02667
705,65	49,11333
705,90	42,43667
706,16	34,94
706,41	37,51667
706,66	37,86
706,92	39,67
707,17	41,26333
707,42	49,75
707,68	46,06
707,93	42,38
708,18	38,01667
708,44	47,59667
708,69	50,57
708,94	48,92667
709,19	45,30667
709,45	47,57
709,70	42,57
709,95	41,97667
710,21	33,78
710,46	33,94333
710,71	38,81333
710,97	38,82667
711,22	41,67667
711,47	34,1
711,73	36,85
711,98	35,65667
712,23	36,35333
712,48	34,08667
712,74	34,1
712,99	33,42
713,24	30,57333
713,50	31,11667
713,75	38,64333
714,00	44,40667
714,26	43,08333
714,51	39,01667
714,76	39,77333
715,01	39,78333
715,27	46,02333
715,52	46,10667
715,77	50,58333
716,03	45,32667
716,28	45,82333
716,53	49,09
716,78	47,92667
717,04	48,17333
717,29	46,93
717,54	50,36
717,80	46,46
718,05	42,63333
718,30	37,89333
718,55	40,07333
718,81	39,04667
719,06	42,60333
719,31	41,27333
719,57	37,28333
719,82	34,51
720,07	35,77333
720,32	36,51667
720,58	38,25
720,83	36,31333
721,08	37,72667
721,33	35,71667
721,59	39,84
721,84	42,56667
722,09	46,39667
722,35	44,02333
722,60	41,28
722,85	38,74667
723,10	35,64
723,36	35,87
723,61	32,10667
723,86	34,79667
724,11	38,41667
724,37	35,86333
724,62	34,79
724,87	29,67667
725,12	31,00333
725,38	29,37333
725,63	29,97667
725,88	28,13333
726,13	28,84667
726,39	23,60667
726,64	30,28
726,89	29,69
727,14	31,70333
727,40	29,03667
727,65	30,93333
727,90	36,64333
728,15	39,23333
728,41	34,38333
728,66	34,27
728,91	28,35667
729,16	32,29667
729,42	31,78333
729,67	34,78
729,92	28,49333
730,17	26,13
730,43	27,60333
730,68	34,39
730,93	35,37
731,18	34,79
731,44	33,60667
731,69	31,56333
731,94	31,51333
732,19	34,67333
732,45	37,80333
732,70	42,6
732,95	36,53667
733,20	31,72333
733,45	29,39333
733,71	33,63333
733,96	32,31
734,21	32,93667
734,46	30,94
734,72	34,45333
734,97	32,69333
735,22	31,25333
735,47	31,92
735,72	30,09667
735,98	29,90667
736,23	30,11
736,48	31,37667
736,73	33,45667
736,99	30,61667
737,24	31,17667
737,49	30,81333
737,74	33,01
737,99	38,54333
738,25	39,08667
738,50	38,63333
738,75	29,19
739,00	30,08333
739,25	33,99
739,51	33,58
739,76	35,11667
740,01	34,36
740,26	38,72
740,52	40,41667
740,77	48,53333
741,02	51,96
741,27	51,17667
741,52	47,74333
741,78	48,92667
742,03	50,20667
742,28	50,74333
742,53	53,97667
742,78	64,17667
743,04	75,27333
743,29	85,55667
743,54	88,98
743,79	82,79
744,04	73,5
744,30	70,28
744,55	70,65
744,80	81,02667
745,05	83,12
745,30	88,48667
745,55	84,78667
745,81	94,95333
746,06	98,71667
746,31	103,81667
746,56	96,54667
746,81	95,81
747,07	94,04333
747,32	97,28333
747,57	104,69333
747,82	106,57667
748,07	103,66
748,32	85,74333
748,58	72,33667
748,83	58,52
749,08	54,90333
749,33	52,14
749,58	51,31333
749,84	48,09
750,09	41,05333
750,34	36,99333
750,59	39,09333
750,84	37,47
751,09	43,37667
751,35	41,88333
751,60	43,39
751,85	33,65333
752,10	25,94
752,35	30,85
752,60	33,00667
752,86	35,93667
753,11	28
753,36	25,01667
753,61	23,96
753,86	22,4
754,11	22,31667
754,37	17,25333
754,62	17,68333
754,87	18,36667
755,12	25,97667
755,37	29,05667
755,62	30,65667
755,87	23,46
756,13	20,21
756,38	19,42333
756,63	25,15667
756,88	33,61333
757,13	31,83667
757,38	33,47333
757,64	24,77
757,89	25,73
758,14	28,06
758,39	27,75
758,64	33,26667
758,89	28,53
759,14	33,51333
759,40	31,3
759,65	30,95667
759,90	29,05333
760,15	24,75333
760,40	18,40667
760,65	16,46
760,90	17,44
761,15	20,81
761,41	23,71667
761,66	21,99333
761,91	25,84
762,16	21,82333
762,41	28
762,66	24,1
762,91	26,85
763,17	24,52667
763,42	27,22667
763,67	29,48
763,92	29,73
764,17	29,07
764,42	25,09
764,67	26,02667
764,92	30,01
765,18	29,99667
765,43	23,93333
765,68	25,31667
765,93	29,39
766,18	31,59333
766,43	28,8
766,68	27,86
766,93	27,02333
767,18	23,71
767,44	24,71333
767,69	22,68667
767,94	27,83667
768,19	24,39667
768,44	26,37
768,69	24,63667
768,94	28,37
769,19	28,21333
769,44	28,92667
769,70	22,66333
769,95	24,73
770,20	25,83
770,45	32,83333
770,70	34,19333
770,95	31,69333
771,20	25,55333
771,45	29,17
771,70	29,33
771,95	29,98667
772,21	29,86667
772,46	31,59333
772,71	33,92
772,96	31,46
773,21	30,32
773,46	35,59333
773,71	37,34
773,96	35,72333
774,21	34,84
774,46	36,94
774,72	43,59333
774,97	45,54
775,22	48,68333
775,47	62,45333
775,72	87,57333
775,97	130,43
776,22	172,71333
776,47	213,92667
776,72	226,52333
776,97	221,06667
777,22	196,80333
777,47	185,35667
777,73	190,55667
777,98	211,08667
778,23	208,94
778,48	178,48333
778,73	129,10333
778,98	95,38667
779,23	76,8
779,48	65,70333
779,73	50,65
779,98	38,62667
780,23	33,56667
780,48	32,73667
780,73	36,24
780,98	36,87333
781,24	36,86333
781,49	30,26
781,74	24,10667
781,99	22,03667
782,24	23,22
782,49	24,12
782,74	23,07
782,99	23,66333
783,24	23,25667
783,49	25,32667
783,74	23,95667
783,99	29,35
784,24	25,95
784,49	25,25
784,74	22,62667
784,99	26,58
785,24	22,1
785,49	14,89
785,75	21,26667
786,00	31,67667
786,25	33,68667
786,50	26,54
786,75	17,97333
787,00	24,34
787,25	23,6
787,50	27,27
787,75	23,43333
788,00	30,62333
788,25	23,50333
788,50	21,42667
788,75	14,79333
789,00	16,75
789,25	13,98
789,50	10,41667
789,75	11,36667
790,00	16,82333
790,25	18,37
790,50	29,24667
790,75	34,22667
791,00	34,95667
791,25	32,51
791,50	25,45333
791,75	24,87
792,01	26,53
792,26	27,33333
792,51	32,04
792,76	24,13667
793,01	25,13
793,26	17,28667
793,51	22,55333
793,76	27,26
794,01	38,67667
794,26	40,68333
794,51	41,73
794,76	36,73333
795,01	39,00667
795,26	39,39667
795,51	43,59
795,76	40,57
796,01	42,21667
796,26	39,74667
796,51	35,26667
796,76	26,76333
797,01	19,45333
797,26	20,66333
797,51	17,64
797,76	23,02
798,01	21,67667
798,26	28,79667
798,51	25,17333
798,76	19,45
799,01	16,42667
799,26	12,67
799,51	15,46667
799,76	14,18
800,01	21,01333
800,26	18,85333
800,51	20,32333
800,76	16,42667
801,01	18,35667
801,26	15,45
801,51	14,77333
801,76	14,74667
802,01	14,05333
802,26	16,45667
802,51	21,86333
802,76	24,55667
803,01	23,78
803,26	16,47333
803,51	14,55333
803,76	15,31667
804,01	19,54
804,26	16,6
804,51	13,23667
804,76	9,35
805,01	11,25333
805,26	10,30333
805,51	11,05667
805,76	8,93333
806,01	21,19
806,26	24,57667
806,51	26,35667
806,76	12,52333
807,01	7,76
807,26	7,64667
807,51	6,90333
807,76	6,41333
808,01	8,10333
808,26	12,88
808,50	14,60667
808,75	13,11667
809,00	11,76
809,25	14,62333
809,50	15,07
809,75	17,08333
810,00	15,85333
810,25	13,69667
810,50	16,43
810,75	17,24667
811,00	23,73667
811,25	21,93667
811,50	27,12
811,75	26,72333
812,00	24,20333
812,25	19,03
812,50	9,90667
812,75	8,85333
813,00	7,63667
813,25	11,32333
813,50	12,12667
813,75	10,49667
814,00	12,76333
814,25	13,54
814,50	20,94333
814,74	19,48333
814,99	24,77333
815,24	17,80667
815,49	19,7
815,74	16,54333
815,99	24,00667
816,24	27,43
816,49	29,75667
816,74	35,12333
816,99	36,42667
817,24	44,5
817,49	41,67667
817,74	54,93667
817,99	55,16
818,24	57,54
818,49	54,21667
818,74	55,05667
818,98	63,83667
819,23	66,55
819,48	77,67667
819,73	73,42333
819,98	77,09667
820,23	71,50333
820,48	85,82
820,73	96,62
820,98	108,20667
821,23	104,43667
821,48	97,44667
821,73	92,42667
821,98	96,51
822,23	98,38
822,47	105,17667
822,72	100,12333
822,97	95,64333
823,22	86,22
823,47	78,33333
823,72	72,30667
823,97	66,66667
824,22	63,72667
824,47	55,2
824,72	48,86
824,97	42,72
825,22	40,56667
825,46	36,09667
825,71	31,56333
825,96	27,01667
826,21	21,60667
826,46	17,56667
826,71	16,25667
826,96	22,58667
827,21	20,59667
827,46	20,02667
827,71	12,37
827,96	12,86
828,20	13,69667
828,45	15,59
828,70	16,97667
828,95	14,37333
829,20	12,71
829,45	11,99
829,70	12,15333
829,95	11,52333
830,20	10,62333
830,45	15,72667
830,69	16,38333
830,94	16,91333
831,19	14,4
831,44	10,39333
831,69	11,56
831,94	9,39333
832,19	14,01667
832,44	10,11
832,69	9,59667
832,93	8,97667
833,18	14,45
833,43	13,49
833,68	10,37667
833,93	10,07
834,18	12,33
834,43	15,87333
834,68	12,83
834,92	9,02
835,17	8,78333
835,42	11,86667
835,67	17,46
835,92	14,79667
836,17	10,85667
836,42	6,23
836,67	0,31667
836,91	5,34
837,16	7,49
837,41	8,31333
837,66	12,35333
837,91	17,11
838,16	23,42
838,41	18,93
838,66	10,78
838,90	13,09333
839,15	10,16
839,40	13,38333
839,65	8,25
839,90	7,00667
840,15	10,05333
840,40	7,58
840,64	12,22
840,89	6,26333
841,14	12,5
841,39	9,93333
841,64	10,85333
841,89	12,53667
842,14	8,52333
842,38	19,20667
842,63	21,70667
842,88	26,49333
843,13	22,52
843,38	30,36333
843,63	43,02333
843,87	57,83
844,12	55,77333
844,37	52,18
844,62	42,57
844,87	44,49667
845,12	51,03333
845,37	51,43667
845,61	44,51
845,86	31,76
846,11	24,35667
846,36	18,15333
846,61	16,55
846,86	16,42333
847,10	17,55667
847,35	23,12
847,60	21,34667
847,85	20,39667
848,10	13,08667
848,35	13,44333
848,59	15,09333
848,84	11,73667
849,09	13,88667
849,34	10,83
849,59	12,87333
849,84	4,53
850,08	7,69333
850,33	5,13667
850,58	8,12667
850,83	8,95667
851,08	6,64333
851,32	4,93333
851,57	2,50667
851,82	11,88667
852,07	13,61667
852,32	19,05
852,57	11,19333
852,81	16,96
853,06	9,19333
853,31	14,32
853,56	8,41333
853,81	9,33
854,05	9,57667
854,30	8,3
854,55	7,98667
854,80	5,12667
855,05	16,1
855,29	17,87333
855,54	20,1
855,79	13,8
856,04	13,08667
856,29	13,27333
856,53	14,95667
856,78	14,61
857,03	11,04667
857,28	9,63333
857,53	10,71667
857,77	18,12333
858,02	16,04
858,27	17,76333
858,52	15,82
858,77	15,49333
859,01	13,85667
859,26	12,97
859,51	16,36667
859,76	14,01667
860,01	13,01333
860,25	10,8
860,50	16,48333
860,75	16,29
861,00	19,72667
861,25	18,3
861,49	21,14333
861,74	23,37333
861,99	24,51333
862,24	28,79333
862,48	29,78333
862,73	29,52
862,98	25,69333
863,23	30,20333
863,48	35,62
863,72	41,44
863,97	40,45667
864,22	37,94
864,47	28,67
864,71	21,71333
864,96	23,03
865,21	23,80333
865,46	21,82
865,70	16,86
865,95	15,01
866,20	19,95667
866,45	31,02
866,70	46,96
866,94	68,56
867,19	85,18333
867,44	104,96667
867,69	111,83
867,93	106,81
868,18	99,78667
868,43	97,18333
868,68	101,25333
868,92	96,62
869,17	83,01
869,42	74,68333
869,67	63,17667
869,91	54,44
870,16	43,77333
870,41	45,85
870,66	51,13
870,90	56,4
871,15	52,85
871,40	45,66333
871,65	38,67
871,89	37,56
872,14	35,73333
872,39	32,55667
872,64	26,96333
872,88	22,31667
873,13	15,81667
873,38	9,84667
873,63	14,91667
873,87	15,44333
874,12	10,33
874,37	0,62333
874,62	0,76
874,86	3,96667
875,11	7,14667
875,36	7,16333
875,60	5,77
875,85	7,28667
876,10	9,14
876,35	12,66667
876,59	9,98
876,84	6,46667
877,09	8,02667
877,34	9,91333
877,58	9,96333
877,83	7,31
878,08	5,34
878,32	3,8
878,57	0,94
878,82	3,49
879,07	4,24333
879,31	5,83333
879,56	4,62
879,81	3,55667
880,06	2,09333
880,30	-1,71667
880,55	7,05667
880,80	9,43667
881,04	12,28667
881,29	14,86
881,54	18,31
881,79	16,88667
882,03	4,78333
882,28	6,64
882,53	8,89
882,77	13,67667
883,02	8,27
883,27	7,77667
883,51	3,79333
883,76	5,4
884,01	8,62667
884,26	6,99333
884,50	5,21
884,75	-2,79
885,00	-0,31333
885,24	0,24333
885,49	2,55667
885,74	7,03333
885,98	0,69667
886,23	-1,16667
886,48	-3,36333
886,73	5,94333
886,97	10,05333
887,22	5,64667
887,47	-0,53
887,71	-4,44
887,96	-3,71333
888,21	-0,18333
888,45	3,51
888,70	8,20333
888,95	4
889,19	1
889,44	-1,51333
889,69	1,63333
889,93	-2,27
890,18	-0,31
890,43	1,48667
890,67	7,38333
890,92	1,37
891,17	4,23
891,42	7,61333
891,66	16
891,91	14,16333
892,16	11,95667
892,40	12,82
892,65	10,70333
892,90	8,35333
893,14	3,91667
893,39	3,32667
893,64	1,72
893,88	-4,07333
894,13	0,20333
894,38	4,55
894,62	6,41
894,87	0,34667
895,12	-5,34667
895,36	-3,62333
895,61	-4,13
895,86	-2,72
896,10	-4,44667
896,35	-4,82
896,60	-8,09
896,84	-7,57333
897,09	-4,87667
897,33	1,21333
897,58	1,52667
897,83	1,39333
898,07	-0,82
898,32	0,84
898,57	2,42333
898,81	5,38
899,06	8,71333
899,31	17,15
899,55	16,75333
899,80	10,12333
900,05	-0,06333
900,29	-2,26
900,54	5,31333
900,79	4,65
901,03	4,72
901,28	1,77667
901,52	7,96667
901,77	14,24
902,02	17,62
902,26	10,92333
902,51	6,87333
902,76	-0,61333
903,00	5,54667
903,25	4,69667
903,50	10,43333
903,74	10,47333
903,99	12,85
904,23	17,06333
904,48	18,85667
904,73	25,8
904,97	26,22333
905,22	29,42
905,47	23,97667
905,71	23,4
905,96	18,26667
906,20	19,56333
906,45	16,87667
906,70	16,69333
906,94	13,20333
907,19	10,60667
907,44	4,68667
907,68	0,56667
907,93	-0,64333
908,17	-4,62667
908,42	-0,41
908,67	-3,29667
908,91	5,92333
909,16	7,87667
909,40	8,41333
909,65	2,78
909,90	-0,4
910,14	0,07333
910,39	-3,26333
910,63	-2,81
910,88	2,17333
911,13	12,4
911,37	11,47667
911,62	6,83
911,86	0,57
912,11	1,09667
912,36	3,79
912,60	4,09333
912,85	7,48333
913,09	7,58333
913,34	12
913,59	3,67667
913,83	5,77
914,08	0,41333
914,32	8,03333
914,57	7,02
914,82	10,89333
915,06	8,7
915,31	6,33
915,55	7,00667
915,80	9,83333
916,05	7,36
916,29	0,47667
916,54	-4,28333
916,78	0,91
917,03	7,45333
917,27	7,42
917,52	2,49333
917,77	2,39333
918,01	4,17333
918,26	2,78333
918,50	-1,34333
918,75	-3,71
919,00	-2,35667
919,24	-3,04333
919,49	-5,81
919,73	-2,75
919,98	-2,31
920,22	1,59333
920,47	-0,67333
920,72	-2,83333
920,96	-4,02333
921,21	-4,44
921,45	-0,46
921,70	-2,23333
921,94	1,35667
922,19	2,65667
922,43	3,73
922,68	9,62667
922,93	10,31333
923,17	8,99667
923,42	-2,25333
923,66	-3,47333
923,91	-2,19667
924,15	1,79
924,40	2,63333
924,64	2,21
924,89	1,91333
925,14	2,54
925,38	4,47667
925,63	10,63333
925,87	14,79
926,12	22,48
926,36	20,4
926,61	17,79667
926,85	41,59667
927,10	38,63333
927,35	36,55333
927,59	11,00333
927,84	8,72
928,08	10,99
928,33	5,95
928,57	7,19333
928,82	7,91667
929,06	8,77333
929,31	8,92
929,55	5,64667
929,80	8,73
930,04	7,89333
930,29	6,93
930,54	3,01333
930,78	2,21667
931,03	-1,39667
931,27	1,95
931,52	1,72667
931,76	4,33
932,01	-3,96667
932,25	-4,75333
932,50	0,2
932,74	3,34
932,99	10
933,23	3,64333
933,48	5,71333
933,72	1,67
933,97	0,12
934,21	7,79667
934,46	11,85
934,70	19,09333
934,95	10,07
935,19	0,14667
935,44	-5,36667
935,68	-4,69333
935,93	0,56
936,18	2,67333
936,42	2,13
936,67	0,41667
936,91	3,33333
937,16	12,20333
937,40	11,28
937,65	5,02667
937,89	-1,94333
938,14	1,45333
938,38	8,59667
938,63	17,65333
938,87	22,4
939,12	27,39667
939,36	34,50333
939,61	36,19
939,85	30,08333
940,10	13,96
940,34	9,81333
940,59	8,07667
940,83	4,09
941,08	4,80333
941,32	5,36333
941,57	11,54333
941,81	3,97
942,06	1,77667
942,30	-0,59333
942,55	3,41
942,79	-1,99667
943,03	-1,68667
943,28	0,34333
943,52	12,57667
943,77	7,45333
944,01	1,09667
944,26	-9,98
944,50	-10,19
944,75	-1,58
944,99	5,84
945,24	8,63333
945,48	10,03667
945,73	25,69333
945,97	24,38
946,22	16,83
946,46	-1,36333
946,71	3,94667
946,95	4,94333
947,20	0,37333
947,44	-4,31667
947,69	-2,8
947,93	-1,58333
948,17	-3,08333
948,42	-7,01333
948,66	-4,37
948,91	-5,88333
949,15	-7,55667
949,40	-10,36333
949,64	-5,20333
949,89	-1,82667
950,13	-1,06
950,38	-4,84
950,62	-3,78333
950,87	-1,39333
951,11	4,82667
951,35	2,33
951,60	2,47333
951,84	-2,44333
952,09	-2,31333
952,33	-3,5
952,58	0,27
952,82	-3,04667
953,07	-5,52
953,31	-5,22333
953,56	-0,68
953,80	0,94667
954,04	-9,04667
954,29	-15,03667
954,53	-18,40667
954,78	-14,15667
955,02	-11,45333
955,27	-8,94
955,51	-7,66
955,76	-6,35333
956,00	-5,76333
956,24	-7,16333
956,49	-4,65667
956,73	-2,21
956,98	-0,62333
957,22	4,91
957,47	7,24667
957,71	4,47667
957,95	1,53667
958,20	0,39667
958,44	5,82
958,69	1,09
958,93	-0,15333
959,18	-1,73333
959,42	3,01667
959,66	-0,64333
959,91	-5,05333
960,15	-10,53667
960,40	-9,37
960,64	-6,46333
960,89	-2,7
961,13	33,39333
961,37	37,54333
961,62	38,73
961,86	5,1
962,11	5,49
962,35	-1,65667
962,59	-2,86333
962,84	-12,51333
963,08	-6,11333
963,33	-6,39333
963,57	-2,27667
963,81	-6,42
964,06	-5,79
964,30	0,01333
964,55	-4,49
964,79	3,49333
965,04	3,83667
965,28	6,01667
965,52	-2,19667
965,77	-7,13
966,01	-3,30667
966,26	-3,76
966,50	-1,02
966,74	0,94333
966,99	3,85333
967,23	2,27667
967,48	-0,21
967,72	-2,80333
967,96	-5,80333
968,21	-3,31333
968,45	-3,88
968,69	-1,78
968,94	1,60333
969,18	-1,18667
969,43	-4,42333
969,67	-9,01333
969,91	-3,19667
970,16	0,30333
970,40	-0,86333
970,65	-2,80333
970,89	-8,19667
971,13	-7,37
971,38	-8,1
971,62	3,01667
971,86	1,93
972,11	3,21333
972,35	-4,58667
972,60	-0,69333
972,84	3,00667
973,08	4,14
973,33	-0,42333
973,57	-2,44667
973,81	-0,24
974,06	-0,61333
974,30	-6,22667
974,55	-4,95
974,79	0,32
975,03	3,36667
975,28	1,03667
975,52	-5,78
975,76	-4,21333
976,01	-5,66667
976,25	-1,31667
976,50	-2,90333
976,74	1,06333
976,98	2,66333
977,23	0,65
977,47	0,27667
977,71	-1,98333
977,96	-5,25
978,20	-11,92333
978,44	-15,55333
978,69	-6,61
978,93	-2,27333
979,17	0,60333
979,42	-2,35
979,66	-2,44667
979,90	0,15333
980,15	6,91
980,39	8,58667
980,64	3,92333
980,88	2,04333
981,12	1,53667
981,37	0,37
981,61	-2,48
981,85	-6,65
982,10	-3,19
982,34	-10,92333
982,58	-7,21667
982,83	-12,61667
983,07	-10,52667
983,31	-10,3
983,56	-9,91667
983,80	-6,07667
984,04	-6,46
984,29	0,05667
984,53	-0,64
984,77	-1,87
985,02	-0,98667
985,26	-6,81
985,50	0,26333
985,75	-4,06667
985,99	2,48333
986,23	-5,20667
986,48	-3,38667
986,72	-5,02667
986,96	0,97667
987,20	1,29667
987,45	-0,02667
987,69	-8,35
987,93	-5,52
988,18	0,32333
988,42	5,46667
988,66	3,43667
988,91	-2,04667
989,15	-4,07
989,39	-7,30667
989,64	-10,14333
989,88	-8,76
990,12	-7,39667
990,37	-2,78667
990,61	-2,88333
990,85	-5,61
991,10	-9,26
991,34	-9,97
991,58	-9,16333
991,82	-9,03667
992,07	-9,55333
992,31	-6,57667
992,55	-8,91667
992,80	-10,85667
993,04	-8,56
993,28	0,99333
993,53	2,72
993,77	0,36667
994,01	-8,42333
994,25	-9,05
994,50	-7,90667
994,74	-3,00667
994,98	-3,53333
995,23	-4,31667
995,47	-2,76333
995,71	-3,20667
995,95	-2,71
996,20	0,04
996,44	2,47
996,68	-0,38667
996,93	-7,13333
997,17	-6,61
997,41	-4,26333
997,65	-5,92667
997,90	-9,4
998,14	-11,3
998,38	-6,88667
998,63	-6,14
998,87	-6,29333
999,11	-10,28333
999,35	-8,65333
999,60	-10,95
999,84	-8,59667
1000,08	-1,89667
1000,32	2,45333
1000,57	2,82667
1000,81	2,75
1001,05	2,29
1001,30	4,76333
1001,54	-1,28
1001,78	4,39
1002,02	2,87667
1002,27	4,99333
1002,51	-2,53667
1002,75	-2,68333
1002,99	-6,51667
1003,24	-8,20667
1003,48	-7,69333
1003,72	-11,58
1003,96	-8,21333
1004,21	-6,57333
1004,45	1,69333
1004,69	1,55667
1004,93	0,80333
1005,18	-1,17667
1005,42	1,93667
1005,66	-1,98667
1005,90	-4,65
1006,15	-11,81
1006,39	-6,40667
1006,63	0,68
1006,87	7,29667
1007,12	4,29
1007,36	1,96
1007,60	1,90667
1007,84	-0,37667
1008,09	-2,13
1008,33	-6,64333
1008,57	-4,23667
1008,81	-2,16667
1009,06	-2,89
1009,30	-3,32333
1009,54	-3,30333
1009,78	0,89667
1010,03	0,76
1010,27	-3,5
1010,51	-3
1010,75	-2,30667
1010,99	1,98667
1011,24	3,47333
1011,48	11,31
1011,72	10,3
1011,96	12,36
1012,21	6,61333
1012,45	4,81667
1012,69	1,46667
1012,93	-1,77
1013,18	0,49
1013,42	-0,97333
1013,66	1,28667
1013,90	-3,09667
1014,14	-3,07
1014,39	-1,32
1014,63	0,52667
1014,87	3,77
1015,11	-1,48
1015,35	-7,70667
1015,60	-3,97
1015,84	-0,05
1016,08	1,78333
1016,32	-3,99
1016,57	-7,58333
1016,81	-5,53
1017,05	-5,20667
1017,29	-2,94667
1017,53	-2,22333
1017,78	-3,16667
1018,02	-6,51333
1018,26	-3,34333
1018,50	-5,01
1018,74	1,54667
1018,99	-3,06
1019,23	-5,54
1019,47	-10,36667
1019,71	-6,68
1019,95	-1,14333
1020,20	-2,03333
1020,44	-4,84667
1020,68	-6,51
1020,92	-0,38333
1021,16	-0,41667
1021,41	-0,04667
1021,65	-7,20667
1021,89	-8,60667
1022,13	-11,39667
1022,37	-11,11
1022,61	-11,98333
1022,86	-12,39
1023,10	-5,52667
1023,34	-4,17667
1023,58	-0,72333
1023,82	-8,93
1024,07	-8,05
1024,31	-4,8
1024,55	-2,69
1024,79	0,50667
1025,03	-6,79667
1025,27	-3,64
1025,52	-9,87667
1025,76	-9,55667
1026,00	-7,11333
1026,24	-4,47
1026,48	-4,07
1026,73	-6,35333
1026,97	0,50667
1027,21	4,28667
1027,45	4,41
1027,69	-0,91333
1027,93	-0,13
1028,18	-0,73
1028,42	1,54333
1028,66	0,63
1028,90	1,96667
1029,14	0,86
1029,38	-3,44
1029,62	-1,16333
1029,87	-1,83
1030,11	4,18333
1030,35	-2,05
1030,59	-1,56333
1030,83	-7,73667
1031,07	-7,95667
1031,32	-12,26
1031,56	-3,66333
1031,80	0,97667
1032,04	6,44
1032,28	-1,59667
1032,52	-2,73667
1032,76	-3,36
1033,01	-3,58333
1033,25	-2,19
1033,49	-4,44333
1033,73	-3,79
1033,97	-8,55
1034,21	-11,00667
1034,45	-12,72667
1034,70	-14,37333
1034,94	-9,32
1035,18	19,55333
1035,42	23,08
1035,66	27,00667
1035,90	4,22667
1036,14	-1,87667
1036,39	-4,37333
1036,63	-10,58667
1036,87	3,28333
1037,11	0,04333
1037,35	3,18667
1037,59	0,33667
1037,83	5,84667
1038,07	14,62
1038,32	8,81667
1038,56	4,02
1038,80	3,87333
1039,04	8,27
1039,28	11,42333
1039,52	3,98
1039,76	-0,97333
1040,00	-1,63333
1040,25	-6,27
1040,49	-3,93333
1040,73	-4,7
1040,97	-1,91
1041,21	1,2
1041,45	2,62333
1041,69	8,72
1041,93	1,35333
1042,17	-1,20667
1042,42	-8,40667
1042,66	-6,49333
1042,90	-3,12
1043,14	-5,45333
1043,38	-1,75
1043,62	-6,67333
1043,86	-3,57
1044,10	-2,77333
1044,34	5,64333
1044,59	7,79
1044,83	5,15333
1045,07	-0,93333
1045,31	-1,35
1045,55	-3,49333
1045,79	-10,83333
1046,03	-7,61
1046,27	-2,14333
1046,51	4,75667
1046,75	-0,84
1047,00	-4,29667
1047,24	-3,71333
1047,48	-2,31
1047,72	-1,48
1047,96	-3,49
1048,20	-0,68
1048,44	1,17667
1048,68	0,61333
1048,92	-2,37667
1049,16	-9,02
1049,40	-7,89333
1049,64	-9,27333
1049,89	-1,28
1050,13	-0,99667
1050,37	8,66
1050,61	7,64667
1050,85	12,17667
1051,09	7,3
1051,33	6,4
1051,57	7,26
1051,81	5,40667
1052,05	6,32333
1052,29	9,41667
1052,53	5,96667
1052,77	11,87667
1053,02	5,94667
1053,26	12,18
1053,50	6,46333
1053,74	4,24333
1053,98	2,76333
1054,22	-1,51667
1054,46	1,39
1054,70	3,17333
1054,94	1,88
1055,18	3,13
1055,42	6,41667
1055,66	9,70667
1055,90	5,39333
1056,14	4,03
1056,38	11,33
1056,62	13,61333
1056,86	13,82333
1057,11	9,33667
1057,35	8,23667
1057,59	1,77667
1057,83	5,93667
1058,07	12,71
1058,31	25,71
1058,55	25,22
1058,79	20,91
1059,03	10,52667
1059,27	10,62333
1059,51	11,56
1059,75	14,64667
1059,99	11,12333
1060,23	13,12
1060,47	21,06667
1060,71	28,87333
1060,95	22,99
1061,19	16,77667
1061,43	13,45333
1061,67	24,55333
1061,91	28,74
1062,15	27,43667
1062,39	24,35
1062,64	30,04333
1062,88	39,36333
1063,12	70,53
1063,36	167,80333
1063,60	420,13333
1063,84	866,22333
1064,08	1278,23333
1064,32	1315,36333
1064,56	1055,48333
1064,80	698,19
1065,04	496,57
1065,28	345,36667
1065,52	237,60333
1065,76	181,33667
1066,00	152,8
1066,24	131,18333
1066,48	122,53
1066,72	109,29333
1066,96	97,41
1067,20	80,09333
1067,44	70,54333
1067,68	62,56
1067,92	55,63333
1068,16	51,72
1068,40	50,86333
1068,64	52,23667
1068,88	49,16333
1069,12	42,89667
1069,36	43,82333
1069,60	38,79
1069,84	47,64667
1070,08	43,37
1070,32	47,58667
1070,56	39,81333
1070,80	37,68
1071,04	47,81667
1071,28	45,37667
1071,52	46,84333
1071,76	29,63667
1072,00	31,49333
1072,24	24,73333
1072,48	23,10333
1072,72	19,35
1072,96	22,83667
1073,20	16,37
1073,44	17,91667
1073,68	14,51
1073,92	19,05333
1074,16	11,49
1074,40	9,83
1074,64	5,51333
1074,88	5,68667
1075,12	6,74
1075,36	5,72333
1075,60	8,24667
1075,84	4,91333
1076,08	5,71333
1076,32	2,34
1076,56	-0,42333
1076,80	-0,43
1077,04	-5,02333
1077,28	-4,53
1077,52	-8,9
1077,76	-9,87
1078,00	-6,94667
1078,24	3,94667
1078,48	8,51667
1078,71	6,48667
1078,95	0,69333
1079,19	-4,15
1079,43	-9,79
1079,67	-11,2
1079,91	-5,15333
1080,15	-1,34333
1080,39	-1,87667
1080,63	-1,86333
1080,87	-1,92
1081,11	-1,63667
1081,35	-3,20667
1081,59	0,68333
1081,83	-0,15
1082,07	-3,84667
1082,31	-5,81667
1082,55	-5,54667
1082,79	-4,3
1083,03	-2,63333
1083,27	-7,54333
1083,51	-5,66333
1083,75	-7,17667
1083,99	1,68667
1084,22	2,04333
1084,46	0,81
1084,70	1,42333
1084,94	-1,16
1085,18	-1,58333
1085,42	-9,35
1085,66	-7,40333
1085,90	-8,18333
1086,14	-1,96333
1086,38	3,98667
1086,62	1,44
1086,86	3,60667
1087,10	-1,72333
1087,34	2,47667
1087,58	-3,88
1087,82	-5,55333
1088,06	-2,59
1088,29	3,75667
1088,53	1,27333
1088,77	-2,99667
1089,01	-5,04333
1089,25	-2,15333
1089,49	-0,35
1089,73	-4,03667
1089,97	-1,86333
1090,21	-4,52
1090,45	-2,55
1090,69	-5,36667
1090,93	-6,1
1091,17	-10,17667
1091,40	-3,13333
1091,64	-4,2
1091,88	-2,78
1092,12	-10,12667
1092,36	-7,45667
1092,60	-7,29
1092,84	-3,36667
1093,08	0,11667
1093,32	2,12333
1093,56	2,47667
1093,80	6,02667
1094,04	4,54
1094,27	0,33
1094,51	-1,79667
1094,75	1,32667
1094,99	3,61
1095,23	0,76
1095,47	29,12333
1095,71	27,23
1095,95	25,41667
1096,19	-5,76667
1096,43	-3,58667
1096,66	-8,67333
1096,90	-10,39
1097,14	-10,53667
1097,38	-10,04333
1097,62	-7,45
1097,86	-8,58333
1098,10	-3,00333
1098,34	-1,13667
1098,58	-3,42333
1098,81	-2,82333
1099,05	-2,79
1099,29	6,07
1099,53	8,65
1099,77	6,76333
1100,01	-2,83667
1100,25	-4,97
1100,49	-4,15333
1100,73	5,72667
1100,96	10,72667
1101,20	13,86
1101,44	2,63
1101,68	-1,00333
1101,92	-5,21
1102,16	-1,35
1102,40	-0,79667
1102,64	1,34
1102,87	3,57
1103,11	-0,24
1103,35	-0,97333
1103,59	-4,62333
1103,83	-5,13667
1104,07	-0,99667
1104,31	0,58333
1104,55	0,33
1104,78	-7,59333
1105,02	-4,85333
1105,26	-8,27333
1105,50	-3,58
1105,74	-9,58667
1105,98	-4,48667
1106,22	-0,43333
1106,45	0,55
1106,69	-3,17333
1106,93	-6,41
1107,17	-5,8
1107,41	-4,79333
1107,65	-7,89
1107,89	-5,29333
1108,12	-4,06667
1108,36	-8,59333
1108,60	-8,19333
1108,84	-6,49
1109,08	-3,76
1109,32	-3,65667
1109,55	-6,22333
1109,79	0,96
1110,03	-2,08667
1110,27	-0,13
1110,51	-5,42667
1110,75	-7,39
1110,99	-9,06
1111,22	-11,78
1111,46	-10,45333
1111,70	-11,90333
1111,94	-16,07
1112,18	-17,73
1112,42	-15,22333
1112,65	-7,55667
1112,89	-3,43
1113,13	-5,12333
1113,37	-4,22
1113,61	-2,38333
1113,85	4,91
1114,08	2,16333
1114,32	-2,31333
1114,56	-3,19
1114,80	-2,77333
1115,04	3,02
1115,28	-3,09333
1115,51	-0,75667
1115,75	-0,51667
1115,99	0,53667
1116,23	-0,76667
1116,47	-1,68
1116,70	-2,10333
1116,94	-5,88333
1117,18	-4,45667
1117,42	-6,44333
1117,66	-2,01667
1117,90	-9,80667
1118,13	-9,78667
1118,37	-16,83
1118,61	-14,96667
1118,85	-11,18667
1119,09	-10,67667
1119,32	-6,39
1119,56	-5,98333
1119,80	-6,37667
1120,04	-11,98667
1120,28	-8,69333
1120,51	-6,48667
1120,75	-3,42333
1120,99	-9,745