194,56	-191,14231
194,83	-191,14231
195,09	-191,07564
195,36	-128,35897
195,63	-64,77564
195,90	-7,10897
196,17	-18,32564
196,44	-34,39231
196,71	-20,05897
196,97	-8,45897
197,24	17,94103
197,51	-8,05897
197,78	6,44103
198,05	10,70769
198,32	26,22436
198,59	6,89103
198,86	5,87436
199,12	-0,55897
199,39	10,02436
199,66	12,20769
199,93	27,67436
200,20	25,82436
200,47	6,12436
200,74	3,25769
201,00	-3,80897
201,27	4,02436
201,54	-9,57564
201,81	14,70769
202,08	-3,77564
202,35	10,70769
202,61	2,39103
202,88	55,25769
203,15	34,94103
203,42	23,69103
203,69	-11,70897
203,96	-0,07564
204,23	2,15769
204,49	-3,24231
204,76	24,70769
205,03	38,50769
205,30	42,59103
205,57	19,45769
205,84	20,59103
206,10	41,05769
206,37	50,97436
206,64	53,82436
206,91	49,20769
207,18	33,95769
207,45	29,14103
207,71	15,99103
207,98	31,35769
208,25	18,44103
208,52	8,70769
208,79	-1,47564
209,06	5,99103
209,32	19,42436
209,59	26,37436
209,86	-1,04231
210,13	5,79103
210,40	16,84103
210,67	48,62436
210,93	42,84103
211,20	15,90769
211,47	13,04103
211,74	34,60769
212,01	37,95769
212,28	50,05769
212,54	50,17436
212,81	53,29103
213,08	40,84103
213,35	33,02436
213,62	47,15769
213,88	57,70769
214,15	42,29103
214,42	27,84103
214,69	28,79103
214,96	33,70769
215,23	61,47436
215,49	48,07436
215,76	46,07436
216,03	38,07436
216,30	24,39103
216,57	12,47436
216,83	8,32436
217,10	16,64103
217,37	34,62436
217,64	55,05769
217,91	67,37436
218,17	35,15769
218,44	-10,45897
218,71	-12,79231
218,98	11,07436
219,25	46,07436
219,51	50,17436
219,78	48,04103
220,05	31,07436
220,32	18,90769
220,59	26,35769
220,85	27,72436
221,12	43,74103
221,39	57,24103
221,66	56,87436
221,93	36,69103
222,19	10,65769
222,46	26,39103
222,73	42,07436
223,00	64,12436
223,27	46,04103
223,53	43,07436
223,80	30,62436
224,07	41,49103
224,34	56,80769
224,61	53,92436
224,87	34,82436
225,14	5,50769
225,41	9,29103
225,68	33,25769
225,94	48,57436
226,21	50,40769
226,48	31,30769
226,75	33,05769
227,02	18,04103
227,28	25,80769
227,55	10,30769
227,82	20,22436
228,09	-3,45897
228,36	-6,44231
228,62	2,64103
228,89	25,89103
229,16	37,65769
229,43	30,47436
229,69	27,57436
229,96	28,24103
230,23	19,50769
230,50	27,49103
230,76	17,35769
231,03	22,05769
231,30	22,19103
231,57	32,87436
231,84	31,02436
232,10	19,54103
232,37	17,54103
232,64	8,69103
232,91	12,02436
233,17	22,19103
233,44	31,34103
233,71	31,64103
233,98	11,57436
234,24	12,47436
234,51	34,45769
234,78	43,39103
235,05	58,20769
235,31	37,15769
235,58	33,25769
235,85	11,42436
236,12	-0,82564
236,39	25,02436
236,65	36,67436
236,92	79,99103
237,19	71,54103
237,46	105,75769
237,72	75,27436
237,99	53,87436
238,26	21,57436
238,53	44,64103
238,79	43,70769
239,06	37,95769
239,33	5,04103
239,60	0,95769
239,86	-9,39231
240,13	-11,02564
240,40	-13,77564
240,67	14,92436
240,93	26,99103
241,20	30,12436
241,47	8,10769
241,73	8,50769
242,00	12,47436
242,27	19,45769
242,54	22,84103
242,80	25,10769
243,07	31,12436
243,34	27,62436
243,61	63,25769
243,87	45,64103
244,14	43,77436
244,41	3,57436
244,68	14,92436
244,94	18,20769
245,21	28,90769
245,48	36,72436
245,74	29,04103
246,01	39,27436
246,28	29,52436
246,55	25,65769
246,81	1,65769
247,08	6,85769
247,35	21,67436
247,62	25,22436
247,88	5,05769
248,15	9,04103
248,42	46,62436
248,68	52,80769
248,95	36,15769
249,22	6,60769
249,49	18,47436
249,75	19,72436
250,02	28,52436
250,29	18,74103
250,56	37,19103
250,82	46,90769
251,09	54,35769
251,36	57,45769
251,62	32,64103
251,89	33,92436
252,16	48,07436
252,43	73,54103
252,69	67,39103
252,96	34,52436
253,23	26,92436
253,49	31,57436
253,76	41,62436
254,03	59,12436
254,29	62,22436
254,56	61,50769
254,83	36,49103
255,10	13,10769
255,36	10,84103
255,63	23,27436
255,90	50,42436
256,16	53,09103
256,43	26,09103
256,70	30,79103
256,96	28,72436
257,23	38,79103
257,50	29,27436
257,77	37,55769
258,03	39,54103
258,30	46,42436
258,57	22,27436
258,83	26,27436
259,10	17,85769
259,37	24,95769
259,63	12,97436
259,90	29,12436
260,17	27,79103
260,43	36,19103
260,70	19,50769
260,97	40,35769
261,24	47,00769
261,50	49,57436
261,77	36,55769
262,04	22,17436
262,30	13,47436
262,57	7,25769
262,84	20,24103
263,10	46,49103
263,37	63,42436
263,64	43,12436
263,90	18,32436
264,17	3,69103
264,44	11,14103
264,70	11,99103
264,97	27,95769
265,24	53,39103
265,50	64,85769
265,77	64,22436
266,04	44,05769
266,30	32,19103
266,57	10,40769
266,84	10,24103
267,10	12,70769
267,37	45,14103
267,64	51,49103
267,90	63,69103
268,17	51,10769
268,44	37,95769
268,70	18,44103
268,97	-8,72564
269,24	2,10769
269,50	15,54103
269,77	36,49103
270,04	47,74103
270,30	39,09103
270,57	45,87436
270,84	18,82436
271,10	31,47436
271,37	19,80769
271,64	50,15769
271,90	81,20769
272,17	85,80769
272,44	71,87436
272,70	37,12436
272,97	28,05769
273,24	20,25769
273,50	26,37436
273,77	42,15769
274,04	46,89103
274,30	39,60769
274,57	27,20769
274,84	41,89103
275,10	42,20769
275,37	43,67436
275,64	26,77436
275,90	10,60769
276,17	5,57436
276,43	15,54103
276,70	15,64103
276,97	9,85769
277,23	20,09103
277,50	24,42436
277,77	18,97436
278,03	-15,42564
278,30	-1,55897
278,57	-1,02564
278,83	8,69103
279,10	12,80769
279,37	8,95769
279,63	11,12436
279,90	18,84103
280,16	41,17436
280,43	57,89103
280,70	47,60769
280,96	63,35769
281,23	56,70769
281,50	43,37436
281,76	22,25769
282,03	22,35769
282,29	30,67436
282,56	31,97436
282,83	19,57436
283,09	7,45769
283,36	13,89103
283,63	22,42436
283,89	35,15769
284,16	34,27436
284,42	38,14103
284,69	37,49103
284,96	31,74103
285,22	24,60769
285,49	29,05769
285,76	31,02436
286,02	56,57436
286,29	64,90769
286,55	61,99103
286,82	36,55769
287,09	13,69103
287,35	30,05769
287,62	21,74103
287,88	31,02436
288,15	5,64103
288,42	2,87436
288,68	16,29103
288,95	26,39103
289,22	44,97436
289,48	38,20769
289,75	42,67436
290,01	45,72436
290,28	26,65769
290,55	31,77436
290,81	12,27436
291,08	34,77436
291,34	44,07436
291,61	64,79103
291,88	62,29103
292,14	32,50769
292,41	27,59103
292,67	44,80769
292,94	62,95769
293,21	59,27436
293,47	49,67436
293,74	51,64103
294,00	35,79103
294,27	14,09103
294,54	2,10769
294,80	20,49103
295,07	47,00769
295,33	44,10769
295,60	46,45769
295,86	27,45769
296,13	21,52436
296,40	5,80769
296,66	19,19103
296,93	64,70769
297,19	85,40769
297,46	78,94103
297,73	56,37436
297,99	42,29103
298,26	26,70769
298,52	11,54103
298,79	14,09103
299,05	6,24103
299,32	27,40769
299,59	44,67436
299,85	63,87436
300,12	49,69103
300,38	34,60769
300,65	28,67436
300,92	40,79103
301,18	44,37436
301,45	63,37436
301,71	47,12436
301,98	60,80769
302,24	72,85769
302,51	89,14103
302,78	90,90769
303,04	71,64103
303,31	78,64103
303,57	87,77436
303,84	88,94103
304,10	68,60769
304,37	62,80769
304,63	75,42436
304,90	96,44103
305,17	101,97436
305,43	91,90769
305,70	109,72436
305,96	104,29103
306,23	107,32436
306,49	97,09103
306,76	96,69103
307,03	97,34103
307,29	88,34103
307,56	105,55769
307,82	114,24103
308,09	121,45769
308,35	110,64103
308,62	126,39103
308,88	115,69103
309,15	121,39103
309,42	109,40769
309,68	120,37436
309,95	119,42436
310,21	106,90769
310,48	107,50769
310,74	106,99103
311,01	134,67436
311,27	126,47436
311,54	115,94103
311,80	99,49103
312,07	126,32436
312,34	151,14103
312,60	149,60769
312,87	154,32436
313,13	166,89103
313,40	169,65769
313,66	163,14103
313,93	132,44103
314,19	150,05769
314,46	138,50769
314,72	151,82436
314,99	135,14103
315,25	124,65769
315,52	107,82436
315,78	103,70769
316,05	105,69103
316,32	110,69103
316,58	110,50769
316,85	121,84103
317,11	124,95769
317,38	124,87436
317,64	124,60769
317,91	120,65769
318,17	121,89103
318,44	123,52436
318,70	116,00769
318,97	124,64103
319,23	142,47436
319,50	150,04103
319,76	145,09103
320,03	122,19103
320,29	135,75769
320,56	142,15769
320,82	153,75769
321,09	154,52436
321,36	169,70769
321,62	162,94103
321,89	152,82436
322,15	133,57436
322,42	136,44103
322,68	154,90769
322,95	183,02436
323,21	199,72436
323,48	188,32436
323,74	174,15769
324,01	167,29103
324,27	159,87436
324,54	151,39103
324,80	158,67436
325,07	170,37436
325,33	185,15769
325,60	170,05769
325,86	177,67436
326,13	171,49103
326,39	184,27436
326,66	176,47436
326,92	181,89103
327,19	183,02436
327,45	183,82436
327,72	188,04103
327,98	185,37436
328,25	199,32436
328,51	191,34103
328,78	194,84103
329,04	191,02436
329,31	190,19103
329,57	182,44103
329,84	180,02436
330,10	192,19103
330,37	218,57436
330,63	218,52436
330,90	215,84103
331,16	213,27436
331,43	220,75769
331,69	239,92436
331,96	247,92436
332,22	256,75769
332,49	264,60769
332,75	253,65769
333,01	241,49103
333,28	226,49103
333,54	231,27436
333,81	265,74103
334,07	273,34103
334,34	266,85769
334,60	258,60769
334,87	269,80769
335,13	304,55769
335,40	294,42436
335,66	285,64103
335,93	266,95769
336,19	270,39103
336,46	284,75769
336,72	274,84103
336,99	276,69103
337,25	268,05769
337,52	279,19103
337,78	297,50769
338,05	288,87436
338,31	301,72436
338,57	306,25769
338,84	308,94103
339,10	303,85769
339,37	291,60769
339,63	309,10769
339,90	315,67436
340,16	319,24103
340,43	311,74103
340,69	323,17436
340,96	315,44103
341,22	330,74103
341,49	304,84103
341,75	314,25769
342,01	316,20769
342,28	341,95769
342,54	378,24103
342,81	395,42436
343,07	416,84103
343,34	404,09103
343,60	415,94103
343,87	394,15769
344,13	400,69103
344,40	415,34103
344,66	439,87436
344,92	471,69103
345,19	453,25769
345,45	456,19103
345,72	455,02436
345,98	466,97436
346,25	468,82436
346,51	464,87436
346,78	462,87436
347,04	474,85769
347,30	460,17436
347,57	460,90769
347,83	449,60769
348,10	458,75769
348,36	467,44103
348,63	483,12436
348,89	484,29103
349,15	485,50769
349,42	477,90769
349,68	473,20769
349,95	470,79103
350,21	489,52436
350,48	504,70769
350,74	518,92436
351,01	506,92436
351,27	507,97436
351,53	497,29103
351,80	495,44103
352,06	501,45769
352,33	508,99103
352,59	511,09103
352,86	513,70769
353,12	534,87436
353,38	582,90769
353,65	586,29103
353,91	592,70769
354,18	601,04103
354,44	654,79103
354,70	665,20769
354,97	648,04103
355,23	634,67436
355,50	638,60769
355,76	670,64103
356,03	678,07436
356,29	715,94103
356,55	721,29103
356,82	722,79103
357,08	700,87436
357,35	697,47436
357,61	723,92436
357,87	744,84103
358,14	748,24103
358,40	736,14103
358,67	749,29103
358,93	769,10769
359,20	800,05769
359,46	807,44103
359,72	796,67436
359,99	763,82436
360,25	750,34103
360,52	750,57436
360,78	762,30769
361,04	764,64103
361,31	745,52436
361,57	719,32436
361,84	704,50769
362,10	709,45769
362,36	719,15769
362,63	728,49103
362,89	729,94103
363,16	736,50769
363,42	739,34103
363,68	736,25769
363,95	737,59103
364,21	711,05769
364,47	712,50769
364,74	698,67436
365,00	692,45769
365,27	667,94103
365,53	657,57436
365,79	664,59103
366,06	678,62436
366,32	692,87436
366,59	664,90769
366,85	653,15769
367,11	630,09103
367,38	641,42436
367,64	637,40769
367,91	637,50769
368,17	627,39103
368,43	616,52436
368,70	618,65769
368,96	617,19103
369,22	647,37436
369,49	655,72436
369,75	663,25769
370,02	652,44103
370,28	643,67436
370,54	650,92436
370,81	645,09103
371,07	652,72436
371,33	688,64103
371,60	670,09103
371,86	657,72436
372,13	618,30769
372,39	634,10769
372,65	649,57436
372,92	657,79103
373,18	673,64103
373,44	665,57436
373,71	646,07436
373,97	623,37436
374,23	626,32436
374,50	658,55769
374,76	672,00769
375,03	678,40769
375,29	672,05769
375,55	677,99103
375,82	671,99103
376,08	666,45769
376,34	694,55769
376,61	683,69103
376,87	672,89103
377,13	628,87436
377,40	648,25769
377,66	685,54103
377,92	722,27436
378,19	740,74103
378,45	743,89103
378,72	726,62436
378,98	726,94103
379,24	714,64103
379,51	732,42436
379,77	730,05769
380,03	705,09103
380,30	722,62436
380,56	720,64103
380,82	760,62436
381,09	750,89103
381,35	766,37436
381,61	750,22436
381,88	758,25769
382,14	766,05769
382,40	783,15769
382,67	775,35769
382,93	759,30769
383,19	747,69103
383,46	746,10769
383,72	756,55769
383,98	760,09103
384,25	775,77436
384,51	785,25769
384,77	788,04103
385,04	792,02436
385,30	781,34103
385,56	814,25769
385,83	837,67436
386,09	859,87436
386,35	862,57436
386,62	859,77436
386,88	880,60769
387,14	886,19103
387,41	879,12436
387,67	883,45769
387,93	891,82436
388,20	911,17436
388,46	911,20769
388,72	920,20769
388,99	925,70769
389,25	925,47436
389,51	916,79103
389,78	913,72436
390,04	927,02436
390,30	952,04103
390,56	956,29103
390,83	937,90769
391,09	914,89103
391,35	889,25769
391,62	887,72436
391,88	884,62436
392,14	901,00769
392,41	896,89103
392,67	872,20769
392,93	859,65769
393,20	836,45769
393,46	840,90769
393,72	815,54103
393,99	803,19103
394,25	807,27436
394,51	796,15769
394,77	816,17436
395,04	807,74103
395,30	835,75769
395,56	844,09103
395,83	841,12436
396,09	839,40769
396,35	846,05769
396,62	845,90769
396,88	870,59103
397,14	859,30769
397,40	909,90769
397,67	915,92436
397,93	929,05769
398,19	919,02436
398,46	925,75769
398,72	946,62436
398,98	952,39103
399,24	959,44103
399,51	969,57436
399,77	983,04103
400,03	976,05769
400,30	957,15769
400,56	978,87436
400,82	982,25769
401,08	970,54103
401,35	930,37436
401,61	932,12436
401,87	936,15769
402,14	946,12436
402,40	934,15769
402,66	942,25769
402,92	914,37436
403,19	908,74103
403,45	923,67436
403,71	942,40769
403,98	956,82436
404,24	955,42436
404,50	962,87436
404,76	1001,29103
405,03	1034,09103
405,29	1074,32436
405,55	1082,32436
405,81	1108,65769
406,08	1107,92436
406,34	1107,42436
406,60	1094,87436
406,87	1113,84103
407,13	1140,92436
407,39	1133,17436
407,65	1096,25769
407,92	1044,44103
408,18	1011,52436
408,44	1005,95769
408,70	991,27436
408,97	993,82436
409,23	988,89103
409,49	981,49103
409,75	960,84103
410,02	938,97436
410,28	918,22436
410,54	915,44103
410,80	920,44103
411,07	933,45769
411,33	941,77436
411,59	912,75769
411,85	923,95769
412,12	929,12436
412,38	944,27436
412,64	926,97436
412,90	901,77436
413,17	897,45769
413,43	884,04103
413,69	894,92436
413,95	895,52436
414,22	897,49103
414,48	868,22436
414,74	847,60769
415,00	848,19103
415,27	857,05769
415,53	880,25769
415,79	873,35769
416,05	876,75769
416,32	871,82436
416,58	896,62436
416,84	913,37436
417,10	895,24103
417,37	879,34103
417,63	867,94103
417,89	887,80769
418,15	876,84103
418,41	867,07436
418,68	863,44103
418,94	879,04103
419,20	877,45769
419,46	891,99103
419,73	887,74103
419,99	907,19103
420,25	891,12436
420,51	944,62436
420,78	939,94103
421,04	923,85769
421,30	854,69103
421,56	862,95769
421,82	875,40769
422,09	900,05769
422,35	886,25769
422,61	898,07436
422,87	981,75769
423,14	972,12436
423,40	969,42436
423,66	868,44103
423,92	887,87436
424,18	883,62436
424,45	878,95769
424,71	859,02436
424,97	860,80769
425,23	858,12436
425,49	855,95769
425,76	862,25769
426,02	880,00769
426,28	890,62436
426,54	874,27436
426,81	861,64103
427,07	847,02436
427,33	834,87436
427,59	832,19103
427,85	830,79103
428,12	841,30769
428,38	843,17436
428,64	834,55769
428,90	824,07436
429,16	825,12436
429,43	832,32436
429,69	836,70769
429,95	840,07436
430,21	859,57436
430,47	895,19103
430,74	889,65769
431,00	884,70769
431,26	850,02436
431,52	860,29103
431,78	868,65769
432,05	904,20769
432,31	937,09103
432,57	925,42436
432,83	888,64103
433,09	851,32436
433,35	851,89103
433,62	853,92436
433,88	850,79103
434,14	851,19103
434,40	851,40769
434,66	861,19103
434,93	857,52436
435,19	869,60769
435,45	861,75769
435,71	894,99103
435,97	901,12436
436,23	904,34103
436,50	882,67436
436,76	871,44103
437,02	874,19103
437,28	859,17436
437,54	865,70769
437,81	852,72436
438,07	851,65769
438,33	843,37436
438,59	838,04103
438,85	847,12436
439,11	830,19103
439,38	854,42436
439,64	849,50769
439,90	871,54103
440,16	867,84103
440,42	873,40769
440,68	886,04103
440,95	876,70769
441,21	906,04103
441,47	925,24103
441,73	944,09103
441,99	947,74103
442,25	940,50769
442,52	962,74103
442,78	952,94103
443,04	966,47436
443,30	965,89103
443,56	992,20769
443,82	1002,75769
444,08	1021,00769
444,35	1016,80769
444,61	1010,74103
444,87	975,80769
445,13	980,67436
445,39	951,47436
445,65	959,20769
445,92	911,20769
446,18	918,72436
446,44	911,07436
446,70	930,69103
446,96	937,09103
447,22	950,62436
447,48	962,20769
447,75	972,52436
448,01	987,00769
448,27	967,40769
448,53	953,62436
448,79	944,57436
449,05	958,30769
449,31	953,55769
449,58	942,87436
449,84	926,49103
450,10	920,55769
450,36	885,47436
450,62	870,09103
450,88	853,39103
451,14	843,54103
451,41	824,67436
451,67	804,45769
451,93	809,45769
452,19	825,12436
452,45	845,99103
452,71	840,52436
452,97	815,95769
453,23	821,44103
453,50	825,15769
453,76	838,04103
454,02	825,92436
454,28	825,27436
454,54	826,17436
454,80	829,22436
455,06	824,82436
455,32	823,65769
455,59	809,85769
455,85	812,22436
456,11	813,34103
456,37	820,09103
456,63	826,45769
456,89	832,20769
457,15	859,50769
457,41	868,34103
457,68	895,92436
457,94	879,94103
458,20	892,54103
458,46	901,57436
458,72	936,25769
458,98	969,44103
459,24	988,60769
459,50	1010,85769
459,76	1018,85769
460,03	1014,05769
460,29	1027,09103
460,55	1048,74103
460,81	1079,89103
461,07	1085,80769
461,33	1116,00769
461,59	1151,52436
461,85	1151,39103
462,11	1135,40769
462,37	1121,02436
462,64	1133,02436
462,90	1126,10769
463,16	1122,34103
463,42	1144,55769
463,68	1148,09103
463,94	1133,27436
464,20	1102,00769
464,46	1081,74103
464,72	1087,44103
464,98	1070,47436
465,24	1078,12436
465,51	1052,65769
465,77	1044,92436
466,03	1006,99103
466,29	990,30769
466,55	969,15769
466,81	958,17436
467,07	956,62436
467,33	951,67436
467,59	976,25769
467,85	962,00769
468,11	947,65769
468,38	908,37436
468,64	920,50769
468,90	913,80769
469,16	926,40769
469,42	910,37436
469,68	915,64103
469,94	927,55769
470,20	933,57436
470,46	932,64103
470,72	918,45769
470,98	900,84103
471,24	908,49103
471,50	910,10769
471,77	921,39103
472,03	925,52436
472,29	905,62436
472,55	904,79103
472,81	913,30769
473,07	926,19103
473,33	908,95769
473,59	901,55769
473,85	896,30769
474,11	912,34103
474,37	908,45769
474,63	909,69103
474,89	937,62436
475,15	961,30769
475,41	1004,05769
475,68	1005,54103
475,94	1016,09103
476,20	1017,67436
476,46	1045,14103
476,72	1052,02436
476,98	1084,50769
477,24	1103,05769
477,50	1151,67436
477,76	1228,79103
478,02	1343,49103
478,28	1462,55769
478,54	1533,79103
478,80	1598,57436
479,06	1640,07436
479,32	1689,27436
479,58	1707,14103
479,84	1745,67436
480,10	1717,02436
480,36	1659,17436
480,63	1561,40769
480,89	1473,85769
481,15	1419,04103
481,41	1363,90769
481,67	1350,54103
481,93	1317,54103
482,19	1283,49103
482,45	1251,15769
482,71	1220,54103
482,97	1198,79103
483,23	1181,12436
483,49	1174,29103
483,75	1190,64103
484,01	1193,95769
484,27	1193,65769
484,53	1205,20769
484,79	1255,60769
485,05	1263,00769
485,31	1267,09103
485,57	1222,54103
485,83	1239,35769
486,09	1232,47436
486,35	1245,09103
486,61	1234,84103
486,87	1239,95769
487,13	1252,97436
487,39	1283,94103
487,65	1310,00769
487,91	1319,30769
488,17	1307,74103
488,43	1286,84103
488,70	1296,57436
488,96	1319,52436
489,22	1333,50769
489,48	1342,72436
489,74	1348,87436
490,00	1376,40769
490,26	1376,05769
490,52	1404,49103
490,78	1410,69103
491,04	1425,94103
491,30	1428,00769
491,56	1440,05769
491,82	1443,00769
492,08	1442,85769
492,34	1462,92436
492,60	1490,14103
492,86	1511,55769
493,12	1529,25769
493,38	1562,62436
493,64	1596,54103
493,90	1610,34103
494,16	1600,27436
494,42	1601,32436
494,68	1619,90769
494,94	1668,79103
495,20	1706,54103
495,46	1724,89103
495,72	1723,94103
495,98	1723,87436
496,24	1729,04103
496,50	1751,72436
496,76	1804,07436
497,02	1852,40769
497,28	1901,47436
497,54	1958,04103
497,80	2017,37436
498,06	2071,65769
498,32	2104,04103
498,58	2183,35769
498,84	2263,19103
499,10	2363,27436
499,36	2458,54103
499,62	2558,09103
499,88	2644,99103
500,14	2688,94103
500,40	2698,47436
500,66	2707,92436
500,92	2703,95769
501,18	2670,70769
501,44	2589,02436
501,69	2503,92436
501,95	2438,89103
502,21	2362,07436
502,47	2278,39103
502,73	2193,24103
502,99	2141,12436
503,25	2100,05769
503,51	2074,32436
503,77	2034,29103
504,03	2018,09103
504,29	2008,15769
504,55	2007,32436
504,81	1974,47436
505,07	1931,87436
505,33	1896,55769
505,59	1874,64103
505,85	1880,15769
506,11	1868,42436
506,37	1854,85769
506,63	1812,04103
506,89	1795,44103
507,15	1791,15769
507,41	1776,77436
507,67	1759,02436
507,93	1736,02436
508,19	1727,12436
508,45	1732,80769
508,71	1728,39103
508,97	1716,85769
509,23	1696,10769
509,49	1718,00769
509,74	1745,97436
510,00	1749,27436
510,26	1735,45769
510,52	1707,12436
510,78	1716,32436
511,04	1697,54103
511,30	1726,57436
511,56	1714,95769
511,82	1722,92436
512,08	1696,17436
512,34	1727,69103
512,60	1728,15769
512,86	1755,37436
513,12	1744,92436
513,38	1765,35769
513,64	1793,85769
513,90	1817,49103
514,16	1868,37436
514,42	1892,84103
514,67	1911,70769
514,93	1904,94103
515,19	1896,67436
515,45	1893,25769
515,71	1885,77436
515,97	1893,19103
516,23	1893,02436
516,49	1892,14103
516,75	1895,69103
517,01	1907,27436
517,27	1905,80769
517,53	1889,80769
517,79	1876,79103
518,05	1868,07436
518,31	1869,65769
518,56	1860,65769
518,82	1850,10769
519,08	1806,39103
519,34	1771,49103
519,60	1733,30769
519,86	1735,34103
520,12	1719,57436
520,38	1704,79103
520,64	1698,77436
520,90	1712,89103
521,16	1724,60769
521,42	1726,54103
521,68	1751,65769
521,93	1853,45769
522,19	1940,65769
522,45	2023,84103
522,71	2027,92436
522,97	2048,67436
523,23	2026,14103
523,49	2071,92436
523,75	2098,99103
524,01	2070,97436
524,27	1946,77436
524,53	1839,67436
524,79	1791,84103
525,04	1768,74103
525,30	1717,07436
525,56	1675,94103
525,82	1646,64103
526,08	1645,52436
526,34	1627,44103
526,60	1644,74103
526,86	1623,80769
527,12	1626,35769
527,38	1590,52436
527,63	1585,32436
527,89	1575,59103
528,15	1575,95769
528,41	1570,39103
528,67	1574,27436
528,93	1590,79103
529,19	1581,30769
529,45	1571,05769
529,71	1550,30769
529,97	1567,32436
530,22	1588,72436
530,48	1607,02436
530,74	1607,90769
531,00	1611,75769
531,26	1622,14103
531,52	1628,64103
531,78	1613,30769
532,04	1607,57436
532,30	1601,05769
532,55	1632,45769
532,81	1631,99103
533,07	1619,15769
533,33	1588,55769
533,59	1565,70769
533,85	1550,90769
534,11	1572,74103
534,37	1589,49103
534,62	1611,27436
534,88	1567,99103
535,14	1541,15769
535,40	1525,72436
535,66	1539,40769
535,92	1548,62436
536,18	1558,17436
536,44	1552,75769
536,69	1541,57436
536,95	1534,09103
537,21	1540,35769
537,47	1557,74103
537,73	1570,84103
537,99	1554,09103
538,25	1544,17436
538,51	1525,82436
538,76	1527,60769
539,02	1526,55769
539,28	1544,55769
539,54	1543,42436
539,80	1534,60769
540,06	1519,89103
540,32	1538,65769
540,57	1551,72436
540,83	1565,02436
541,09	1539,59103
541,35	1521,50769
541,61	1506,30769
541,87	1500,02436
542,13	1522,04103
542,38	1529,10769
542,64	1533,85769
542,90	1519,59103
543,16	1486,87436
543,42	1492,12436
543,68	1473,77436
543,94	1480,90769
544,19	1473,72436
544,45	1488,59103
544,71	1493,05769
544,97	1500,30769
545,23	1485,39103
545,49	1487,55769
545,74	1457,84103
546,00	1470,39103
546,26	1438,92436
546,52	1476,99103
546,78	1477,59103
547,04	1500,37436
547,29	1481,52436
547,55	1463,92436
547,81	1457,64103
548,07	1456,54103
548,33	1450,89103
548,59	1456,42436
548,84	1459,34103
549,10	1467,70769
549,36	1464,15769
549,62	1463,17436
549,88	1468,42436
550,14	1472,72436
550,39	1465,12436
550,65	1476,95769
550,91	1488,69103
551,17	1498,04103
551,43	1496,10769
551,69	1499,17436
551,94	1523,10769
552,20	1536,59103
552,46	1548,37436
552,72	1539,69103
552,98	1534,55769
553,24	1526,97436
553,49	1525,20769
553,75	1521,64103
554,01	1523,54103
554,27	1525,89103
554,53	1540,17436
554,78	1534,72436
555,04	1518,67436
555,30	1497,57436
555,56	1480,84103
555,82	1499,29103
556,07	1510,85769
556,33	1526,80769
556,59	1517,90769
556,85	1523,22436
557,11	1546,07436
557,37	1559,67436
557,62	1539,85769
557,88	1515,72436
558,14	1522,39103
558,40	1523,25769
558,66	1525,90769
558,91	1498,30769
559,17	1502,92436
559,43	1504,42436
559,69	1489,35769
559,95	1466,60769
560,20	1444,09103
560,46	1463,37436
560,72	1474,00769
560,98	1490,17436
561,24	1455,22436
561,49	1447,32436
561,75	1421,97436
562,01	1433,74103
562,27	1435,89103
562,52	1439,37436
562,78	1442,85769
563,04	1451,67436
563,30	1448,87436
563,56	1460,64103
563,81	1479,40769
564,07	1529,69103
564,33	1590,29103
564,59	1620,00769
564,85	1645,37436
565,10	1697,55769
565,36	1744,70769
565,62	1805,92436
565,88	1797,49103
566,13	1844,14103
566,39	1867,54103
566,65	1916,85769
566,91	1935,10769
567,17	1926,15769
567,42	1935,37436
567,68	1902,67436
567,94	1892,64103
568,20	1846,17436
568,45	1823,19103
568,71	1776,84103
568,97	1715,05769
569,23	1689,60769
569,49	1650,85769
569,74	1624,84103
570,00	1546,40769
570,26	1522,15769
570,52	1502,79103
570,77	1519,05769
571,03	1524,35769
571,29	1522,24103
571,55	1512,87436
571,80	1464,42436
572,06	1427,27436
572,32	1397,35769
572,58	1433,84103
572,83	1445,20769
573,09	1427,69103
573,35	1397,74103
573,61	1369,37436
573,86	1362,55769
574,12	1328,77436
574,38	1338,57436
574,64	1335,87436
574,89	1357,55769
575,15	1383,07436
575,41	1392,39103
575,67	1386,29103
575,92	1357,24103
576,18	1361,47436
576,44	1357,79103
576,70	1347,15769
576,95	1322,92436
577,21	1306,02436
577,47	1302,84103
577,73	1309,72436
577,98	1298,04103
578,24	1284,57436
578,50	1260,04103
578,76	1259,92436
579,01	1240,89103
579,27	1229,90769
579,53	1233,04103
579,79	1227,97436
580,04	1217,04103
580,30	1176,95769
580,56	1158,00769
580,81	1155,12436
581,07	1165,79103
581,33	1167,54103
581,59	1170,65769
581,84	1193,34103
582,10	1230,50769
582,36	1265,07436
582,62	1305,52436
582,87	1349,39103
583,13	1415,35769
583,39	1431,27436
583,64	1443,84103
583,90	1409,54103
584,16	1423,52436
584,42	1429,39103
584,67	1424,09103
584,93	1394,10769
585,19	1353,24103
585,45	1337,22436
585,70	1311,72436
585,96	1303,74103
586,22	1290,30769
586,47	1274,00769
586,73	1273,60769
586,99	1269,40769
587,25	1284,29103
587,50	1266,52436
587,76	1262,34103
588,02	1261,25769
588,27	1282,99103
588,53	1312,39103
588,79	1307,05769
589,04	1285,42436
589,30	1287,40769
589,56	1291,32436
589,82	1309,72436
590,07	1291,42436
590,33	1283,39103
590,59	1269,22436
590,84	1266,37436
591,10	1274,52436
591,36	1288,95769
591,61	1292,90769
591,87	1310,30769
592,13	1315,72436
592,39	1329,04103
592,64	1335,75769
592,90	1328,25769
593,16	1329,64103
593,41	1331,30769
593,67	1339,94103
593,93	1331,02436
594,18	1334,04103
594,44	1347,99103
594,70	1352,29103
594,95	1351,25769
595,21	1355,65769
595,47	1346,10769
595,73	1322,52436
595,98	1294,40769
596,24	1277,52436
596,50	1239,79103
596,75	1216,52436
597,01	1197,07436
597,27	1176,70769
597,52	1145,17436
597,78	1115,52436
598,04	1104,95769
598,29	1066,62436
598,55	1056,35769
598,81	1028,95769
599,06	1034,67436
599,32	1010,59103
599,58	1024,85769
599,83	1003,27436
600,09	1004,49103
600,35	985,32436
600,60	987,07436
600,86	988,97436
601,12	990,67436
601,37	994,54103
601,63	973,52436
601,89	957,37436
602,14	948,65769
602,40	948,20769
602,66	944,22436
602,91	924,40769
603,17	933,22436
603,43	945,34103
603,68	965,67436
603,94	950,27436
604,20	937,15769
604,45	920,85769
604,71	922,20769
604,97	924,70769
605,22	928,90769
605,48	931,52436
605,74	940,29103
605,99	942,10769
606,25	935,92436
606,51	923,72436
606,76	907,17436
607,02	921,20769
607,27	910,07436
607,53	922,42436
607,79	913,15769
608,04	903,20769
608,30	890,94103
608,56	877,47436
608,81	901,27436
609,07	902,22436
609,33	927,69103
609,58	936,35769
609,84	945,52436
610,10	928,72436
610,35	899,25769
610,61	888,25769
610,86	873,30769
611,12	877,64103
611,38	867,90769
611,63	866,69103
611,89	864,00769
612,15	880,77436
612,40	872,94103
612,66	857,85769
612,92	828,72436
613,17	851,27436
613,43	870,29103
613,68	882,35769
613,94	862,24103
614,20	849,59103
614,45	840,50769
614,71	862,67436
614,97	848,94103
615,22	852,35769
615,48	837,24103
615,73	856,60769
615,99	866,40769
616,25	871,85769
616,50	883,77436
616,76	883,25769
617,01	889,87436
617,27	864,69103
617,53	868,00769
617,78	883,70769
618,04	904,87436
618,30	912,19103
618,55	879,52436
618,81	878,94103
619,06	858,87436
619,32	861,57436
619,58	849,94103
619,83	856,04103
620,09	846,59103
620,34	845,15769
620,60	836,77436
620,86	837,29103
621,11	834,52436
621,37	851,84103
621,62	849,70769
621,88	828,92436
622,14	796,02436
622,39	802,17436
622,65	816,05769
622,90	821,19103
623,16	825,95769
623,42	829,79103
623,67	819,39103
623,93	818,27436
624,18	808,24103
624,44	838,79103
624,70	846,54103
624,95	848,79103
625,21	843,50769
625,46	824,09103
625,72	841,90769
625,98	827,77436
626,23	846,74103
626,49	839,84103
626,74	870,65769
627,00	887,84103
627,25	902,17436
627,51	909,54103
627,77	895,67436
628,02	881,67436
628,28	878,80769
628,53	889,62436
628,79	903,60769
629,04	880,34103
629,30	864,09103
629,56	862,47436
629,81	855,19103
630,07	852,37436
630,32	839,47436
630,58	869,75769
630,83	861,97436
631,09	855,37436
631,35	830,10769
631,60	829,15769
631,86	836,00769
632,11	834,12436
632,37	810,54103
632,62	785,72436
632,88	770,32436
633,14	775,32436
633,39	774,74103
633,65	795,82436
633,90	807,00769
634,16	804,10769
634,41	778,45769
634,67	770,55769
634,93	784,92436
635,18	795,05769
635,44	778,10769
635,69	762,14103
635,95	762,09103
636,20	790,92436
636,46	788,87436
636,71	787,54103
636,97	775,39103
637,22	783,55769
637,48	775,55769
637,74	776,49103
637,99	783,97436
638,25	793,40769
638,50	785,74103
638,76	788,99103
639,01	775,94103
639,27	772,05769
639,52	766,49103
639,78	776,32436
640,03	775,24103
640,29	759,14103
640,55	759,02436
640,80	761,65769
641,06	760,09103
641,31	775,62436
641,57	780,89103
641,82	804,17436
642,08	803,32436
642,33	813,97436
642,59	822,54103
642,84	827,80769
643,10	821,15769
643,35	809,07436
643,61	801,27436
643,87	804,77436
644,12	808,84103
644,38	791,47436
644,63	795,74103
644,89	806,50769
645,14	821,17436
645,40	816,77436
645,65	817,45769
645,91	812,39103
646,16	831,62436
646,42	835,29103
646,67	838,92436
646,93	830,32436
647,18	833,75769
647,44	839,40769
647,69	837,55769
647,95	822,87436
648,20	824,20769
648,46	827,42436
648,71	836,94103
648,97	841,40769
649,22	844,94103
649,48	842,99103
649,73	836,12436
649,99	830,84103
650,24	847,42436
650,50	864,90769
650,75	874,27436
651,01	868,49103
651,26	868,00769
651,52	862,29103
651,77	852,94103
652,03	859,17436
652,28	859,84103
652,54	889,94103
652,79	915,55769
653,05	945,74103
653,30	957,32436
653,56	952,20769
653,81	971,94103
654,07	997,05769
654,32	1034,54103
654,58	1074,34103
654,83	1136,52436
655,09	1187,47436
655,34	1245,47436
655,60	1284,70769
655,85	1328,24103
656,11	1375,89103
656,36	1396,05769
656,62	1393,44103
656,87	1359,74103
657,13	1306,90769
657,38	1279,00769
657,64	1240,89103
657,89	1212,65769
658,15	1139,20769
658,40	1069,57436
658,66	1022,00769
658,91	988,90769
659,17	960,75769
659,42	930,40769
659,68	911,27436
659,93	880,27436
660,19	853,32436
660,44	850,70769
660,70	854,55769
660,95	847,05769
661,20	825,85769
661,46	811,34103
661,71	801,89103
661,97	782,77436
662,22	780,64103
662,48	777,75769
662,73	774,55769
662,99	770,40769
663,24	767,65769
663,50	753,67436
663,75	744,99103
664,01	712,84103
664,26	729,69103
664,52	715,64103
664,77	735,30769
665,02	737,89103
665,28	742,05769
665,53	731,84103
665,79	727,04103
666,04	725,25769
666,30	714,70769
666,55	709,27436
666,81	690,99103
667,06	694,94103
667,32	690,29103
667,57	687,05769
667,82	681,52436
668,08	673,15769
668,33	672,27436
668,59	659,55769
668,84	661,27436
669,10	650,82436
669,35	706,64103
669,61	677,94103
669,86	695,62436
670,11	633,80769
670,37	651,19103
670,62	644,40769
670,88	654,22436
671,13	628,22436
671,39	604,62436
671,64	588,04103
671,90	598,49103
672,15	604,27436
672,40	595,55769
672,66	574,85769
672,91	575,80769
673,17	575,87436
673,42	587,22436
673,68	580,20769
673,93	573,50769
674,18	573,57436
674,44	560,00769
674,69	565,45769
674,95	568,97436
675,20	571,92436
675,46	567,97436
675,71	546,69103
675,96	556,24103
676,22	544,55769
676,47	554,29103
676,73	548,34103
676,98	549,80769
677,23	553,54103
677,49	557,09103
677,74	575,95769
678,00	559,82436
678,25	555,29103
678,51	551,92436
678,76	543,15769
679,01	542,47436
679,27	521,82436
679,52	519,35769
679,78	509,85769
680,03	514,84103
680,28	515,52436
680,54	507,85769
680,79	487,89103
681,05	486,09103
681,30	476,95769
681,55	484,04103
681,81	485,19103
682,06	506,32436
682,32	516,12436
682,57	529,50769
682,82	514,12436
683,08	500,12436
683,33	467,62436
683,59	476,55769
683,84	465,94103
684,09	477,27436
684,35	465,87436
684,60	479,70769
684,86	478,10769
685,11	498,65769
685,36	500,14103
685,62	517,17436
685,87	480,60769
686,13	468,15769
686,38	440,02436
686,63	459,79103
686,89	479,60769
687,14	514,62436
687,40	505,47436
687,65	501,52436
687,90	483,07436
688,16	484,90769
688,41	474,50769
688,66	467,85769
688,92	473,54103
689,17	464,15769
689,43	457,34103
689,68	457,39103
689,93	465,47436
690,19	466,85769
690,44	445,04103
690,69	430,00769
690,95	427,85769
691,20	443,32436
691,46	439,44103
691,71	448,57436
691,96	448,02436
692,22	455,70769
692,47	441,22436
692,72	427,82436
692,98	424,87436
693,23	431,64103
693,49	447,44103
693,74	454,79103
693,99	461,99103
694,25	455,79103
694,50	455,25769
694,75	447,32436
695,01	425,74103
695,26	430,37436
695,51	430,29103
695,77	428,87436
696,02	418,94103
696,27	416,89103
696,53	435,89103
696,78	444,25769
697,04	448,15769
697,29	436,97436
697,54	429,02436
697,80	416,12436
698,05	419,59103
698,30	411,22436
698,56	407,74103
698,81	405,97436
699,06	408,90769
699,32	408,04103
699,57	407,99103
699,82	417,94103
700,08	413,75769
700,33	406,34103
700,58	391,59103
700,84	391,62436
701,09	382,89103
701,34	380,04103
701,60	388,89103
701,85	393,25769
702,10	399,34103
702,36	402,74103
702,61	394,04103
702,86	379,64103
703,12	355,42436
703,37	361,65769
703,62	357,47436
703,88	358,14103
704,13	347,32436
704,38	353,32436
704,64	378,80769
704,89	387,44103
705,14	404,59103
705,40	396,92436
705,65	393,05769
705,90	371,14103
706,16	346,65769
706,41	352,69103
706,66	353,67436
706,92	356,72436
707,17	362,50769
707,42	382,84103
707,68	373,45769
707,93	362,04103
708,18	350,15769
708,44	378,04103
708,69	386,77436
708,94	383,82436
709,19	370,55769
709,45	375,04103
709,70	360,55769
709,95	362,82436
710,21	339,09103
710,46	337,19103
710,71	350,45769
710,97	350,87436
711,22	359,74103
711,47	333,55769
711,73	339,15769
711,98	339,49103
712,23	339,85769
712,48	334,69103
712,74	328,17436
712,99	327,05769
713,24	315,00769
713,50	314,80769
713,75	334,74103
714,00	355,55769
714,26	358,75769
714,51	353,24103
714,76	363,52436
715,01	370,54103
715,27	399,50769
715,52	400,27436
715,77	415,37436
716,03	396,47436
716,28	397,50769
716,53	406,39103
716,78	400,70769
717,04	397,40769
717,29	385,74103
717,54	387,55769
717,80	372,00769
718,05	358,95769
718,30	342,14103
718,55	346,94103
718,81	337,99103
719,06	346,72436
719,31	338,64103
719,57	322,35769
719,82	313,65769
720,07	313,74103
720,32	312,87436
720,58	314,32436
720,83	310,24103
721,08	317,44103
721,33	310,55769
721,59	321,77436
721,84	330,09103
722,09	339,00769
722,35	328,35769
722,60	315,90769
722,85	311,35769
723,10	302,19103
723,36	301,32436
723,61	287,67436
723,86	295,99103
724,11	306,85769
724,37	300,15769
724,62	289,60769
724,87	275,94103
725,12	277,39103
725,38	277,44103
725,63	275,84103
725,88	268,19103
726,13	269,44103
726,39	253,69103
726,64	276,17436
726,89	275,24103
727,14	280,55769
727,40	270,74103
727,65	273,07436
727,90	290,05769
728,15	295,30769
728,41	282,47436
728,66	284,67436
728,91	269,27436
729,16	280,70769
729,42	277,10769
729,67	285,04103
729,92	261,27436
730,17	251,02436
730,43	253,47436
730,68	277,14103
730,93	279,27436
731,18	273,85769
731,44	268,50769
731,69	265,27436
731,94	268,02436
732,19	275,49103
732,45	282,14103
732,70	295,50769
732,95	279,74103
733,20	262,12436
733,45	252,42436
733,71	263,19103
733,96	260,37436
734,21	264,60769
734,46	260,57436
734,72	268,44103
734,97	263,89103
735,22	258,47436
735,47	263,97436
735,72	257,44103
735,98	254,17436
736,23	255,32436
736,48	262,97436
736,73	271,50769
736,99	262,94103
737,24	260,17436
737,49	254,20769
737,74	260,42436
737,99	277,75769
738,25	283,54103
738,50	283,25769
738,75	253,14103
739,00	258,97436
739,25	266,75769
739,51	268,50769
739,76	267,37436
740,01	271,59103
740,26	288,97436
740,52	300,05769
740,77	329,44103
741,02	345,80769
741,27	362,87436
741,52	375,49103
741,78	398,60769
742,03	418,60769
742,28	420,04103
742,53	436,60769
742,78	468,64103
743,04	528,79103
743,29	593,67436
743,54	643,44103
743,79	640,97436
744,04	612,45769
744,30	588,15769
744,55	580,35769
744,80	604,75769
745,05	614,22436
745,30	631,74103
745,55	627,94103
745,81	681,72436
746,06	733,02436
746,31	780,37436
746,56	767,27436
746,81	752,57436
747,07	731,79103
747,32	728,79103
747,57	747,62436
747,82	740,82436
748,07	703,50769
748,32	606,07436
748,58	533,34103
748,83	467,87436
749,08	442,99103
749,33	416,77436
749,58	407,45769
749,84	400,69103
750,09	392,42436
750,34	392,27436
750,59	399,75769
750,84	386,25769
751,09	392,90769
751,35	374,50769
751,60	383,72436
751,85	354,12436
752,10	327,04103
752,35	319,17436
752,60	304,45769
752,86	299,59103
753,11	265,55769
753,36	247,22436
753,61	235,19103
753,86	221,05769
754,11	219,09103
754,37	198,80769
754,62	200,87436
754,87	198,02436
755,12	221,45769
755,37	230,90769
755,62	234,35769
755,87	208,04103
756,13	194,65769
756,38	188,90769
756,63	206,77436
756,88	227,24103
757,13	223,44103
757,38	224,00769
757,64	195,99103
757,89	194,15769
758,14	205,55769
758,39	207,85769
758,64	227,04103
758,89	210,95769
759,14	226,15769
759,40	218,55769
759,65	216,62436
759,90	207,45769
760,15	196,29103
760,40	174,52436
760,65	167,49103
760,90	163,89103
761,15	174,89103
761,41	183,07436
761,66	181,70769
761,91	191,85769
762,16	178,82436
762,41	196,79103
762,66	186,22436
762,91	197,99103
763,17	192,62436
763,42	197,59103
763,67	203,59103
763,92	199,19103
764,17	198,84103
764,42	183,14103
764,67	187,75769
764,92	198,85769
765,18	199,77436
765,43	181,84103
765,68	188,57436
765,93	201,99103
766,18	208,69103
766,43	196,15769
766,68	195,62436
766,93	191,84103
767,18	184,29103
767,44	181,79103
767,69	177,27436
767,94	192,44103
768,19	181,37436
768,44	182,95769
768,69	181,07436
768,94	197,49103
769,19	200,04103
769,44	198,60769
769,70	178,19103
769,95	182,97436
770,20	187,20769
770,45	208,19103
770,70	215,64103
770,95	206,77436
771,20	189,95769
771,45	201,49103
771,70	200,52436
771,95	201,94103
772,21	205,35769
772,46	211,40769
772,71	222,27436
772,96	215,37436
773,21	220,50769
773,46	238,94103
773,71	246,07436
773,96	243,15769
774,21	246,35769
774,46	261,37436
774,72	292,92436
774,97	310,72436
775,22	330,62436
775,47	384,54103
775,72	473,80769
775,97	633,55769
776,22	834,95769
776,47	1082,84103
776,72	1246,15769
776,97	1291,94103
777,22	1211,97436
777,47	1131,12436
777,73	1096,54103
777,98	1122,62436
778,23	1086,49103
778,48	959,74103
778,73	753,80769
778,98	592,60769
779,23	486,32436
779,48	415,44103
779,73	345,94103
779,98	295,42436
780,23	272,40769
780,48	257,47436
780,73	256,77436
780,98	250,54103
781,24	242,90769
781,49	216,82436
781,74	191,45769
781,99	181,07436
782,24	180,39103
782,49	179,60769
782,74	176,35769
782,99	173,94103
783,24	168,79103
783,49	172,27436
783,74	168,52436
783,99	184,12436
784,24	174,52436
784,49	170,55769
784,74	161,25769
784,99	168,09103
785,24	153,67436
785,49	129,12436
785,75	149,07436
786,00	179,27436
786,25	184,35769
786,50	158,35769
786,75	132,97436
787,00	152,35769
787,25	152,90769
787,50	164,65769
787,75	155,34103
788,00	175,72436
788,25	153,02436
788,50	144,59103
788,75	126,37436
789,00	132,17436
789,25	125,45769
789,50	109,05769
789,75	110,75769
790,00	126,50769
790,25	134,32436
790,50	167,50769
790,75	181,12436
791,00	182,07436
791,25	173,10769
791,50	152,00769
791,75	151,62436
792,01	158,99103
792,26	165,29103
792,51	178,35769
792,76	155,77436
793,01	156,39103
793,26	134,32436
793,51	153,82436
793,76	177,42436
794,01	228,65769
794,26	253,00769
794,51	265,67436
794,76	254,47436
795,01	253,50769
795,26	253,09103
795,51	262,52436
795,76	248,97436
796,01	242,72436
796,26	225,19103
796,51	205,62436
796,76	175,94103
797,01	145,67436
797,26	144,00769
797,51	130,07436
797,76	146,05769
798,01	141,09103
798,26	162,55769
798,51	147,89103
798,76	127,07436
799,01	112,99103
799,26	103,12436
799,51	109,04103
799,76	105,42436
800,01	121,24103
800,26	114,55769
800,51	118,00769
800,76	110,30769
801,01	117,79103
801,26	110,10769
801,51	104,69103
801,76	103,79103
802,01	100,05769
802,26	109,15769
802,51	122,24103
802,76	128,20769
803,01	124,65769
803,26	103,02436
803,51	100,97436
803,76	103,70769
804,01	117,52436
804,26	109,00769
804,51	96,99103
804,76	84,59103
805,01	90,59103
805,26	87,80769
805,51	89,20769
805,76	81,35769
806,01	119,47436
806,26	132,42436
806,51	137,09103
806,76	93,34103
807,01	76,92436
807,26	75,74103
807,51	72,69103
807,76	71,39103
808,01	77,75769
808,26	96,25769
808,50	102,29103
808,75	99,95769
809,00	91,47436
809,25	99,37436
809,50	98,17436
809,75	108,50769
810,00	104,89103
810,25	97,29103
810,50	103,45769
810,75	108,04103
811,00	130,32436
811,25	125,92436
811,50	140,17436
811,75	139,94103
812,00	130,70769
812,25	115,19103
812,50	83,34103
812,75	80,20769
813,00	76,32436
813,25	88,65769
813,50	93,15769
813,75	87,15769
814,00	93,10769
814,25	96,05769
814,50	119,75769
814,74	116,80769
814,99	132,15769
815,24	113,74103
815,49	120,67436
815,74	111,55769
815,99	133,32436
816,24	143,55769
816,49	153,64103
816,74	172,44103
816,99	178,27436
817,24	207,24103
817,49	210,00769
817,74	279,20769
817,99	314,22436
818,24	353,24103
818,49	352,42436
818,74	346,69103
818,98	359,49103
819,23	363,44103
819,48	399,54103
819,73	386,12436
819,98	390,17436
820,23	361,42436
820,48	401,89103
820,73	453,50769
820,98	523,99103
821,23	550,15769
821,48	549,50769
821,73	543,47436
821,98	549,55769
822,23	545,59103
822,47	542,74103
822,72	507,22436
822,97	474,10769
823,22	437,12436
823,47	413,80769
823,72	398,10769
823,97	375,54103
824,22	352,85769
824,47	308,45769
824,72	279,49103
824,97	252,17436
825,22	238,52436
825,46	209,29103
825,71	186,77436
825,96	162,94103
826,21	145,59103
826,46	126,04103
826,71	117,67436
826,96	126,50769
827,21	117,72436
827,46	113,49103
827,71	93,19103
827,96	91,34103
828,20	88,45769
828,45	89,64103
828,70	94,14103
828,95	88,42436
829,20	86,34103
829,45	80,55769
829,70	81,15769
829,95	77,35769
830,20	75,50769
830,45	89,75769
830,69	91,27436
830,94	89,30769
831,19	80,49103
831,44	67,22436
831,69	74,27436
831,94	66,85769
832,19	78,92436
832,44	63,39103
832,69	60,42436
832,93	61,04103
833,18	80,10769
833,43	76,17436
833,68	65,32436
833,93	63,44103
834,18	69,74103
834,43	77,72436
834,68	67,77436
834,92	58,67436
835,17	60,62436
835,42	68,82436
835,67	82,52436
835,92	72,94103
836,17	62,12436
836,42	49,10769
836,67	29,34103
836,91	45,40769
837,16	52,85769
837,41	55,72436
837,66	67,57436
837,91	84,22436
838,16	97,59103
838,41	80,95769
838,66	54,74103
838,90	67,85769
839,15	60,14103
839,40	70,62436
839,65	56,12436
839,90	51,57436
840,15	59,54103
840,40	52,75769
840,64	70,20769
840,89	55,40769
841,14	73,52436
841,39	64,62436
841,64	67,05769
841,89	72,92436
842,14	61,87436
842,38	95,25769
842,63	104,75769
842,88	117,07436
843,13	101,24103
843,38	120,82436
843,63	163,65769
843,87	225,19103
844,12	247,47436
844,37	255,37436
844,62	233,65769
844,87	223,99103
845,12	236,05769
845,37	226,02436
845,61	204,94103
845,86	159,22436
846,11	133,97436
846,36	108,87436
846,61	101,70769
846,86	93,54103
847,10	93,15769
847,35	102,67436
847,60	96,59103
847,85	90,50769
848,10	73,05769
848,35	71,79103
848,59	79,44103
848,84	65,39103
849,09	73,62436
849,34	63,02436
849,59	70,27436
849,84	42,04103
850,08	48,32436
850,33	38,05769
850,58	45,30769
850,83	48,44103
851,08	42,32436
851,32	37,19103
851,57	33,92436
851,82	61,24103
852,07	68,22436
852,32	80,17436
852,57	55,14103
852,81	73,52436
853,06	53,24103
853,31	69,09103
853,56	49,12436
853,81	47,39103
854,05	50,70769
854,30	46,39103
854,55	49,49103
854,80	38,42436
855,05	75,99103
855,29	79,02436
855,54	88,80769
855,79	64,84103
856,04	66,60769
856,29	69,22436
856,53	80,69103
856,78	79,59103
857,03	66,95769
857,28	60,54103
857,53	64,77436
857,77	87,12436
858,02	79,34103
858,27	81,29103
858,52	75,85769
858,77	78,75769
859,01	79,67436
859,26	81,14103
859,51	94,09103
859,76	87,00769
860,01	87,89103
860,25	79,37436
860,50	95,29103
860,75	89,10769
861,00	97,07436
861,25	90,42436
861,49	94,05769
861,74	96,52436
861,99	99,00769
862,24	118,49103
862,48	139,27436
862,73	152,19103
862,98	145,62436
863,23	152,32436
863,48	165,87436
863,72	184,95769
863,97	183,70769
864,22	173,65769
864,47	136,97436
864,71	110,54103
864,96	112,80769
865,21	119,35769
865,46	114,65769
865,70	99,90769
865,95	91,60769
866,20	106,97436
866,45	138,54103
866,70	176,70769
866,94	224,22436
867,19	258,20769
867,44	336,85769
867,69	393,97436
867,93	420,29103
868,18	411,05769
868,43	395,65769
868,68	390,39103
868,92	364,49103
869,17	317,54103
869,42	291,27436
869,67	257,24103
869,91	235,62436
870,16	199,24103
870,41	205,27436
870,66	219,25769
870,90	241,99103
871,15	228,04103
871,40	208,00769
871,65	183,84103
871,89	177,74103
872,14	164,00769
872,39	149,75769
872,64	131,10769
872,88	111,77436
873,13	88,30769
873,38	65,39103
873,63	79,30769
873,87	76,95769
874,12	59,34103
874,37	31,09103
874,62	32,22436
874,86	46,37436
875,11	52,92436
875,36	49,35769
875,60	36,32436
875,85	39,52436
876,10	45,94103
876,35	58,12436
876,59	48,32436
876,84	34,60769
877,09	38,12436
877,34	45,82436
877,58	44,44103
877,83	34,77436
878,08	25,37436
878,32	24,62436
878,57	14,80769
878,82	28,22436
879,07	25,04103
879,31	32,19103
879,56	22,42436
879,81	22,25769
880,06	14,07436
880,30	5,49103
880,55	34,12436
880,80	46,45769
881,04	51,17436
881,29	56,59103
881,54	66,09103
881,79	63,42436
882,03	26,24103
882,28	30,47436
882,53	38,02436
882,77	54,95769
883,02	42,05769
883,27	39,24103
883,51	23,37436
883,76	26,27436
884,01	35,77436
884,26	33,47436
884,50	25,65769
884,75	0,74103
885,00	6,79103
885,24	8,49103
885,49	14,75769
885,74	30,60769
885,98	10,37436
886,23	5,17436
886,48	-3,97564
886,73	25,75769
886,97	39,30769
887,22	24,94103
887,47	7,10769
887,71	-6,99231
887,96	-6,52564
888,21	4,80769
888,45	16,27436
888,70	34,25769
888,95	19,72436
889,19	11,74103
889,44	3,24103
889,69	15,60769
889,93	0,59103
890,18	10,69103
890,43	14,14103
890,67	36,15769
890,92	13,27436
891,17	20,92436
891,42	29,95769
891,66	57,02436
891,91	51,39103
892,16	47,55769
892,40	49,20769
892,65	43,19103
892,90	33,02436
893,14	20,94103
893,39	20,52436
893,64	16,29103
893,88	-3,85897
894,13	10,17436
894,38	22,00769
894,62	26,50769
894,87	1,52436
895,12	-16,39231
895,36	-9,49231
895,61	-4,59231
895,86	2,52436
896,10	-3,17564
896,35	-5,84231
896,60	-19,14231
896,84	-18,64231
897,09	-12,05897
897,33	7,77436
897,58	9,40769
897,83	10,70769
898,07	3,60769
898,32	7,89103
898,57	9,74103
898,81	23,85769
899,06	37,52436
899,31	64,14103
899,55	60,80769
899,80	38,69103
900,05	9,17436
900,29	-2,24231
900,54	24,44103
900,79	22,19103
901,03	24,54103
901,28	13,45769
901,52	32,59103
901,77	51,27436
902,02	59,74103
902,26	35,45769
902,51	21,67436
902,76	-3,14231
903,00	21,47436
903,25	20,12436
903,50	41,29103
903,74	34,77436
903,99	42,95769
904,23	58,94103
904,48	73,69103
904,73	98,00769
904,97	101,14103
905,22	109,34103
905,47	92,39103
905,71	89,87436
905,96	72,32436
906,20	76,15769
906,45	65,99103
906,70	64,34103
906,94	57,30769
907,19	48,10769
907,44	33,05769
907,68	14,80769
907,93	14,52436
908,17	-0,54231
908,42	10,52436
908,67	-4,25897
908,91	24,22436
909,16	35,10769
909,40	34,40769
909,65	16,27436
909,90	2,84103
910,14	7,04103
910,39	-3,85897
910,63	0,32436
910,88	16,10769
911,13	47,84103
911,37	44,75769
911,62	27,55769
911,86	7,17436
912,11	7,22436
912,36	17,99103
912,60	18,59103
912,85	27,85769
913,09	25,62436
913,34	40,27436
913,59	12,97436
913,83	18,39103
914,08	2,35769
914,32	28,69103
914,57	29,02436
914,82	41,54103
915,06	30,95769
915,31	23,17436
915,55	24,32436
915,80	34,79103
916,05	24,22436
916,29	4,97436
916,54	-10,80897
916,78	8,64103
917,03	26,12436
917,27	28,97436
917,52	10,72436
917,77	9,20769
918,01	13,80769
918,26	11,34103
918,50	-1,79231
918,75	-9,12564
919,00	-6,44231
919,24	-5,19231
919,49	-15,59231
919,73	-2,45897
919,98	-4,99231
920,22	7,84103
920,47	-2,09231
920,72	-6,74231
920,96	-12,89231
921,21	-11,92564
921,45	-2,00897
921,70	-5,62564
921,94	2,47436
922,19	9,87436
922,43	12,22436
922,68	34,29103
922,93	32,70769
923,17	32,15769
923,42	-6,05897
923,66	-6,10897
923,91	-5,79231
924,15	8,29103
924,40	7,50769
924,64	6,74103
924,89	1,59103
925,14	3,14103
925,38	9,25769
925,63	29,00769
925,87	38,94103
926,12	58,14103
926,36	48,57436
926,61	41,54103
926,85	116,70769
927,10	112,69103
927,35	110,30769
927,59	34,20769
927,84	27,09103
928,08	35,59103
928,33	19,04103
928,57	26,15769
928,82	28,05769
929,06	32,99103
929,31	32,19103
929,55	20,15769
929,80	24,14103
930,04	19,59103
930,29	15,94103
930,54	11,55769
930,78	9,97436
931,03	0,37436
931,27	8,44103
931,52	8,10769
931,76	16,04103
932,01	-8,84231
932,25	-14,35897
932,50	3,10769
932,74	11,14103
932,99	34,92436
933,23	15,45769
933,48	22,00769
933,72	8,27436
933,97	2,30769
934,21	27,87436
934,46	40,64103
934,70	63,12436
934,95	36,67436
935,19	5,49103
935,44	-13,25897
935,68	-13,90897
935,93	2,17436
936,18	10,10769
936,42	8,80769
936,67	3,30769
936,91	11,49103
937,16	36,19103
937,40	33,20769
937,65	6,79103
937,89	-13,30897
938,14	-9,87564
938,38	12,00769
938,63	27,94103
938,87	40,90769
939,12	55,20769
939,36	81,54103
939,61	91,55769
939,85	77,44103
940,10	32,34103
940,34	22,59103
940,59	17,65769
940,83	8,10769
941,08	10,42436
941,32	16,49103
941,57	35,50769
941,81	12,59103
942,06	3,30769
942,30	-3,85897
942,55	9,94103
942,79	-3,52564
943,03	-2,97564
943,28	2,72436
943,52	39,89103
943,77	24,62436
944,01	2,04103
944,26	-34,65897
944,50	-35,84231
944,75	-5,74231
944,99	14,34103
945,24	22,57436
945,48	23,89103
945,73	75,57436
945,97	70,09103
946,22	48,67436
946,46	-8,55897
946,71	10,87436
946,95	13,54103
947,20	-0,45897
947,44	-16,49231
947,69	-12,62564
947,93	-7,79231
948,17	-12,57564
948,42	-24,74231
948,66	-17,04231
948,91	-23,84231
949,15	-26,92564
949,40	-35,44231
949,64	-19,05897
949,89	-11,35897
950,13	-8,74231
950,38	-23,07564
950,62	-19,24231
950,87	-12,54231
951,11	10,82436
951,35	2,32436
951,60	0,64103
951,84	-15,69231
952,09	-13,04231
952,33	-14,07564
952,58	-1,55897
952,82	-14,62564
953,07	-22,84231
953,31	-21,45897
953,56	-4,05897
953,80	-0,50897
954,04	-32,52564
954,29	-53,14231
954,53	-62,59231
954,78	-50,27564
955,02	-36,54231
955,27	-29,52564
955,51	-23,45897
955,76	-24,95897
956,00	-19,89231
956,24	-23,62564
956,49	-15,69231
956,73	-8,89231
956,98	-4,72564
957,22	15,24103
957,47	23,05769
957,71	14,54103
957,95	5,52436
958,20	1,82436
958,44	23,47436
958,69	6,52436
958,93	1,19103
959,18	-7,87564
959,42	7,27436
959,66	-2,99231
959,91	-14,84231
960,15	-33,42564
960,40	-31,64231
960,64	-24,40897
960,89	-10,02564
961,13	100,99103
961,37	117,37436
961,62	120,75769
961,86	19,85769
962,11	17,80769
962,35	-2,60897
962,59	-7,17564
962,84	-37,55897
963,08	-19,95897
963,33	-19,47564
963,57	-6,15897
963,81	-18,90897
964,06	-19,17564
964,30	-1,15897
964,55	-15,60897
964,79	12,69103
965,04	12,67436
965,28	20,25769
965,52	-6,79231
965,77	-20,45897
966,01	-10,09231
966,26	-11,30897
966,50	-6,34231
966,74	1,59103
966,99	8,75769
967,23	7,79103
967,48	-2,74231
967,72	-12,15897
967,96	-25,35897
968,21	-15,07564
968,45	-17,82564
968,69	-8,17564
968,94	3,49103
969,18	-2,75897
969,43	-14,20897
969,67	-30,94231
969,91	-12,77564
970,16	0,82436
970,40	-3,40897
970,65	-11,02564
970,89	-29,72564
971,13	-25,80897
971,38	-26,05897
971,62	9,44103
971,86	5,44103
972,11	10,80769
972,35	-13,44231
972,60	0,59103
972,84	9,74103
973,08	9,60769
973,33	-5,85897
973,57	-9,37564
973,81	3,19103
974,06	4,65769
974,30	-15,55897
974,55	-15,10897
974,79	-0,69231
975,03	11,07436
975,28	3,25769
975,52	-17,40897
975,76	-16,30897
976,01	-20,02564
976,25	-7,80897
976,50	-11,32564
976,74	1,32436
976,98	4,39103
977,23	-0,90897
977,47	-3,25897
977,71	-8,34231
977,96	-18,60897
978,20	-38,14231
978,44	-49,09231
978,69	-21,24231
978,93	-8,65897
979,17	1,30769
979,42	-9,40897
979,66	-10,44231
979,90	-1,85897
980,15	21,87436
980,39	27,22436
980,64	8,65769
980,88	3,50769
981,12	4,04103
981,37	3,99103
981,61	-9,04231
981,85	-24,20897
982,10	-13,82564
982,34	-38,29231
982,58	-24,97564
982,83	-43,20897
983,07	-36,57564
983,31	-39,77564
983,56	-38,95897
983,80	-25,19231
984,04	-22,12564
984,29	-2,14231
984,53	-1,32564
984,77	-5,30897
985,02	-2,95897
985,26	-24,15897
985,50	-1,77564
985,75	-13,62564
985,99	6,95769
986,23	-17,05897
986,48	-11,07564
986,72	-15,02564
986,96	2,90769
987,20	2,75769
987,45	-2,44231
987,69	-28,15897
987,93	-20,95897
988,18	-4,02564
988,42	11,27436
988,66	6,79103
988,91	-10,87564
989,15	-16,50897
989,39	-28,39231
989,64	-32,85897
989,88	-29,94231
990,12	-23,40897
990,37	-12,35897
990,61	-11,69231
990,85	-20,35897
991,10	-33,80897
991,34	-35,39231
991,58	-29,22564
991,82	-26,14231
992,07	-29,25897
992,31	-23,95897
992,55	-30,49231
992,80	-33,55897
993,04	-24,80897
993,28	4,20769
993,53	6,30769
993,77	-2,35897
994,01	-29,95897
994,25	-31,74231
994,50	-29,10897
994,74	-13,05897
994,98	-14,69231
995,23	-19,30897
995,47	-15,87564
995,71	-17,12564
995,95	-14,90897
996,20	-4,40897
996,44	5,04103
996,68	-1,44231
996,93	-22,50897
997,17	-22,84231
997,41	-14,29231
997,65	-22,87564
997,90	-33,39231
998,14	-42,97564
998,38	-25,99231
998,63	-21,17564
998,87	-17,95897
999,11	-31,75897
999,35	-29,00897
999,60	-34,70897
999,84	-28,37564
1000,08	-5,14231
1000,32	6,92436
1000,57	8,22436
1000,81	6,97436
1001,05	6,39103
1001,30	17,30769
1001,54	-1,92564
1001,78	13,57436
1002,02	7,30769
1002,27	12,55769
1002,51	-10,85897
1002,75	-11,62564
1002,99	-24,24231
1003,24	-24,79231
1003,48	-23,32564
1003,72	-34,44231
1003,96	-27,45897
1004,21	-22,14231
1004,45	6,10769
1004,69	5,85769
1004,93	2,04103
1005,18	-2,59231
1005,42	6,04103
1005,66	-3,67564
1005,90	-14,45897
1006,15	-34,84231
1006,39	-19,60897
1006,63	0,02436
1006,87	16,55769
1007,12	8,09103
1007,36	5,70769
1007,60	11,70769
1007,84	2,40769
1008,09	-7,02564
1008,33	-26,07564
1008,57	-14,24231
1008,81	-9,55897
1009,06	-7,85897
1009,30	-11,95897
1009,54	-7,69231
1009,78	2,20769
1010,03	3,89103
1010,27	-12,55897
1010,51	-13,35897
1010,75	-15,19231
1010,99	-1,22564
1011,24	0,49103
1011,48	30,60769
1011,72	25,12436
1011,96	36,34103
1012,21	13,39103
1012,45	10,12436
1012,69	-1,12564
1012,93	-9,60897
1013,18	-3,74231
1013,42	-4,99231
1013,66	-0,02564
1013,90	-13,17564
1014,14	-14,50897
1014,39	-6,79231
1014,63	-1,27564
1014,87	10,14103
1015,11	-6,85897
1015,35	-25,19231
1015,60	-14,22564
1015,84	-2,35897
1016,08	5,42436
1016,32	-14,77564
1016,57	-26,87564
1016,81	-21,95897
1017,05	-18,20897
1017,29	-9,25897
1017,53	-10,00897
1017,78	-13,02564
1018,02	-23,57564
1018,26	-10,37564
1018,50	-18,97564
1018,74	3,20769
1018,99	-11,52564
1019,23	-16,52564
1019,47	-36,19231
1019,71	-23,70897
1019,95	-8,65897
1020,20	-8,00897
1020,44	-17,85897
1020,68	-19,17564
1020,92	-1,15897
1021,16	-2,32564
1021,41	-3,89231
1021,65	-28,22564
1021,89	-31,30897
1022,13	-39,85897
1022,37	-36,69231
1022,61	-38,14231
1022,86	-40,00897
1023,10	-17,02564
1023,34	-12,15897
1023,58	-0,45897
1023,82	-28,65897
1024,07	-25,70897
1024,31	-16,34231
1024,55	-8,57564
1024,79	-1,17564
1025,03	-25,17564
1025,27	-15,52564
1025,52	-32,90897
1025,76	-31,25897
1026,00	-22,59231
1026,24	-18,44231
1026,48	-15,45897
1026,73	-21,54231
1026,97	4,72436
1027,21	13,94103
1027,45	14,37436
1027,69	-6,74231
1027,93	-5,35897
1028,18	-8,55897
1028,42	0,39103
1028,66	1,65769
1028,90	5,94103
1029,14	0,77436
1029,38	-14,22564
1029,62	-8,54231
1029,87	-6,12564
1030,11	12,14103
1030,35	-6,27564
1030,59	-8,99231
1030,83	-25,95897
1031,07	-28,05897
1031,32	-38,79231
1031,56	-11,12564
1031,80	1,69103
1032,04	17,90769
1032,28	-6,39231
1032,52	-6,05897
1032,76	-7,04231
1033,01	-9,89231
1033,25	-7,25897
1033,49	-13,24231
1033,73	-12,05897
1033,97	-28,47564
1034,21	-37,67564
1034,45	-41,84231
1034,70	-46,22564
1034,94	-32,24231
1035,18	57,97436
1035,42	69,92436
1035,66	84,04103
1035,90	10,85769
1036,14	-6,37564
1036,39	-10,77564
1036,63	-26,69231
1036,87	14,09103
1037,11	-0,15897
1037,35	4,97436
1037,59	-2,99231
1037,83	14,82436
1038,07	44,80769
1038,32	24,62436
1038,56	10,37436
1038,80	11,09103
1039,04	29,59103
1039,28	37,75769
1039,52	12,60769
1039,76	-7,32564
1040,00	-10,22564
1040,25	-25,07564
1040,49	-19,20897
1040,73	-21,15897
1040,97	-11,75897
1041,21	0,57436
1041,45	5,82436
1041,69	25,47436
1041,93	1,00769
1042,17	-7,55897
1042,42	-30,30897
1042,66	-25,25897
1042,90	-14,97564
1043,14	-24,29231
1043,38	-9,92564
1043,62	-23,34231
1043,86	-13,54231
1044,10	-11,64231
1044,34	13,69103
1044,59	18,34103
1044,83	10,69103
1045,07	-11,19231
1045,31	-8,67564
1045,55	-15,30897
1045,79	-38,39231
1046,03	-30,44231
1046,27	-12,50897
1046,51	7,04103
1046,75	-10,77564
1047,00	-21,15897
1047,24	-15,12564
1047,48	-10,84231
1047,72	-9,64231
1047,96	-17,12564
1048,20	-6,84231
1048,44	-3,70897
1048,68	-2,89231
1048,92	-14,32564
1049,16	-33,80897
1049,40	-34,79231
1049,64	-37,92564
1049,89	-16,77564
1050,13	-14,29231
1050,37	15,89103
1050,61	15,42436
1050,85	26,74103
1051,09	10,07436
1051,33	9,49103
1051,57	14,25769
1051,81	8,87436
1052,05	6,97436
1052,29	15,82436
1052,53	4,27436
1052,77	25,50769
1053,02	5,19103
1053,26	21,70769
1053,50	0,64103
1053,74	-6,55897
1053,98	-12,45897
1054,22	-27,00897
1054,46	-19,77564
1054,70	-13,17564
1054,94	-15,42564
1055,18	-14,75897
1055,42	-4,44231
1055,66	3,20769
1055,90	-6,84231
1056,14	-14,89231
1056,38	7,90769
1056,62	11,05769
1056,86	13,14103
1057,11	-1,34231
1057,35	-1,97564
1057,59	-27,57564
1057,83	-17,97564
1058,07	-2,54231
1058,31	39,39103
1058,55	36,37436
1058,79	22,12436
1059,03	-14,09231
1059,27	-17,20897
1059,51	-16,90897
1059,75	-5,95897
1059,99	-18,79231
1060,23	-13,15897
1060,47	9,22436
1060,71	30,92436
1060,95	11,50769
1061,19	-11,12564
1061,43	-23,64231
1061,67	7,50769
1061,91	16,59103
1062,15	8,97436
1062,39	-7,69231
1062,64	2,44103
1062,88	8,45769
1063,12	21,72436
1063,36	36,89103
1063,60	76,79103
1063,84	169,04103
1064,08	402,52436
1064,32	783,19103
1064,56	1036,75769
1064,80	979,92436
1065,04	736,22436
1065,28	466,52436
1065,52	331,85769
1065,76	196,89103
1066,00	152,40769
1066,24	103,74103
1066,48	87,52436
1066,72	65,49103
1066,96	49,65769
1067,20	28,12436
1067,44	24,17436
1067,68	22,40769
1067,92	18,79103
1068,16	21,99103
1068,40	33,64103
1068,64	45,87436
1068,88	42,80769
1069,12	21,65769
1069,36	23,69103
1069,60	5,85769
1069,84	38,19103
1070,08	24,95769
1070,32	38,52436
1070,56	12,02436
1070,80	11,35769
1071,04	48,80769
1071,28	47,84103
1071,52	55,05769
1071,76	3,77436
1072,00	9,97436
1072,24	-3,27564
1072,48	2,49103
1072,72	0,09103
1072,96	15,24103
1073,20	-0,35897
1073,44	10,10769
1073,68	6,27436
1073,92	21,94103
1074,16	1,39103
1074,40	-3,24231
1074,64	-16,37564
1074,88	-14,29231
1075,12	-6,97564
1075,36	-3,90897
1075,60	4,70769
1075,84	-6,99231
1076,08	-2,90897
1076,32	-12,54231
1076,56	-18,55897
1076,80	-19,64231
1077,04	-33,22564
1077,28	-31,40897
1077,52	-44,17564
1077,76	-44,30897
1078,00	-33,62564
1078,24	-0,67564
1078,48	14,04103
1078,71	4,54103
1078,95	-11,52564
1079,19	-27,09231
1079,43	-42,17564
1079,67	-46,87564
1079,91	-25,72564
1080,15	-12,65897
1080,39	-13,65897
1080,63	-16,14231
1080,87	-16,45897
1081,11	-17,04231
1081,35	-18,40897
1081,59	-4,75897
1081,83	-4,12564
1082,07	-18,15897
1082,31	-23,24231
1082,55	-25,37564
1082,79	-18,75897
1083,03	-14,24231
1083,27	-26,42564
1083,51	-19,94231
1083,75	-26,44231
1083,99	1,20769
1084,22	0,80769
1084,46	-2,99231
1084,70	-1,47564
1084,94	-9,47564
1085,18	-9,39231
1085,42	-36,30897
1085,66	-28,00897
1085,90	-30,69231
1086,14	-5,44231
1086,38	13,60769
1086,62	5,04103
1086,86	7,99103
1087,10	-12,32564
1087,34	1,14103
1087,58	-20,12564
1087,82	-25,02564
1088,06	-14,39231
1088,29	8,72436
1088,53	3,14103
1088,77	-15,30897
1089,01	-19,15897
1089,25	-12,79231
1089,49	-2,82564
1089,73	-18,07564
1089,97	-7,25897
1090,21	-15,25897
1090,45	-7,59231
1090,69	-18,02564
1090,93	-19,79231
1091,17	-35,09231
1091,40	-14,92564
1091,64	-18,09231
1091,88	-11,94231
1092,12	-34,67564
1092,36	-24,67564
1092,60	-23,54231
1092,84	-10,29231
1093,08	-2,47564
1093,32	4,97436
1093,56	5,09103
1093,80	17,64103
1094,04	11,47436
1094,27	-0,59231
1094,51	-6,34231
1094,75	3,49103
1094,99	11,20769
1095,23	2,44103
1095,47	87,49103
1095,71	79,74103
1095,95	73,64103
1096,19	-18,55897
1096,43	-9,29231
1096,66	-26,49231
1096,90	-35,05897
1097,14	-35,24231
1097,38	-35,99231
1097,62	-26,09231
1097,86	-31,25897
1098,10	-8,99231
1098,34	-4,59231
1098,58	-11,87564
1098,81	-13,39231
1099,05	-10,80897
1099,29	19,84103
1099,53	29,72436
1099,77	23,40769
1100,01	-7,45897
1100,25	-14,95897
1100,49	-11,02564
1100,73	18,47436
1100,96	37,44103
1101,20	45,04103
1101,44	8,59103
1101,68	-6,97564
1101,92	-19,15897
1102,16	-8,10897
1102,40	-3,14231
1102,64	2,69103
1102,87	10,74103
1103,11	-5,67564
1103,35	-5,75897
1103,59	-14,44231
1103,83	-16,09231
1104,07	-4,22564
1104,31	-1,59231
1104,55	1,20769
1104,78	-24,50897
1105,02	-14,62564
1105,26	-23,95897
1105,50	-9,52564
1105,74	-31,50897
1105,98	-20,00897
1106,22	-7,22564
1106,45	-0,77564
1106,69	-8,97564
1106,93	-21,04231
1107,17	-20,82564
1107,41	-19,95897
1107,65	-27,19231
1107,89	-18,07564
1108,12	-12,65897
1108,36	-28,10897
1108,60	-24,49231
1108,84	-21,75897
1109,08	-11,94231
1109,32	-14,62564
1109,55	-19,54231
1109,79	2,75769
1110,03	-5,99231
1110,27	-1,69231
1110,51	-18,79231
1110,75	-25,65897
1110,99	-29,47564
1111,22	-37,07564
1111,46	-32,04231
1111,70	-35,79231
1111,94	-47,04231
1112,18	-52,74231
1112,42	-45,37564
1112,65	-25,60897
1112,89	-10,94231
1113,13	-18,67564
1113,37	-13,94231
1113,61	-11,40897
1113,85	14,94103
1114,08	5,20769
1114,32	-7,80897
1114,56	-13,60897
1114,80	-11,02564
1115,04	7,50769
1115,28	-9,94231
1115,51	-4,17564
1115,75	-3,54231
1115,99	-2,00897
1116,23	-2,54231
1116,47	-3,72564
1116,70	-5,44231
1116,94	-18,84231
1117,18	-13,60897
1117,42	-19,30897
1117,66	-3,50897
1117,90	-30,95897
1118,13	-29,42564
1118,37	-55,45897
1118,61	-48,22564
1118,85	-38,35897
1119,09	-35,49231
1119,32	-22,74231
1119,56	-22,42564
1119,80	-27,17564
1120,04	-45,17564
1120,28	-33,10897
1120,51	-25,50897
1120,75	-16,40897
1120,99	-37,51731