194,56	-212,59231
194,83	-212,59231
195,09	-205,30897
195,36	-135,30897
195,63	-65,87564
195,90	-6,94231
196,17	-19,04231
196,44	-33,17564
196,71	-22,15897
196,97	-10,22564
197,24	16,07436
197,51	-6,85897
197,78	8,22436
198,05	10,47436
198,32	24,00769
198,59	7,02436
198,86	8,05769
199,12	3,57436
199,39	11,65769
199,66	14,42436
199,93	29,55769
200,20	27,92436
200,47	6,32436
200,74	4,75769
201,00	-2,34231
201,27	5,67436
201,54	-8,84231
201,81	14,27436
202,08	-4,24231
202,35	8,89103
202,61	2,90769
202,88	55,82436
203,15	36,57436
203,42	23,02436
203,69	-11,22564
203,96	-0,12564
204,23	2,90769
204,49	-2,70897
204,76	22,39103
205,03	37,40769
205,30	40,49103
205,57	22,45769
205,84	21,09103
206,10	43,90769
206,37	49,87436
206,64	56,50769
206,91	50,59103
207,18	37,97436
207,45	32,32436
207,71	16,69103
207,98	31,39103
208,25	18,74103
208,52	11,12436
208,79	1,25769
209,06	7,82436
209,32	22,10769
209,59	28,55769
209,86	1,24103
210,13	6,87436
210,40	17,47436
210,67	49,92436
210,93	42,32436
211,20	17,34103
211,47	10,74103
211,74	33,62436
212,01	35,05769
212,28	48,65769
212,54	49,69103
212,81	53,45769
213,08	44,17436
213,35	35,12436
213,62	47,60769
213,88	56,12436
214,15	43,34103
214,42	33,15769
214,69	34,20769
214,96	37,77436
215,23	62,52436
215,49	53,90769
215,76	50,62436
216,03	43,04103
216,30	24,80769
216,57	13,59103
216,83	7,27436
217,10	16,72436
217,37	37,00769
217,64	62,64103
217,91	72,74103
218,17	39,04103
218,44	-9,47564
218,71	-10,04231
218,98	13,65769
219,25	48,77436
219,51	50,74103
219,78	49,29103
220,05	31,55769
220,32	19,79103
220,59	25,19103
220,85	28,52436
221,12	47,10769
221,39	61,09103
221,66	59,95769
221,93	36,97436
222,19	12,20769
222,46	27,35769
222,73	42,22436
223,00	63,60769
223,27	43,49103
223,53	43,15769
223,80	29,17436
224,07	41,89103
224,34	54,89103
224,61	53,20769
224,87	32,67436
225,14	4,09103
225,41	8,22436
225,68	34,74103
225,94	49,99103
226,21	52,59103
226,48	32,07436
226,75	33,50769
227,02	18,87436
227,28	28,24103
227,55	15,02436
227,82	25,95769
228,09	-0,79231
228,36	-5,02564
228,62	0,09103
228,89	24,70769
229,16	35,39103
229,43	30,54103
229,69	27,35769
229,96	28,30769
230,23	17,40769
230,50	26,15769
230,76	15,39103
231,03	22,04103
231,30	23,52436
231,57	34,70769
231,84	32,04103
232,10	18,09103
232,37	18,45769
232,64	10,02436
232,91	13,49103
233,17	20,85769
233,44	30,47436
233,71	32,64103
233,98	12,00769
234,24	12,05769
234,51	33,17436
234,78	45,89103
235,05	61,84103
235,31	40,80769
235,58	34,82436
235,85	12,22436
236,12	-2,32564
236,39	21,95769
236,65	35,95769
236,92	82,64103
237,19	74,62436
237,46	105,09103
237,72	75,19103
237,99	56,90769
238,26	25,15769
238,53	47,00769
238,79	45,64103
239,06	42,09103
239,33	8,60769
239,60	3,49103
239,86	-8,02564
240,13	-7,15897
240,40	-10,79231
240,67	18,94103
240,93	27,92436
241,20	31,62436
241,47	7,65769
241,73	9,74103
242,00	14,35769
242,27	22,57436
242,54	23,17436
242,80	24,97436
243,07	31,50769
243,34	30,70769
243,61	65,19103
243,87	46,10769
244,14	42,25769
244,41	2,75769
244,68	13,89103
244,94	17,90769
245,21	29,67436
245,48	39,82436
245,74	34,80769
246,01	46,15769
246,28	34,44103
246,55	29,72436
246,81	5,42436
247,08	11,69103
247,35	24,29103
247,62	27,09103
247,88	8,30769
248,15	16,45769
248,42	51,85769
248,68	58,05769
248,95	39,44103
249,22	11,57436
249,49	21,55769
249,75	22,69103
250,02	32,29103
250,29	24,00769
250,56	41,10769
250,82	50,32436
251,09	56,10769
251,36	59,85769
251,62	31,30769
251,89	34,57436
252,16	50,09103
252,43	79,00769
252,69	71,15769
252,96	36,79103
253,23	28,85769
253,49	33,15769
253,76	41,17436
254,03	58,44103
254,29	61,22436
254,56	60,79103
254,83	35,14103
255,10	13,95769
255,36	11,27436
255,63	25,25769
255,90	51,55769
256,16	53,47436
256,43	26,39103
256,70	31,55769
256,96	31,27436
257,23	42,87436
257,50	33,52436
257,77	41,49103
258,03	41,89103
258,30	48,85769
258,57	25,62436
258,83	28,32436
259,10	17,97436
259,37	24,92436
259,63	12,50769
259,90	28,57436
260,17	25,85769
260,43	36,34103
260,70	19,45769
260,97	41,64103
261,24	47,50769
261,50	50,74103
261,77	37,77436
262,04	24,12436
262,30	13,29103
262,57	7,87436
262,84	19,82436
263,10	48,92436
263,37	64,62436
263,64	45,05769
263,90	19,12436
264,17	8,45769
264,44	17,67436
264,70	18,54103
264,97	31,02436
265,24	53,75769
265,50	67,39103
265,77	68,39103
266,04	50,19103
266,30	38,72436
266,57	15,52436
266,84	14,40769
267,10	15,44103
267,37	46,90769
267,64	51,92436
267,90	62,95769
268,17	51,30769
268,44	40,07436
268,70	20,89103
268,97	-6,99231
269,24	4,09103
269,50	19,30769
269,77	41,12436
270,04	50,97436
270,30	40,95769
270,57	48,27436
270,84	21,64103
271,10	35,90769
271,37	24,14103
271,64	55,62436
271,90	84,25769
272,17	86,77436
272,44	71,05769
272,70	37,85769
272,97	31,87436
273,24	25,40769
273,50	32,82436
273,77	47,70769
274,04	53,22436
274,30	44,20769
274,57	31,65769
274,84	45,87436
275,10	48,09103
275,37	49,29103
275,64	30,07436
275,90	12,57436
276,17	7,72436
276,43	18,77436
276,70	20,37436
276,97	14,77436
277,23	25,05769
277,50	28,52436
277,77	21,45769
278,03	-12,47564
278,30	1,20769
278,57	6,69103
278,83	16,19103
279,10	19,42436
279,37	13,09103
279,63	14,37436
279,90	23,49103
280,16	44,47436
280,43	61,65769
280,70	49,87436
280,96	67,00769
281,23	61,62436
281,50	49,55769
281,76	28,50769
282,03	30,20769
282,29	38,25769
282,56	39,67436
282,83	25,59103
283,09	13,62436
283,36	17,77436
283,63	27,07436
283,89	38,24103
284,16	40,97436
284,42	45,50769
284,69	48,82436
284,96	41,29103
285,22	34,37436
285,49	38,67436
285,76	40,19103
286,02	65,20769
286,29	71,74103
286,55	69,55769
286,82	43,79103
287,09	22,67436
287,35	38,09103
287,62	30,29103
287,88	38,10769
288,15	14,02436
288,42	11,75769
288,68	24,50769
288,95	36,59103
289,22	54,74103
289,48	48,17436
289,75	49,54103
290,01	53,24103
290,28	36,44103
290,55	44,22436
290,81	24,77436
291,08	45,90769
291,34	54,44103
291,61	73,65769
291,88	70,90769
292,14	41,92436
292,41	39,59103
292,67	60,57436
292,94	80,74103
293,21	78,89103
293,47	66,22436
293,74	66,55769
294,00	50,72436
294,27	31,92436
294,54	21,77436
294,80	37,89103
295,07	61,35769
295,33	57,32436
295,60	62,42436
295,86	45,92436
296,13	40,75769
296,40	25,42436
296,66	39,10769
296,93	83,94103
297,19	106,40769
297,46	100,82436
297,73	81,79103
297,99	68,92436
298,26	56,24103
298,52	44,20769
298,79	49,59103
299,05	43,70769
299,32	67,00769
299,59	86,67436
299,85	110,17436
300,12	99,19103
300,38	83,47436
300,65	77,89103
300,92	90,02436
301,18	97,05769
301,45	120,12436
301,71	106,14103
301,98	121,69103
302,24	134,95769
302,51	155,57436
302,78	160,44103
303,04	146,19103
303,31	158,14103
303,57	170,10769
303,84	174,47436
304,10	156,39103
304,37	152,90769
304,63	165,70769
304,90	186,19103
305,17	193,45769
305,43	184,27436
305,70	205,10769
305,96	204,50769
306,23	210,44103
306,49	204,72436
306,76	205,59103
307,03	208,60769
307,29	199,77436
307,56	218,77436
307,82	233,25769
308,09	243,92436
308,35	238,54103
308,62	255,34103
308,88	248,40769
309,15	255,37436
309,42	248,27436
309,68	261,82436
309,95	263,94103
310,21	251,82436
310,48	255,40769
310,74	258,34103
311,01	291,39103
311,27	286,02436
311,54	280,87436
311,80	269,69103
312,07	309,47436
312,34	347,57436
312,60	365,35769
312,87	382,12436
313,13	399,84103
313,40	392,04103
313,66	366,85769
313,93	322,62436
314,19	331,99103
314,46	317,40769
314,72	330,10769
314,99	312,70769
315,25	302,59103
315,52	281,40769
315,78	277,97436
316,05	281,54103
316,32	289,39103
316,58	289,94103
316,85	301,99103
317,11	304,94103
317,38	305,09103
317,64	306,22436
317,91	303,52436
318,17	307,10769
318,44	309,25769
318,70	303,99103
318,97	315,89103
319,23	337,00769
319,50	348,57436
319,76	348,34103
320,03	332,30769
320,29	349,19103
320,56	356,55769
320,82	371,19103
321,09	376,87436
321,36	395,30769
321,62	389,94103
321,89	380,59103
322,15	363,30769
322,42	368,37436
322,68	388,99103
322,95	421,20769
323,21	442,65769
323,48	438,64103
323,74	430,19103
324,01	421,29103
324,27	411,12436
324,54	397,37436
324,80	407,80769
325,07	421,02436
325,33	438,87436
325,60	423,70769
325,86	433,95769
326,13	430,77436
326,39	448,49103
326,66	444,42436
326,92	453,69103
327,19	459,14103
327,45	463,89103
327,72	471,72436
327,98	472,22436
328,25	492,10769
328,51	492,24103
328,78	502,92436
329,04	500,42436
329,31	500,52436
329,57	494,40769
329,84	495,64103
330,10	508,09103
330,37	536,25769
330,63	540,57436
330,90	542,42436
331,16	544,74103
331,43	558,55769
331,69	584,37436
331,96	597,65769
332,22	608,05769
332,49	619,72436
332,75	616,50769
333,01	615,05769
333,28	610,79103
333,54	625,89103
333,81	666,79103
334,07	682,64103
334,34	682,82436
334,60	682,84103
334,87	699,19103
335,13	738,80769
335,40	733,25769
335,66	729,70769
335,93	717,74103
336,19	729,29103
336,46	751,17436
336,72	744,45769
336,99	746,52436
337,25	742,92436
337,52	752,87436
337,78	775,84103
338,05	767,14103
338,31	786,75769
338,57	795,14103
338,84	809,72436
339,10	815,25769
339,37	807,05769
339,63	818,37436
339,90	817,75769
340,16	817,69103
340,43	807,02436
340,69	815,75769
340,96	807,45769
341,22	819,79103
341,49	800,75769
341,75	813,17436
342,01	827,49103
342,28	862,55769
342,54	912,75769
342,81	949,59103
343,07	991,47436
343,34	1005,14103
343,60	1042,67436
343,87	1044,59103
344,13	1076,95769
344,40	1112,75769
344,66	1166,90769
344,92	1219,04103
345,19	1216,04103
345,45	1221,79103
345,72	1215,87436
345,98	1223,65769
346,25	1214,60769
346,51	1201,22436
346,78	1189,64103
347,04	1199,15769
347,30	1185,75769
347,57	1186,94103
347,83	1176,42436
348,10	1193,47436
348,36	1209,17436
348,63	1232,05769
348,89	1236,57436
349,15	1242,37436
349,42	1241,27436
349,68	1245,74103
349,95	1251,00769
350,21	1274,57436
350,48	1291,70769
350,74	1306,59103
351,01	1296,87436
351,27	1299,45769
351,53	1298,15769
351,80	1302,17436
352,06	1317,30769
352,33	1331,04103
352,59	1346,62436
352,86	1363,20769
353,12	1395,17436
353,38	1456,00769
353,65	1471,55769
353,91	1493,45769
354,18	1513,99103
354,44	1575,30769
354,70	1605,75769
354,97	1611,84103
355,23	1632,60769
355,50	1670,47436
355,76	1746,27436
356,03	1801,97436
356,29	1870,24103
356,55	1874,60769
356,82	1856,97436
357,08	1807,59103
357,35	1786,69103
357,61	1805,45769
357,87	1838,12436
358,14	1867,82436
358,40	1887,02436
358,67	1948,94103
358,93	2030,02436
359,20	2121,59103
359,46	2148,72436
359,72	2098,39103
359,99	1994,87436
360,25	1907,84103
360,52	1871,75769
360,78	1863,89103
361,04	1870,42436
361,31	1855,44103
361,57	1839,29103
361,84	1821,34103
362,10	1820,87436
362,36	1821,02436
362,63	1829,15769
362,89	1826,02436
363,16	1832,42436
363,42	1838,10769
363,68	1846,99103
363,95	1859,14103
364,21	1833,74103
364,47	1820,50769
364,74	1780,65769
365,00	1739,69103
365,27	1690,30769
365,53	1663,20769
365,79	1662,75769
366,06	1664,32436
366,32	1662,09103
366,59	1619,54103
366,85	1601,35769
367,11	1568,67436
367,38	1574,64103
367,64	1559,32436
367,91	1554,37436
368,17	1535,49103
368,43	1521,77436
368,70	1519,84103
368,96	1522,19103
369,22	1551,89103
369,49	1567,40769
369,75	1576,59103
370,02	1570,25769
370,28	1562,85769
370,54	1574,59103
370,81	1579,17436
371,07	1597,90769
371,33	1645,20769
371,60	1629,60769
371,86	1617,59103
372,13	1570,15769
372,39	1579,60769
372,65	1591,69103
372,92	1605,87436
373,18	1624,69103
373,44	1614,44103
373,71	1590,25769
373,97	1565,42436
374,23	1569,37436
374,50	1605,32436
374,76	1618,77436
375,03	1626,90769
375,29	1617,54103
375,55	1630,57436
375,82	1631,52436
376,08	1631,62436
376,34	1655,50769
376,61	1642,32436
376,87	1634,19103
377,13	1595,42436
377,40	1621,22436
377,66	1661,12436
377,92	1699,40769
378,19	1716,34103
378,45	1723,40769
378,72	1710,20769
378,98	1713,29103
379,24	1701,02436
379,51	1731,49103
379,77	1745,60769
380,03	1737,05769
380,30	1763,19103
380,56	1776,29103
380,82	1837,07436
381,09	1850,74103
381,35	1868,27436
381,61	1839,05769
381,88	1827,29103
382,14	1827,44103
382,40	1847,87436
382,67	1847,67436
382,93	1837,94103
383,19	1827,57436
383,46	1824,10769
383,72	1835,50769
383,98	1848,44103
384,25	1868,62436
384,51	1880,20769
384,77	1881,42436
385,04	1893,79103
385,30	1896,72436
385,56	1941,12436
385,83	1968,65769
386,09	1996,44103
386,35	2011,75769
386,62	2023,99103
386,88	2048,39103
387,14	2050,17436
387,41	2053,74103
387,67	2079,47436
387,93	2113,54103
388,20	2150,40769
388,46	2150,97436
388,72	2153,44103
388,99	2148,94103
389,25	2143,12436
389,51	2133,34103
389,78	2136,72436
390,04	2181,12436
390,30	2269,17436
390,56	2323,87436
390,83	2304,64103
391,09	2216,84103
391,35	2117,85769
391,62	2074,35769
391,88	2058,50769
392,14	2073,22436
392,41	2067,54103
392,67	2039,47436
392,93	2021,24103
393,20	1994,74103
393,46	2002,02436
393,72	1989,27436
393,99	1991,42436
394,25	1985,27436
394,51	1941,12436
394,77	1920,54103
395,04	1895,37436
395,30	1926,42436
395,56	1936,55769
395,83	1930,72436
396,09	1925,05769
396,35	1938,04103
396,62	1951,90769
396,88	1987,89103
397,14	1995,72436
397,40	2065,82436
397,67	2089,20769
397,93	2105,89103
398,19	2091,00769
398,46	2100,85769
398,72	2132,69103
398,98	2154,85769
399,24	2178,19103
399,51	2211,02436
399,77	2246,67436
400,03	2265,35769
400,30	2258,85769
400,56	2286,15769
400,82	2274,02436
401,08	2238,30769
401,35	2169,85769
401,61	2153,29103
401,87	2150,30769
402,14	2168,40769
402,40	2156,65769
402,66	2144,99103
402,92	2090,00769
403,19	2066,95769
403,45	2089,12436
403,71	2106,54103
403,98	2126,37436
404,24	2121,60769
404,50	2148,95769
404,76	2208,27436
405,03	2260,69103
405,29	2318,32436
405,55	2355,12436
405,81	2427,45769
406,08	2468,64103
406,34	2492,69103
406,60	2508,82436
406,87	2586,14103
407,13	2699,30769
407,39	2716,22436
407,65	2620,47436
407,92	2460,17436
408,18	2366,07436
408,44	2334,07436
408,70	2307,05769
408,97	2289,79103
409,23	2272,87436
409,49	2246,79103
409,75	2210,50769
410,02	2155,55769
410,28	2109,17436
410,54	2078,34103
410,80	2077,00769
411,07	2082,34103
411,33	2082,85769
411,59	2040,40769
411,85	2051,89103
412,12	2050,02436
412,38	2071,30769
412,64	2059,74103
412,90	2050,19103
413,17	2046,27436
413,43	2022,59103
413,69	2023,42436
413,95	2013,90769
414,22	2007,82436
414,48	1970,70769
414,74	1950,60769
415,00	1950,90769
415,27	1960,34103
415,53	1973,99103
415,79	1960,32436
416,05	1954,59103
416,32	1945,07436
416,58	1968,72436
416,84	1985,60769
417,10	1970,22436
417,37	1949,19103
417,63	1934,92436
417,89	1958,20769
418,15	1952,15769
418,41	1948,54103
418,68	1947,87436
418,94	1967,07436
419,20	1967,54103
419,46	1975,09103
419,73	1968,82436
419,99	1983,45769
420,25	1965,35769
420,51	2017,09103
420,78	2006,24103
421,04	1983,94103
421,30	1912,72436
421,56	1920,67436
421,82	1943,70769
422,09	1969,09103
422,35	1954,52436
422,61	1963,95769
422,87	2054,70769
423,14	2070,29103
423,40	2079,27436
423,66	1974,75769
423,92	1976,04103
424,18	1957,94103
424,45	1950,47436
424,71	1928,47436
424,97	1933,15769
425,23	1927,52436
425,49	1917,47436
425,76	1912,84103
426,02	1918,39103
426,28	1930,34103
426,54	1903,65769
426,81	1885,75769
427,07	1863,20769
427,33	1850,55769
427,59	1846,49103
427,85	1834,82436
428,12	1843,44103
428,38	1836,89103
428,64	1825,30769
428,90	1805,00769
429,16	1801,90769
429,43	1804,45769
429,69	1808,52436
429,95	1811,25769
430,21	1831,59103
430,47	1871,49103
430,74	1873,92436
431,00	1879,65769
431,26	1857,45769
431,52	1886,02436
431,78	1916,24103
432,05	1986,64103
432,31	2050,55769
432,57	2041,54103
432,83	1974,42436
433,09	1900,19103
433,35	1888,97436
433,62	1893,50769
433,88	1892,22436
434,14	1887,34103
434,40	1889,02436
434,66	1903,25769
434,93	1903,67436
435,19	1917,12436
435,45	1907,82436
435,71	1947,80769
435,97	1955,40769
436,23	1948,84103
436,50	1914,77436
436,76	1892,24103
437,02	1894,25769
437,28	1874,99103
437,54	1881,29103
437,81	1862,19103
438,07	1855,67436
438,33	1835,02436
438,59	1836,40769
438,85	1846,69103
439,11	1830,94103
439,38	1847,37436
439,64	1840,69103
439,90	1867,47436
440,16	1873,69103
440,42	1891,27436
440,68	1916,27436
440,95	1909,07436
441,21	1944,60769
441,47	1969,89103
441,73	2002,30769
441,99	2013,79103
442,25	2013,70769
442,52	2048,40769
442,78	2046,05769
443,04	2069,24103
443,30	2072,02436
443,56	2110,44103
443,82	2136,97436
444,08	2173,37436
444,35	2201,92436
444,61	2203,40769
444,87	2168,77436
445,13	2159,52436
445,39	2131,25769
445,65	2134,69103
445,92	2065,92436
446,18	2051,60769
446,44	2019,59103
446,70	2016,45769
446,96	2016,02436
447,22	2036,22436
447,48	2053,22436
447,75	2058,65769
448,01	2060,24103
448,27	2039,47436
448,53	2029,89103
448,79	2035,52436
449,05	2065,37436
449,31	2089,57436
449,58	2103,97436
449,84	2086,80769
450,10	2030,64103
450,36	1938,79103
450,62	1888,20769
450,88	1866,04103
451,14	1849,49103
451,41	1825,32436
451,67	1790,49103
451,93	1784,29103
452,19	1790,05769
452,45	1810,17436
452,71	1806,17436
452,97	1775,99103
453,23	1778,17436
453,50	1782,60769
453,76	1799,67436
454,02	1787,52436
454,28	1782,32436
454,54	1778,70769
454,80	1778,50769
455,06	1775,85769
455,32	1778,89103
455,59	1767,84103
455,85	1766,79103
456,11	1772,75769
456,37	1782,72436
456,63	1792,90769
456,89	1797,24103
457,15	1827,87436
457,41	1846,50769
457,68	1881,07436
457,94	1878,74103
458,20	1899,44103
458,46	1920,47436
458,72	1963,05769
458,98	2017,50769
459,24	2056,47436
459,50	2104,00769
459,76	2137,79103
460,03	2158,90769
460,29	2198,94103
460,55	2245,35769
460,81	2307,55769
461,07	2337,77436
461,33	2404,95769
461,59	2472,74103
461,85	2487,54103
462,11	2464,89103
462,37	2439,17436
462,64	2460,05769
462,90	2459,94103
463,16	2473,22436
463,42	2502,37436
463,68	2515,89103
463,94	2498,55769
464,20	2454,75769
464,46	2410,79103
464,72	2399,05769
464,98	2362,99103
465,24	2363,72436
465,51	2313,12436
465,77	2290,92436
466,03	2218,57436
466,29	2173,92436
466,55	2129,42436
466,81	2107,55769
467,07	2098,97436
467,33	2081,05769
467,59	2097,44103
467,85	2075,70769
468,11	2047,89103
468,38	2002,49103
468,64	2002,99103
468,90	1997,42436
469,16	2002,97436
469,42	1983,07436
469,68	1986,90769
469,94	2000,09103
470,20	2013,52436
470,46	2014,72436
470,72	2002,29103
470,98	1985,64103
471,24	1992,89103
471,50	1995,09103
471,77	2001,99103
472,03	2006,75769
472,29	1983,84103
472,55	1987,22436
472,81	1992,82436
473,07	2010,30769
473,33	1987,45769
473,59	1980,54103
473,85	1971,97436
474,11	1994,47436
474,37	1993,60769
474,63	1997,37436
474,89	2032,32436
475,15	2066,30769
475,41	2119,27436
475,68	2128,60769
475,94	2157,59103
476,20	2179,40769
476,46	2233,34103
476,72	2257,85769
476,98	2306,57436
477,24	2345,42436
477,50	2429,59103
477,76	2569,00769
478,02	2769,55769
478,28	2976,17436
478,54	3132,25769
478,80	3280,04103
479,06	3408,15769
479,32	3548,24103
479,58	3701,00769
479,84	3964,37436
480,10	4034,27436
480,36	3906,24103
480,63	3581,32436
480,89	3344,82436
481,15	3211,94103
481,41	3115,22436
481,67	3064,47436
481,93	2993,94103
482,19	2902,47436
482,45	2810,29103
482,71	2739,42436
482,97	2696,87436
483,23	2668,62436
483,49	2657,02436
483,75	2664,60769
484,01	2669,87436
484,27	2665,89103
484,53	2686,44103
484,79	2731,09103
485,05	2743,72436
485,31	2757,52436
485,57	2731,60769
485,83	2758,35769
486,09	2755,85769
486,35	2782,40769
486,61	2790,19103
486,87	2814,79103
487,13	2835,65769
487,39	2869,82436
487,65	2898,37436
487,91	2913,50769
488,17	2916,42436
488,43	2908,57436
488,70	2931,95769
488,96	2961,05769
489,22	2981,97436
489,48	3005,19103
489,74	3026,59103
490,00	3074,62436
490,26	3087,24103
490,52	3132,75769
490,78	3167,72436
491,04	3202,67436
491,30	3221,84103
491,56	3222,74103
491,82	3225,99103
492,08	3228,99103
492,34	3266,30769
492,60	3311,69103
492,86	3349,34103
493,12	3380,04103
493,38	3424,25769
493,64	3466,90769
493,90	3498,22436
494,16	3508,70769
494,42	3533,47436
494,68	3579,62436
494,94	3663,42436
495,20	3729,05769
495,46	3777,65769
495,72	3794,37436
495,98	3825,04103
496,24	3858,79103
496,50	3914,99103
496,76	3997,35769
497,02	4070,60769
497,28	4151,89103
497,54	4255,02436
497,80	4368,19103
498,06	4489,12436
498,32	4581,79103
498,58	4747,49103
498,84	4915,60769
499,10	5121,64103
499,36	5321,37436
499,62	5546,42436
499,88	5757,92436
500,14	5910,25769
500,40	6013,75769
500,66	6098,24103
500,92	6145,79103
501,18	6104,29103
501,44	5958,92436
501,69	5773,32436
501,95	5592,54103
502,21	5411,24103
502,47	5222,94103
502,73	5054,75769
502,99	4925,24103
503,25	4819,42436
503,51	4744,09103
503,77	4656,47436
504,03	4608,25769
504,29	4559,92436
504,55	4544,77436
504,81	4497,82436
505,07	4447,04103
505,33	4391,07436
505,59	4347,20769
505,85	4318,04103
506,11	4281,77436
506,37	4235,34103
506,63	4175,69103
506,89	4148,95769
507,15	4149,12436
507,41	4110,44103
507,67	4058,30769
507,93	3999,84103
508,19	3985,32436
508,45	3977,95769
508,71	3962,95769
508,97	3936,19103
509,23	3909,90769
509,49	3926,84103
509,74	3949,14103
510,00	3950,04103
510,26	3933,47436
510,52	3911,24103
510,78	3931,25769
511,04	3913,59103
511,30	3953,34103
511,56	3938,84103
511,82	3948,25769
512,08	3910,05769
512,34	3943,17436
512,60	3948,84103
512,86	3992,94103
513,12	4000,45769
513,38	4057,42436
513,64	4119,92436
513,90	4174,82436
514,16	4260,94103
514,42	4320,12436
514,67	4374,94103
514,93	4393,37436
515,19	4400,64103
515,45	4397,42436
515,71	4371,50769
515,97	4354,69103
516,23	4338,37436
516,49	4330,17436
516,75	4335,54103
517,01	4349,52436
517,27	4356,65769
517,53	4343,14103
517,79	4336,85769
518,05	4333,70769
518,31	4340,02436
518,56	4321,75769
518,82	4288,35769
519,08	4215,29103
519,34	4157,90769
519,60	4092,24103
519,86	4066,89103
520,12	4018,95769
520,38	3989,09103
520,64	3971,67436
520,90	3974,42436
521,16	3976,55769
521,42	3989,22436
521,68	4057,39103
521,93	4224,25769
522,19	4389,69103
522,45	4553,15769
522,71	4622,54103
522,97	4693,09103
523,23	4736,22436
523,49	4936,90769
523,75	5146,05769
524,01	5117,80769
524,27	4822,85769
524,53	4479,55769
524,79	4315,25769
525,04	4220,19103
525,30	4108,37436
525,56	4014,02436
525,82	3950,15769
526,08	3927,07436
526,34	3895,99103
526,60	3916,72436
526,86	3900,67436
527,12	3892,25769
527,38	3823,99103
527,63	3794,64103
527,89	3771,44103
528,15	3763,35769
528,41	3740,47436
528,67	3736,87436
528,93	3756,09103
529,19	3749,12436
529,45	3734,20769
529,71	3719,47436
529,97	3740,94103
530,22	3772,15769
530,48	3798,82436
530,74	3806,44103
531,00	3826,55769
531,26	3847,25769
531,52	3872,09103
531,78	3865,02436
532,04	3866,22436
532,30	3867,84103
532,55	3896,87436
532,81	3888,22436
533,07	3859,25769
533,33	3830,30769
533,59	3798,57436
533,85	3771,57436
534,11	3780,64103
534,37	3779,57436
534,62	3792,74103
534,88	3732,24103
535,14	3702,05769
535,40	3688,72436
535,66	3714,95769
535,92	3727,40769
536,18	3737,99103
536,44	3730,80769
536,69	3733,72436
536,95	3736,44103
537,21	3751,39103
537,47	3774,82436
537,73	3785,69103
537,99	3759,82436
538,25	3745,04103
538,51	3723,47436
538,76	3729,20769
539,02	3722,54103
539,28	3740,10769
539,54	3734,75769
539,80	3713,52436
540,06	3690,40769
540,32	3701,55769
540,57	3721,82436
540,83	3738,10769
541,09	3714,87436
541,35	3692,25769
541,61	3683,52436
541,87	3688,69103
542,13	3723,47436
542,38	3726,37436
542,64	3728,32436
542,90	3716,90769
543,16	3674,17436
543,42	3674,95769
543,68	3636,32436
543,94	3642,95769
544,19	3615,37436
544,45	3632,72436
544,71	3634,97436
544,97	3650,62436
545,23	3629,04103
545,49	3632,85769
545,74	3612,97436
546,00	3633,19103
546,26	3600,60769
546,52	3628,20769
546,78	3631,59103
547,04	3665,12436
547,29	3654,57436
547,55	3636,40769
547,81	3627,00769
548,07	3625,35769
548,33	3622,90769
548,59	3634,42436
548,84	3645,30769
549,10	3648,57436
549,36	3651,65769
549,62	3649,40769
549,88	3665,64103
550,14	3670,85769
550,39	3667,52436
550,65	3684,72436
550,91	3691,90769
551,17	3700,02436
551,43	3698,30769
551,69	3711,82436
551,94	3750,59103
552,20	3767,94103
552,46	3801,12436
552,72	3798,29103
552,98	3808,25769
553,24	3799,60769
553,49	3808,75769
553,75	3812,10769
554,01	3809,44103
554,27	3806,20769
554,53	3812,00769
554,78	3804,40769
555,04	3782,49103
555,30	3764,22436
555,56	3754,07436
555,82	3775,55769
556,07	3785,32436
556,33	3797,74103
556,59	3792,44103
556,85	3800,30769
557,11	3837,39103
557,37	3846,67436
557,62	3827,10769
557,88	3806,45769
558,14	3836,24103
558,40	3854,79103
558,66	3861,84103
558,91	3829,62436
559,17	3835,07436
559,43	3825,77436
559,69	3806,27436
559,95	3775,99103
560,20	3739,87436
560,46	3741,22436
560,72	3732,40769
560,98	3741,04103
561,24	3692,59103
561,49	3675,82436
561,75	3647,64103
562,01	3665,34103
562,27	3664,50769
562,52	3665,65769
562,78	3673,35769
563,04	3699,79103
563,30	3703,57436
563,56	3724,85769
563,81	3759,90769
564,07	3838,44103
564,33	3939,60769
564,59	4022,42436
564,85	4115,34103
565,10	4234,75769
565,36	4341,80769
565,62	4447,34103
565,88	4496,05769
566,13	4621,24103
566,39	4721,04103
566,65	4811,39103
566,91	4828,85769
567,17	4825,79103
567,42	4856,40769
567,68	4825,85769
567,94	4809,50769
568,20	4735,47436
568,45	4686,15769
568,71	4596,20769
568,97	4457,02436
569,23	4358,10769
569,49	4239,30769
569,74	4162,67436
570,00	4031,49103
570,26	3965,90769
570,52	3907,37436
570,77	3905,49103
571,03	3891,24103
571,29	3880,09103
571,55	3855,20769
571,80	3794,20769
572,06	3738,54103
572,32	3690,80769
572,58	3701,79103
572,83	3690,10769
573,09	3655,52436
573,35	3616,32436
573,61	3581,84103
573,86	3566,42436
574,12	3528,04103
574,38	3529,39103
574,64	3519,94103
574,89	3540,55769
575,15	3563,30769
575,41	3560,69103
575,67	3554,49103
575,92	3526,55769
576,18	3538,04103
576,44	3540,47436
576,70	3527,70769
576,95	3506,42436
577,21	3475,19103
577,47	3461,12436
577,73	3453,50769
577,98	3428,14103
578,24	3415,75769
578,50	3380,94103
578,76	3369,05769
579,01	3334,40769
579,27	3312,85769
579,53	3309,07436
579,79	3279,50769
580,04	3246,29103
580,30	3180,87436
580,56	3146,60769
580,81	3127,14103
581,07	3135,05769
581,33	3135,67436
581,59	3141,20769
581,84	3158,42436
582,10	3206,05769
582,36	3275,47436
582,62	3370,14103
582,87	3468,77436
583,13	3582,97436
583,39	3648,67436
583,64	3706,94103
583,90	3711,74103
584,16	3795,27436
584,42	3877,34103
584,67	3887,67436
584,93	3783,00769
585,19	3627,39103
585,45	3538,70769
585,70	3472,72436
585,96	3444,22436
586,22	3414,00769
586,47	3380,97436
586,73	3381,77436
586,99	3395,04103
587,25	3424,42436
587,50	3431,52436
587,76	3457,99103
588,02	3513,75769
588,27	3602,20769
588,53	3693,32436
588,79	3731,80769
589,04	3725,25769
589,30	3776,92436
589,56	3853,27436
589,82	3887,04103
590,07	3837,59103
590,33	3735,47436
590,59	3638,30769
590,84	3540,42436
591,10	3482,72436
591,36	3480,09103
591,61	3467,72436
591,87	3487,85769
592,13	3494,19103
592,39	3527,19103
592,64	3550,77436
592,90	3554,79103
593,16	3569,60769
593,41	3574,87436
593,67	3590,14103
593,93	3578,09103
594,18	3582,87436
594,44	3603,87436
594,70	3608,67436
594,95	3604,24103
595,21	3599,80769
595,47	3577,92436
595,73	3547,25769
595,98	3514,34103
596,24	3496,75769
596,50	3443,02436
596,75	3387,52436
597,01	3319,27436
597,27	3242,32436
597,52	3146,82436
597,78	3061,77436
598,04	3010,64103
598,29	2934,02436
598,55	2900,55769
598,81	2848,40769
599,06	2838,44103
599,32	2790,99103
599,58	2789,19103
599,83	2753,79103
600,09	2754,65769
600,35	2726,47436
600,60	2718,25769
600,86	2698,92436
601,12	2691,14103
601,37	2687,00769
601,63	2659,39103
601,89	2633,12436
602,14	2608,64103
602,40	2599,34103
602,66	2587,65769
602,91	2569,04103
603,17	2573,39103
603,43	2575,74103
603,68	2590,74103
603,94	2568,39103
604,20	2555,97436
604,45	2534,50769
604,71	2535,00769
604,97	2530,44103
605,22	2535,75769
605,48	2535,67436
605,74	2549,77436
605,99	2551,44103
606,25	2545,92436
606,51	2534,70769
606,76	2503,97436
607,02	2509,57436
607,27	2483,70769
607,53	2500,69103
607,79	2484,87436
608,04	2474,69103
608,30	2452,64103
608,56	2434,04103
608,81	2445,49103
609,07	2447,14103
609,33	2469,95769
609,58	2481,40769
609,84	2487,09103
610,10	2472,04103
610,35	2439,67436
610,61	2418,97436
610,86	2401,95769
611,12	2403,35769
611,38	2404,00769
611,63	2398,45769
611,89	2395,90769
612,15	2398,09103
612,40	2386,75769
612,66	2377,85769
612,92	2349,84103
613,17	2373,74103
613,43	2381,90769
613,68	2402,64103
613,94	2381,94103
614,20	2372,64103
614,45	2360,45769
614,71	2390,82436
614,97	2377,72436
615,22	2389,79103
615,48	2371,27436
615,73	2397,69103
615,99	2406,84103
616,25	2414,45769
616,50	2430,65769
616,76	2425,45769
617,01	2438,65769
617,27	2410,50769
617,53	2416,30769
617,78	2434,00769
618,04	2453,49103
618,30	2458,80769
618,55	2411,72436
618,81	2403,67436
619,06	2380,60769
619,32	2383,15769
619,58	2369,20769
619,83	2374,32436
620,09	2369,25769
620,34	2367,95769
620,60	2357,12436
620,86	2358,24103
621,11	2356,67436
621,37	2372,27436
621,62	2362,92436
621,88	2340,09103
622,14	2308,70769
622,39	2314,59103
622,65	2331,14103
622,90	2333,15769
623,16	2336,25769
623,42	2340,02436
623,67	2326,70769
623,93	2327,32436
624,18	2307,77436
624,44	2343,15769
624,70	2347,17436
624,95	2351,87436
625,21	2339,55769
625,46	2328,45769
625,72	2352,05769
625,98	2350,12436
626,23	2376,70769
626,49	2396,32436
626,74	2450,20769
627,00	2495,60769
627,25	2529,49103
627,51	2551,67436
627,77	2548,85769
628,02	2548,42436
628,28	2582,67436
628,53	2612,62436
628,79	2612,22436
629,04	2536,77436
629,30	2486,65769
629,56	2469,05769
629,81	2460,85769
630,07	2451,72436
630,32	2431,69103
630,58	2461,29103
630,83	2444,80769
631,09	2438,37436
631,35	2402,84103
631,60	2400,95769
631,86	2394,17436
632,11	2391,05769
632,37	2351,70769
632,62	2319,65769
632,88	2289,02436
633,14	2288,57436
633,39	2284,99103
633,65	2301,89103
633,90	2313,10769
634,16	2304,57436
634,41	2275,44103
634,67	2261,14103
634,93	2276,25769
635,18	2288,77436
635,44	2267,87436
635,69	2247,67436
635,95	2248,42436
636,20	2276,79103
636,46	2275,90769
636,71	2272,44103
636,97	2260,44103
637,22	2268,69103
637,48	2251,25769
637,74	2254,37436
637,99	2258,90769
638,25	2277,25769
638,50	2263,20769
638,76	2264,89103
639,01	2251,40769
639,27	2246,90769
639,52	2242,20769
639,78	2245,02436
640,03	2251,75769
640,29	2243,44103
640,55	2248,15769
640,80	2246,09103
641,06	2237,25769
641,31	2254,60769
641,57	2270,10769
641,82	2298,99103
642,08	2303,40769
642,33	2314,24103
642,59	2334,85769
642,84	2342,02436
643,10	2340,17436
643,35	2325,19103
643,61	2327,94103
643,87	2340,54103
644,12	2344,99103
644,38	2323,24103
644,63	2316,72436
644,89	2325,34103
645,14	2334,45769
645,40	2325,79103
645,65	2324,70769
645,91	2319,40769
646,16	2347,90769
646,42	2358,37436
646,67	2370,62436
646,93	2370,79103
647,18	2382,84103
647,44	2392,45769
647,69	2402,40769
647,95	2398,37436
648,20	2419,07436
648,46	2431,32436
648,71	2451,20769
648,97	2461,04103
649,22	2470,79103
649,48	2470,69103
649,73	2467,32436
649,99	2455,40769
650,24	2478,20769
650,50	2490,25769
650,75	2501,54103
651,01	2493,10769
651,26	2504,62436
651,52	2502,42436
651,77	2503,42436
652,03	2513,04103
652,28	2533,82436
652,54	2582,17436
652,79	2632,39103
653,05	2687,99103
653,30	2725,54103
653,56	2761,27436
653,81	2826,77436
654,07	2921,39103
654,32	3034,62436
654,58	3171,17436
654,83	3337,67436
655,09	3507,45769
655,34	3701,30769
655,60	3869,15769
655,85	4026,89103
656,11	4155,14103
656,36	4240,62436
656,62	4287,04103
656,87	4269,07436
657,13	4187,49103
657,38	4074,35769
657,64	3912,74103
657,89	3746,80769
658,15	3535,57436
658,40	3345,20769
658,66	3190,60769
658,91	3071,64103
659,17	2969,45769
659,42	2873,77436
659,68	2795,32436
659,93	2721,97436
660,19	2653,05769
660,44	2615,85769
660,70	2583,34103
660,95	2542,62436
661,20	2490,27436
661,46	2441,42436
661,71	2402,89103
661,97	2359,89103
662,22	2329,50769
662,48	2304,17436
662,73	2275,74103
662,99	2256,92436
663,24	2231,55769
663,50	2200,27436
663,75	2173,75769
664,01	2134,19103
664,26	2146,42436
664,52	2124,67436
664,77	2138,27436
665,02	2133,24103
665,28	2138,65769
665,53	2123,05769
665,79	2120,67436
666,04	2109,25769
666,30	2101,95769
666,55	2088,95769
666,81	2072,69103
667,06	2064,87436
667,32	2052,77436
667,57	2038,37436
667,82	2019,87436
668,08	2003,02436
668,33	1989,55769
668,59	1970,22436
668,84	1956,67436
669,10	1937,39103
669,35	1988,95769
669,61	1949,64103
669,86	1960,50769
670,11	1884,45769
670,37	1902,95769
670,62	1893,57436
670,88	1904,74103
671,13	1874,29103
671,39	1847,42436
671,64	1830,07436
671,90	1836,57436
672,15	1836,30769
672,40	1814,12436
672,66	1781,60769
672,91	1774,24103
673,17	1763,45769
673,42	1767,84103
673,68	1749,84103
673,93	1736,17436
674,18	1727,80769
674,44	1713,35769
674,69	1713,54103
674,95	1711,40769
675,20	1703,94103
675,46	1692,67436
675,71	1667,65769
675,96	1674,22436
676,22	1664,07436
676,47	1669,87436
676,73	1659,24103
676,98	1655,60769
677,23	1659,42436
677,49	1666,69103
677,74	1685,35769
678,00	1661,49103
678,25	1651,45769
678,51	1645,25769
678,76	1631,62436
679,01	1626,57436
679,27	1599,12436
679,52	1597,79103
679,78	1582,49103
680,03	1582,79103
680,28	1574,00769
680,54	1559,24103
680,79	1532,59103
681,05	1526,09103
681,30	1509,82436
681,55	1509,34103
681,81	1511,04103
682,06	1528,99103
682,32	1537,20769
682,57	1538,52436
682,82	1523,75769
683,08	1511,17436
683,33	1478,72436
683,59	1485,45769
683,84	1473,22436
684,09	1484,00769
684,35	1467,10769
684,60	1476,89103
684,86	1471,55769
685,11	1492,84103
685,36	1489,09103
685,62	1502,20769
685,87	1460,25769
686,13	1446,27436
686,38	1422,64103
686,63	1443,10769
686,89	1468,02436
687,14	1504,84103
687,40	1499,24103
687,65	1491,54103
687,90	1477,59103
688,16	1477,19103
688,41	1472,49103
688,66	1461,57436
688,92	1470,27436
689,17	1460,30769
689,43	1455,77436
689,68	1456,62436
689,93	1465,04103
690,19	1465,74103
690,44	1442,80769
690,69	1423,10769
690,95	1414,25769
691,20	1417,20769
691,46	1401,77436
691,71	1403,59103
691,96	1394,59103
692,22	1398,12436
692,47	1376,85769
692,72	1365,25769
692,98	1364,22436
693,23	1363,17436
693,49	1375,04103
693,74	1372,72436
693,99	1376,20769
694,25	1361,82436
694,50	1360,45769
694,75	1352,37436
695,01	1330,40769
695,26	1332,29103
695,51	1332,17436
695,77	1332,52436
696,02	1321,37436
696,27	1319,54103
696,53	1336,24103
696,78	1339,27436
697,04	1342,55769
697,29	1329,60769
697,54	1322,05769
697,80	1301,60769
698,05	1303,49103
698,30	1293,74103
698,56	1291,60769
698,81	1284,57436
699,06	1282,45769
699,32	1275,12436
699,57	1276,29103
699,82	1289,02436
700,08	1285,42436
700,33	1276,90769
700,58	1260,75769
700,84	1260,04103
701,09	1250,37436
701,34	1242,52436
701,60	1247,95769
701,85	1248,60769
702,10	1250,14103
702,36	1249,89103
702,61	1234,04103
702,86	1220,22436
703,12	1189,14103
703,37	1194,47436
703,62	1186,04103
703,88	1187,69103
704,13	1173,64103
704,38	1174,30769
704,64	1193,39103
704,89	1197,04103
705,14	1210,47436
705,40	1203,77436
705,65	1207,70769
705,90	1184,97436
706,16	1158,07436
706,41	1150,79103
706,66	1147,49103
706,92	1149,10769
707,17	1153,10769
707,42	1173,52436
707,68	1160,19103
707,93	1148,57436
708,18	1129,95769
708,44	1154,64103
708,69	1155,60769
708,94	1152,44103
709,19	1135,95769
709,45	1138,75769
709,70	1123,37436
709,95	1121,00769
710,21	1099,89103
710,46	1096,34103
710,71	1113,97436
710,97	1113,40769
711,22	1124,10769
711,47	1095,25769
711,73	1100,94103
711,98	1095,49103
712,23	1095,95769
712,48	1086,25769
712,74	1081,60769
712,99	1082,09103
713,24	1075,70769
713,50	1078,69103
713,75	1099,09103
714,00	1117,00769
714,26	1121,40769
714,51	1125,35769
714,76	1148,09103
715,01	1167,57436
715,27	1199,85769
715,52	1207,20769
715,77	1226,44103
716,03	1213,49103
716,28	1218,87436
716,53	1230,59103
716,78	1215,52436
717,04	1200,87436
717,29	1174,54103
717,54	1163,44103
717,80	1128,59103
718,05	1099,40769
718,30	1076,24103
718,55	1074,35769
718,81	1059,97436
719,06	1061,75769
719,31	1054,20769
719,57	1036,20769
719,82	1021,04103
720,07	1014,64103
720,32	1008,09103
720,58	1009,10769
720,83	1000,15769
721,08	1001,89103
721,33	988,27436
721,59	994,87436
721,84	998,57436
722,09	1007,52436
722,35	996,72436
722,60	984,99103
722,85	976,62436
723,10	964,27436
723,36	960,05769
723,61	946,00769
723,86	950,57436
724,11	964,37436
724,37	956,67436
724,62	950,40769
724,87	930,72436
725,12	933,09103
725,38	930,45769
725,63	927,47436
725,88	915,87436
726,13	914,35769
726,39	900,44103
726,64	919,19103
726,89	918,67436
727,14	921,37436
727,40	913,94103
727,65	913,07436
727,90	930,89103
728,15	935,57436
728,41	919,17436
728,66	919,40769
728,91	902,40769
729,16	913,22436
729,42	908,07436
729,67	910,97436
729,92	888,00769
730,17	872,57436
730,43	872,67436
730,68	888,94103
730,93	891,59103
731,18	883,74103
731,44	875,94103
731,69	863,20769
731,94	863,32436
732,19	874,99103
732,45	886,09103
732,70	897,80769
732,95	878,47436
733,20	858,45769
733,45	848,92436
733,71	859,09103
733,96	859,22436
734,21	859,62436
734,46	849,10769
734,72	850,94103
734,97	849,12436
735,22	844,69103
735,47	849,49103
735,72	841,42436
735,98	840,62436
736,23	838,99103
736,48	843,25769
736,73	849,15769
736,99	842,60769
737,24	844,99103
737,49	843,60769
737,74	852,04103
737,99	870,57436
738,25	873,75769
738,50	874,65769
738,75	845,80769
739,00	850,84103
739,25	859,77436
739,51	858,49103
739,76	860,84103
740,01	864,60769
740,26	888,42436
740,52	904,70769
740,77	949,12436
741,02	982,65769
741,27	1030,77436
741,52	1080,54103
741,78	1145,95769
742,03	1194,50769
742,28	1215,80769
742,53	1249,65769
742,78	1319,30769
743,04	1446,10769
743,29	1585,99103
743,54	1693,57436
743,79	1714,67436
744,04	1680,70769
744,30	1647,14103
744,55	1635,80769
744,80	1692,25769
745,05	1738,25769
745,30	1768,20769
745,55	1762,20769
745,81	1828,39103
746,06	1933,85769
746,31	2027,19103
746,56	2042,72436
746,81	2024,65769
747,07	2003,64103
747,32	2023,84103
747,57	2087,42436
747,82	2073,49103
748,07	1957,15769
748,32	1731,57436
748,58	1544,37436
748,83	1390,05769
749,08	1298,85769
749,33	1228,42436
749,58	1190,54103
749,84	1174,14103
750,09	1178,52436
750,34	1203,84103
750,59	1224,90769
750,84	1209,74103
751,09	1196,65769
751,35	1161,55769
751,60	1171,05769
751,85	1147,00769
752,10	1107,22436
752,35	1055,55769
752,60	989,20769
752,86	944,80769
753,11	878,75769
753,36	835,94103
753,61	805,54103
753,86	778,30769
754,11	765,57436
754,37	736,25769
754,62	731,07436
754,87	724,37436
755,12	740,59103
755,37	742,77436
755,62	739,50769
755,87	707,02436
756,13	691,54103
756,38	685,25769
756,63	701,52436
756,88	720,02436
757,13	711,09103
757,38	709,95769
757,64	680,04103
757,89	674,89103
758,14	679,90769
758,39	674,85769
758,64	691,12436
758,89	672,20769
759,14	686,79103
759,40	677,97436
759,65	673,84103
759,90	663,77436
760,15	646,75769
760,40	624,65769
760,65	611,14103
760,90	607,25769
761,15	615,30769
761,41	623,94103
761,66	620,12436
761,91	632,20769
762,16	620,37436
762,41	640,55769
762,66	628,79103
762,91	638,45769
763,17	631,39103
763,42	636,77436
763,67	645,50769
763,92	643,30769
764,17	644,05769
764,42	628,34103
764,67	629,17436
764,92	641,75769
765,18	647,20769
765,43	639,87436
765,68	654,15769
765,93	670,84103
766,18	672,75769
766,43	652,55769
766,68	645,69103
766,93	647,44103
767,18	644,15769
767,44	638,10769
767,69	622,87436
767,94	624,50769
768,19	610,42436
768,44	613,07436
768,69	614,77436
768,94	636,77436
769,19	641,60769
769,44	645,44103
769,70	621,57436
769,95	623,40769
770,20	623,94103
770,45	653,45769
770,70	662,35769
770,95	653,75769
771,20	626,15769
771,45	633,30769
771,70	634,34103
771,95	640,24103
772,21	646,69103
772,46	654,77436
772,71	670,07436
772,96	673,97436
773,21	685,49103
773,46	713,22436
773,71	731,14103
773,96	745,30769
774,21	766,59103
774,46	799,32436
774,72	850,44103
774,97	902,89103
775,22	970,54103
775,47	1093,19103
775,72	1287,45769
775,97	1624,77436
776,22	2097,29103
776,47	2671,82436
776,72	3113,12436
776,97	3304,29103
777,22	3233,40769
777,47	3115,10769
777,73	3128,09103
777,98	3233,85769
778,23	3171,44103
778,48	2803,54103
778,73	2247,47436
778,98	1780,70769
779,23	1463,32436
779,48	1250,45769
779,73	1078,22436
779,98	954,47436
780,23	876,99103
780,48	823,55769
780,73	792,92436
780,98	762,02436
781,24	733,00769
781,49	687,54103
781,74	647,99103
781,99	626,84103
782,24	615,09103
782,49	604,44103
782,74	592,50769
782,99	585,30769
783,24	574,84103
783,49	570,77436
783,74	560,64103
783,99	570,75769
784,24	555,25769
784,49	548,97436
784,74	536,00769
784,99	538,64103
785,24	520,54103
785,49	493,55769
785,75	513,65769
786,00	537,29103
786,25	539,79103
786,50	509,99103
786,75	484,85769
787,00	500,62436
787,25	500,37436
787,50	508,84103
787,75	499,77436
788,00	519,59103
788,25	498,74103
788,50	486,35769
788,75	467,90769
789,00	473,15769
789,25	469,37436
789,50	453,02436
789,75	454,57436
790,00	469,47436
790,25	476,37436
790,50	509,30769
790,75	524,55769
791,00	527,22436
791,25	518,97436
791,50	497,22436
791,75	497,79103
792,01	504,99103
792,26	513,67436
792,51	532,24103
792,76	516,19103
793,01	522,74103
793,26	511,64103
793,51	548,32436
793,76	598,19103
794,01	676,95769
794,26	733,22436
794,51	768,92436
794,76	766,32436
795,01	765,72436
795,26	764,89103
795,51	778,10769
795,76	761,79103
796,01	737,50769
796,26	689,47436
796,51	632,59103
796,76	574,37436
797,01	522,80769
797,26	506,09103
797,51	477,57436
797,76	483,34103
798,01	467,90769
798,26	480,60769
798,51	456,95769
798,76	431,17436
799,01	415,54103
799,26	400,10769
799,51	402,97436
799,76	395,45769
800,01	413,09103
800,26	403,52436
800,51	406,12436
800,76	394,97436
801,01	399,82436
801,26	392,04103
801,51	387,25769
801,76	388,62436
802,01	382,10769
802,26	386,94103
802,51	397,84103
802,76	402,14103
803,01	395,89103
803,26	371,64103
803,51	368,25769
803,76	370,72436
804,01	385,02436
804,26	374,45769
804,51	360,09103
804,76	347,30769
805,01	350,64103
805,26	348,79103
805,51	348,27436
805,76	341,10769
806,01	377,87436
806,26	389,27436
806,51	395,72436
806,76	350,74103
807,01	334,27436
807,26	330,82436
807,51	330,15769
807,76	328,05769
808,01	334,65769
808,26	349,04103
808,50	353,64103
808,75	348,09103
809,00	344,02436
809,25	353,69103
809,50	350,24103
809,75	356,09103
810,00	352,92436
810,25	352,50769
810,50	362,25769
810,75	367,40769
811,00	387,97436
811,25	385,34103
811,50	399,85769
811,75	399,50769
812,00	392,34103
812,25	377,59103
812,50	349,34103
812,75	342,39103
813,00	336,35769
813,25	344,32436
813,50	349,69103
813,75	344,67436
814,00	350,97436
814,25	352,54103
814,50	376,27436
814,74	376,77436
814,99	395,04103
815,24	378,85769
815,49	386,94103
815,74	381,19103
815,99	411,60769
816,24	431,40769
816,49	447,70769
816,74	481,17436
816,99	505,94103
817,24	572,79103
817,49	625,84103
817,74	768,50769
817,99	886,92436
818,24	986,57436
818,49	1012,24103
818,74	1007,95769
818,98	1040,15769
819,23	1077,32436
819,48	1136,59103
819,73	1103,74103
819,98	1074,62436
820,23	1028,97436
820,48	1101,37436
820,73	1227,35769
820,98	1395,34103
821,23	1493,12436
821,48	1535,80769
821,73	1544,54103
821,98	1573,40769
822,23	1591,50769
822,47	1567,47436
822,72	1478,30769
822,97	1363,27436
823,22	1258,85769
823,47	1182,09103
823,72	1116,80769
823,97	1046,49103
824,22	968,24103
824,47	873,45769
824,72	823,70769
824,97	781,32436
825,22	739,64103
825,46	663,65769
825,71	592,15769
825,96	534,35769
826,21	487,27436
826,46	445,74103
826,71	417,34103
826,96	414,84103
827,21	397,99103
827,46	384,30769
827,71	354,85769
827,96	340,94103
828,20	334,99103
828,45	329,87436
828,70	331,90769
828,95	317,82436
829,20	312,37436
829,45	302,65769
829,70	300,05769
829,95	292,57436
830,20	286,89103
830,45	300,15769
830,69	300,62436
830,94	297,44103
831,19	289,82436
831,44	269,14103
831,69	273,47436
831,94	261,29103
832,19	275,22436
832,44	256,77436
832,69	254,34103
832,93	253,24103
833,18	272,39103
833,43	265,40769
833,68	253,52436
833,93	251,84103
834,18	257,87436
834,43	265,45769
834,68	253,22436
834,92	241,37436
835,17	240,82436
835,42	248,52436
835,67	262,09103
835,92	250,90769
836,17	238,50769
836,42	223,42436
836,67	207,10769
836,91	221,52436
837,16	227,20769
837,41	227,57436
837,66	239,20769
837,91	257,79103
838,16	270,12436
838,41	253,52436
838,66	226,32436
838,90	240,44103
839,15	233,02436
839,40	246,60769
839,65	230,14103
839,90	229,37436
840,15	237,69103
840,40	235,47436
840,64	252,07436
840,89	236,40769
841,14	255,37436
841,39	250,84103
841,64	258,75769
841,89	271,02436
842,14	263,20769
842,38	299,99103
842,63	314,75769
842,88	340,77436
843,13	348,87436
843,38	402,35769
843,63	492,49103
843,87	620,65769
844,12	708,72436
844,37	750,10769
844,62	718,37436
844,87	693,90769
845,12	716,14103
845,37	709,85769
845,61	662,34103
845,86	553,15769
846,11	470,69103
846,36	400,59103
846,61	364,02436
846,86	333,67436
847,10	316,50769
847,35	311,74103
847,60	296,09103
847,85	283,87436
848,10	257,45769
848,35	251,35769
848,59	252,50769
848,84	237,85769
849,09	241,99103
849,34	225,84103
849,59	230,59103
849,84	200,55769
850,08	208,27436
850,33	197,12436
850,58	200,94103
850,83	200,15769
851,08	192,04103
851,32	187,27436
851,57	183,97436
851,82	209,90769
852,07	216,47436
852,32	228,67436
852,57	202,64103
852,81	220,17436
853,06	198,82436
853,31	219,64103
853,56	202,94103
853,81	202,67436
854,05	200,95769
854,30	195,44103
854,55	198,24103
854,80	189,37436
855,05	225,79103
855,29	230,69103
855,54	242,92436
855,79	223,79103
856,04	232,80769
856,29	242,20769
856,53	261,12436
856,78	261,95769
857,03	250,92436
857,28	246,27436
857,53	251,82436
857,77	273,77436
858,02	264,82436
858,27	265,94103
858,52	268,09103
858,77	284,35769
859,01	302,09103
859,26	312,77436
859,51	325,72436
859,76	316,14103
860,01	315,92436
860,25	306,74103
860,50	318,82436
860,75	306,30769
861,00	309,22436
861,25	300,00769
861,49	305,10769
861,74	314,57436
861,99	337,37436
862,24	391,29103
862,48	446,45769
862,73	480,00769
862,98	472,70769
863,23	481,05769
863,48	500,60769
863,72	519,45769
863,97	504,82436
864,22	469,72436
864,47	416,34103
864,71	376,42436
864,96	377,52436
865,21	385,69103
865,46	385,99103
865,70	372,12436
865,95	373,40769
866,20	400,59103
866,45	449,60769
866,70	512,00769
866,94	605,15769
867,19	723,97436
867,44	911,49103
867,69	1072,80769
867,93	1155,04103
868,18	1160,19103
868,43	1145,80769
868,68	1136,54103
868,92	1083,80769
869,17	971,40769
869,42	867,42436
869,67	770,54103
869,91	707,47436
870,16	643,70769
870,41	636,17436
870,66	657,39103
870,90	691,52436
871,15	677,55769
871,40	647,67436
871,65	609,79103
871,89	579,77436
872,14	535,40769
872,39	491,69103
872,64	445,69103
872,88	396,12436
873,13	338,74103
873,38	291,49103
873,63	286,85769
873,87	273,39103
874,12	245,05769
874,37	206,27436
874,62	197,65769
874,86	204,60769
875,11	204,47436
875,36	195,59103
875,60	177,07436
875,85	177,12436
876,10	178,32436
876,35	187,54103
876,59	173,74103
876,84	157,89103
877,09	162,95769
877,34	167,10769
877,58	164,14103
877,83	149,20769
878,08	140,67436
878,32	134,47436
878,57	123,04103
878,82	134,35769
879,07	133,50769
879,31	139,15769
879,56	128,07436
879,81	126,92436
880,06	121,57436
880,30	110,35769
880,55	139,45769
880,80	148,64103
881,04	156,95769
881,29	164,10769
881,54	178,70769
881,79	176,72436
882,03	140,07436
882,28	142,39103
882,53	150,32436
882,77	165,67436
883,02	149,30769
883,27	142,79103
883,51	125,12436
883,76	126,95769
884,01	133,57436
884,26	128,07436
884,50	119,42436
884,75	95,12436
885,00	99,82436
885,24	98,19103
885,49	103,59103
885,74	118,90769
885,98	100,87436
886,23	95,15769
886,48	85,19103
886,73	112,20769
886,97	123,90769
887,22	111,85769
887,47	92,82436
887,71	79,20769
887,96	77,89103
888,21	91,37436
888,45	103,07436
888,70	119,45769
888,95	102,09103
889,19	92,72436
889,44	81,12436
889,69	92,87436
889,93	78,14103
890,18	89,97436
890,43	91,34103
890,67	112,42436
890,92	88,55769
891,17	100,10769
891,42	108,72436
891,66	137,22436
891,91	128,29103
892,16	124,02436
892,40	123,89103
892,65	117,25769
892,90	108,09103
893,14	97,05769
893,39	97,22436
893,64	90,75769
893,88	72,50769
894,13	86,82436
894,38	100,65769
894,62	103,90769
894,87	79,64103
895,12	62,99103
895,36	69,35769
895,61	75,44103
895,86	79,74103
896,10	73,35769
896,35	68,44103
896,60	55,04103
896,84	54,65769
897,09	61,29103
897,33	81,69103
897,58	85,25769
897,83	87,17436
898,07	81,90769
898,32	85,80769
898,57	90,79103
898,81	101,49103
899,06	113,75769
899,31	138,47436
899,55	138,10769
899,80	117,49103
900,05	88,70769
900,29	80,10769
900,54	106,39103
900,79	105,34103
901,03	107,00769
901,28	99,00769
901,52	119,70769
901,77	142,74103
902,02	159,04103
902,26	142,02436
902,51	133,10769
902,76	113,17436
903,00	137,74103
903,25	140,20769
903,50	163,97436
903,74	169,35769
903,99	192,79103
904,23	229,65769
904,48	263,15769
904,73	302,27436
904,97	309,80769
905,22	316,04103
905,47	291,89103
905,71	280,00769
905,96	253,22436
906,20	248,29103
906,45	224,40769
906,70	212,84103
906,94	190,27436
907,19	174,94103
907,44	153,29103
907,68	131,47436
907,93	125,79103
908,17	105,30769
908,42	113,72436
908,67	95,85769
908,91	119,74103
909,16	124,10769
909,40	123,37436
909,65	103,47436
909,90	91,24103
910,14	91,22436
910,39	79,74103
910,63	83,34103
910,88	96,97436
911,13	127,57436
911,37	121,84103
911,62	104,14103
911,86	83,09103
912,11	83,52436
912,36	95,15769
912,60	95,02436
912,85	104,24103
913,09	100,75769
913,34	114,59103
913,59	84,75769
913,83	89,74103
914,08	71,89103
914,32	96,94103
914,57	95,07436
914,82	108,84103
915,06	100,12436
915,31	92,37436
915,55	91,39103
915,80	102,12436
916,05	91,62436
916,29	73,44103
916,54	57,80769
916,78	77,19103
917,03	94,62436
917,27	93,40769
917,52	75,70769
917,77	74,40769
918,01	79,50769
918,26	74,39103
918,50	61,30769
918,75	55,47436
919,00	60,45769
919,24	58,74103
919,49	47,12436
919,73	59,37436
919,98	56,97436
920,22	70,95769
920,47	61,37436
920,72	55,77436
920,96	49,92436
921,21	49,12436
921,45	61,39103
921,70	53,92436
921,94	63,42436
922,19	68,10769
922,43	72,77436
922,68	95,90769
922,93	96,50769
923,17	94,65769
923,42	55,59103
923,66	56,05769
923,91	60,87436
924,15	74,07436
924,40	71,37436
924,64	71,25769
924,89	71,47436
925,14	76,45769
925,38	83,44103
925,63	106,30769
925,87	127,15769
926,12	159,32436
926,36	160,97436
926,61	165,84103
926,85	244,87436
927,10	247,27436
927,35	240,69103
927,59	164,20769
927,84	150,30769
928,08	152,05769
928,33	128,25769
928,57	128,14103
928,82	125,40769
929,06	125,87436
929,31	121,55769
929,55	107,50769
929,80	108,64103
930,04	101,07436
930,29	94,62436
930,54	86,34103
930,78	81,45769
931,03	71,00769
931,27	77,67436
931,52	76,29103
931,76	81,22436
932,01	54,34103
932,25	49,39103
932,50	65,12436
932,74	71,75769
932,99	93,59103
933,23	72,97436
933,48	80,54103
933,72	63,95769
933,97	56,42436
934,21	79,87436
934,46	92,67436
934,70	115,34103
934,95	87,95769
935,19	57,70769
935,44	38,24103
935,68	37,87436
935,93	54,17436
936,18	61,75769
936,42	59,35769
936,67	49,30769
936,91	58,34103
937,16	86,40769
937,40	87,80769
937,65	66,02436
937,89	49,77436
938,14	63,77436
938,38	93,82436
938,63	125,35769
938,87	155,97436
939,12	188,72436
939,36	224,94103
939,61	237,37436
939,85	214,52436
940,10	156,07436
940,34	127,02436
940,59	108,12436
940,83	87,90769
941,08	81,24103
941,32	77,94103
941,57	89,85769
941,81	61,05769
942,06	49,32436
942,30	39,22436
942,55	53,10769
942,79	39,15769
943,03	38,72436
943,28	41,47436
943,52	76,39103
943,77	61,69103
944,01	39,72436
944,26	3,60769
944,50	0,45769
944,75	30,42436
944,99	50,75769
945,24	58,72436
945,48	59,54103
945,73	110,42436
945,97	106,10769
946,22	85,90769
946,46	29,22436
946,71	46,57436
946,95	46,92436
947,20	31,70769
947,44	15,95769
947,69	20,69103
947,93	25,25769
948,17	21,05769
948,42	7,00769
948,66	16,20769
948,91	8,60769
949,15	5,19103
949,40	-5,89231
949,64	11,45769
949,89	19,04103
950,13	24,35769
950,38	8,40769
950,62	13,75769
950,87	17,77436
951,11	39,97436
951,35	30,32436
951,60	29,09103
951,84	11,69103
952,09	15,04103
952,33	12,45769
952,58	25,49103
952,82	10,69103
953,07	3,85769
953,31	3,05769
953,56	19,50769
953,80	21,64103
954,04	-6,77564
954,29	-27,27564
954,53	-35,19231
954,78	-25,54231
955,02	-13,37564
955,27	-6,54231
955,51	-1,54231
955,76	-1,64231
956,00	0,44103
956,24	-4,57564
956,49	3,90769
956,73	11,40769
956,98	15,94103
957,22	34,39103
957,47	43,74103
957,71	37,29103
957,95	29,45769
958,20	23,77436
958,44	46,27436
958,69	27,92436
958,93	23,55769
959,18	13,72436
959,42	29,30769
959,66	18,02436
959,91	4,54103
960,15	-13,49231
960,40	-10,47564
960,64	-2,17564
960,89	11,57436
961,13	120,12436
961,37	135,02436
961,62	138,27436
961,86	38,32436
962,11	36,34103
962,35	16,04103
962,59	12,92436
962,84	-14,72564
963,08	2,30769
963,33	1,52436
963,57	12,00769
963,81	-0,40897
964,06	-3,22564
964,30	15,80769
964,55	0,15769
964,79	31,70769
965,04	32,22436
965,28	40,00769
965,52	11,87436
965,77	-3,24231
966,01	8,74103
966,26	8,37436
966,50	14,09103
966,74	20,62436
966,99	27,10769
967,23	25,32436
967,48	13,37436
967,72	5,44103
967,96	-7,04231
968,21	3,32436
968,45	-0,72564
968,69	7,94103
968,94	20,02436
969,18	11,92436
969,43	0,10769
969,67	-15,14231
969,91	3,67436
970,16	17,99103
970,40	13,62436
970,65	7,32436
970,89	-13,29231
971,13	-8,54231
971,38	-8,87564
971,62	31,07436
971,86	24,72436
972,11	29,95769
972,35	1,49103
972,60	15,35769
972,84	23,04103
973,08	23,87436
973,33	9,55769
973,57	3,94103
973,81	16,69103
974,06	15,95769
974,30	-1,15897
974,55	0,29103
974,79	14,65769
975,03	25,29103
975,28	17,37436
975,52	-2,87564
975,76	-1,59231
976,01	-4,65897
976,25	8,37436
976,50	5,60769
976,74	16,89103
976,98	21,42436
977,23	15,32436
977,47	12,72436
977,71	6,55769
977,96	-2,85897
978,20	-22,32564
978,44	-31,97564
978,69	-4,95897
978,93	8,89103
979,17	15,77436
979,42	7,59103
979,66	7,85769
979,90	20,04103
980,15	42,29103
980,39	44,74103
980,64	24,84103
980,88	19,42436
981,12	20,14103
981,37	20,02436
981,61	9,70769
981,85	-4,25897
982,10	5,90769
982,34	-19,74231
982,58	-6,67564
982,83	-24,22564
983,07	-20,75897
983,31	-25,07564
983,56	-24,69231
983,80	-9,89231
984,04	-8,27564
984,29	12,67436
984,53	12,35769
984,77	11,95769
985,02	13,77436
985,26	-6,40897
985,50	14,44103
985,75	1,49103
985,99	19,57436
986,23	-2,84231
986,48	1,64103
986,72	-0,64231
986,96	16,14103
987,20	18,50769
987,45	14,24103
987,69	-11,19231
987,93	-3,35897
988,18	12,29103
988,42	26,59103
988,66	21,37436
988,91	7,22436
989,15	-0,30897
989,39	-11,42564
989,64	-19,45897
989,88	-14,05897
990,12	-10,37564
990,37	3,75769
990,61	1,70769
990,85	-6,70897
991,10	-20,67564
991,34	-21,05897
991,58	-16,37564
991,82	-14,82564
992,07	-18,75897
992,31	-11,84231
992,55	-18,80897
992,80	-21,75897
993,04	-13,82564
993,28	16,89103
993,53	20,34103
993,77	8,97436
994,01	-20,69231
994,25	-21,60897
994,50	-15,77564
994,74	2,24103
994,98	-1,39231
995,23	-5,89231
995,47	-4,55897
995,71	-3,50897
995,95	-2,79231
996,20	7,44103
996,44	13,57436
996,68	9,92436
996,93	-12,62564
997,17	-13,30897
997,41	-9,15897
997,65	-14,97564
997,90	-25,64231
998,14	-31,99231
998,38	-17,19231
998,63	-11,35897
998,87	-9,69231
999,11	-24,57564
999,35	-23,47564
999,60	-30,69231
999,84	-22,35897
1000,08	3,79103
1000,32	18,82436
1000,57	20,07436
1000,81	18,20769
1001,05	16,60769
1001,30	26,62436
1001,54	6,77436
1001,78	23,09103
1002,02	17,85769
1002,27	24,02436
1002,51	-1,89231
1002,75	-2,15897
1002,99	-15,49231
1003,24	-17,22564
1003,48	-16,30897
1003,72	-26,42564
1003,96	-16,72564
1004,21	-11,24231
1004,45	15,40769
1004,69	15,62436
1004,93	10,34103
1005,18	4,52436
1005,42	11,34103
1005,66	-0,45897
1005,90	-10,92564
1006,15	-29,80897
1006,39	-13,50897
1006,63	8,39103
1006,87	24,85769
1007,12	17,80769
1007,36	12,82436
1007,60	17,82436
1007,84	8,47436
1008,09	3,05769
1008,33	-14,20897
1008,57	-1,54231
1008,81	1,44103
1009,06	1,89103
1009,30	-1,99231
1009,54	1,29103
1009,78	11,37436
1010,03	13,92436
1010,27	-2,52564
1010,51	0,10769
1010,75	-0,39231
1010,99	16,62436
1011,24	19,25769
1011,48	48,42436
1011,72	44,14103
1011,96	54,65769
1012,21	34,49103
1012,45	34,17436
1012,69	25,42436
1012,93	15,47436
1013,18	19,59103
1013,42	12,72436
1013,66	18,69103
1013,90	5,15769
1014,14	7,07436
1014,39	12,49103
1014,63	14,37436
1014,87	23,87436
1015,11	7,62436
1015,35	-9,64231
1015,60	1,50769
1015,84	12,62436
1016,08	18,57436
1016,32	0,99103
1016,57	-11,34231
1016,81	-3,89231
1017,05	-5,25897
1017,29	2,24103
1017,53	0,84103
1017,78	-0,79231
1018,02	-12,90897
1018,26	-1,24231
1018,50	-9,99231
1018,74	11,82436
1018,99	-3,04231
1019,23	-7,34231
1019,47	-23,42564
1019,71	-10,99231
1019,95	4,95769
1020,20	3,79103
1020,44	-8,42564
1020,68	-12,60897
1020,92	6,12436
1021,16	8,84103
1021,41	6,55769
1021,65	-19,10897
1021,89	-23,22564
1022,13	-29,42564
1022,37	-26,99231
1022,61	-31,15897
1022,86	-36,32564
1023,10	-13,67564
1023,34	-9,52564
1023,58	4,70769
1023,82	-21,60897
1024,07	-15,80897
1024,31	-6,95897
1024,55	-2,30897
1024,79	3,50769
1025,03	-19,05897
1025,27	-7,14231
1025,52	-26,27564
1025,76	-26,59231
1026,00	-18,70897
1026,24	-12,04231
1026,48	-8,17564
1026,73	-15,65897
1026,97	9,50769
1027,21	17,05769
1027,45	16,40769
1027,69	-4,30897
1027,93	-0,80897
1028,18	-2,29231
1028,42	5,75769
1028,66	4,94103
1028,90	8,72436
1029,14	4,25769
1029,38	-9,85897
1029,62	-1,77564
1029,87	-1,67564
1030,11	14,05769
1030,35	-4,67564
1030,59	-4,79231
1030,83	-18,39231
1031,07	-22,74231
1031,32	-32,57564
1031,56	-8,24231
1031,80	8,17436
1032,04	21,20769
1032,28	-1,09231
1032,52	-2,89231
1032,76	-4,14231
1033,01	-7,12564
1033,25	-4,40897
1033,49	-8,09231
1033,73	-5,27564
1033,97	-22,97564
1034,21	-33,05897
1034,45	-39,20897
1034,70	-40,65897
1034,94	-25,92564
1035,18	64,27436
1035,42	73,92436
1035,66	87,67436
1035,90	14,52436
1036,14	-1,65897
1036,39	-6,72564
1036,63	-22,39231
1036,87	18,85769
1037,11	6,29103
1037,35	13,14103
1037,59	4,70769
1037,83	21,39103
1038,07	50,04103
1038,32	27,84103
1038,56	14,07436
1038,80	15,04103
1039,04	33,70769
1039,28	42,72436
1039,52	16,85769
1039,76	-2,02564
1040,00	-4,87564
1040,25	-18,42564
1040,49	-11,12564
1040,73	-13,62564
1040,97	-4,69231
1041,21	6,12436
1041,45	11,30769
1041,69	32,09103
1041,93	7,67436
1042,17	-0,10897
1042,42	-22,24231
1042,66	-14,99231
1042,90	-4,97564
1043,14	-15,67564
1043,38	-3,07564
1043,62	-14,57564
1043,86	-3,84231
1044,10	-2,00897
1044,34	21,95769
1044,59	28,54103
1044,83	21,45769
1045,07	-0,50897
1045,31	0,67436
1045,55	-5,87564
1045,79	-28,29231
1046,03	-21,85897
1046,27	-2,39231
1046,51	18,50769
1046,75	3,00769
1047,00	-7,42564
1047,24	-1,57564
1047,48	2,42436
1047,72	2,70769
1047,96	-6,17564
1048,20	3,94103
1048,44	8,75769
1048,68	7,27436
1048,92	-3,17564
1049,16	-22,44231
1049,40	-18,80897
1049,64	-20,84231
1049,89	2,82436
1050,13	6,97436
1050,37	35,60769
1050,61	34,80769
1050,85	43,94103
1051,09	30,67436
1051,33	28,35769
1051,57	33,14103
1051,81	27,30769
1052,05	29,35769
1052,29	38,32436
1052,53	28,84103
1052,77	47,80769
1053,02	31,14103
1053,26	46,75769
1053,50	29,67436
1053,74	25,15769
1053,98	23,49103
1054,22	10,04103
1054,46	17,25769
1054,70	23,47436
1054,94	23,14103
1055,18	27,89103
1055,42	38,75769
1055,66	48,30769
1055,90	39,30769
1056,14	33,95769
1056,38	55,62436
1056,62	59,44103
1056,86	64,35769
1057,11	52,84103
1057,35	55,09103
1057,59	32,45769
1057,83	46,77436
1058,07	64,80769
1058,31	106,80769
1058,55	109,29103
1058,79	99,05769
1059,03	69,59103
1059,27	65,79103
1059,51	68,15769
1059,75	80,67436
1059,99	70,10769
1060,23	77,15769
1060,47	101,25769
1060,71	124,80769
1060,95	109,32436
1061,19	89,75769
1061,43	86,00769
1061,67	124,69103
1061,91	140,87436
1062,15	136,45769
1062,39	122,02436
1062,64	137,87436
1062,88	155,70769
1063,12	186,89103
1063,36	238,37436
1063,60	419,04103
1063,84	1017,64103
1064,08	2617,69103
1064,32	5057,34103
1064,56	6552,45769
1064,80	6019,35769
1065,04	4384,34103
1065,28	2778,97436
1065,52	2043,72436
1065,76	1305,50769
1066,00	1013,90769
1066,24	783,45769
1066,48	687,72436
1066,72	602,72436
1066,96	543,70769
1067,20	466,74103
1067,44	408,55769
1067,68	357,89103
1067,92	319,00769
1068,16	292,94103
1068,40	277,15769
1068,64	270,55769
1068,88	252,79103
1069,12	224,97436
1069,36	221,34103
1069,60	197,34103
1069,84	224,04103
1070,08	206,39103
1070,32	218,75769
1070,56	189,05769
1070,80	181,44103
1071,04	211,44103
1071,28	200,57436
1071,52	201,45769
1071,76	143,85769
1072,00	146,94103
1072,24	124,14103
1072,48	120,30769
1072,72	106,85769
1072,96	115,37436
1073,20	91,20769
1073,44	93,62436
1073,68	80,34103
1073,92	92,07436
1074,16	66,80769
1074,40	57,92436
1074,64	41,59103
1074,88	38,59103
1075,12	42,65769
1075,36	39,97436
1075,60	47,92436
1075,84	34,37436
1076,08	36,29103
1076,32	25,30769
1076,56	18,59103
1076,80	16,05769
1077,04	1,65769
1077,28	0,24103
1077,52	-15,82564
1077,76	-21,60897
1078,00	-12,65897
1078,24	21,20769
1078,48	34,05769
1078,71	25,99103
1078,95	7,14103
1079,19	-5,62564
1079,43	-23,20897
1079,67	-25,92564
1079,91	-9,00897
1080,15	3,55769
1080,39	-0,04231
1080,63	-0,04231
1080,87	-1,07564
1081,11	-0,65897
1081,35	-3,45897
1081,59	9,74103
1081,83	9,54103
1082,07	-6,10897
1082,31	-12,04231
1082,55	-15,92564
1082,79	-8,59231
1083,03	-3,25897
1083,27	-15,55897
1083,51	-10,72564
1083,75	-19,19231
1083,99	8,75769
1084,22	7,99103
1084,46	4,05769
1084,70	4,80769
1084,94	-2,45897
1085,18	-3,20897
1085,42	-27,32564
1085,66	-18,94231
1085,90	-20,99231
1086,14	2,92436
1086,38	20,94103
1086,62	11,57436
1086,86	13,90769
1087,10	-6,14231
1087,34	6,89103
1087,58	-15,84231
1087,82	-19,54231
1088,06	-8,99231
1088,29	12,42436
1088,53	5,79103
1088,77	-10,87564
1089,01	-13,22564
1089,25	-6,22564
1089,49	3,37436
1089,73	-12,37564
1089,97	-3,20897
1090,21	-11,85897
1090,45	-1,80897
1090,69	-12,60897
1090,93	-13,32564
1091,17	-30,44231
1091,40	-7,72564
1091,64	-12,17564
1091,88	-5,70897
1092,12	-30,47564
1092,36	-21,79231
1092,60	-22,47564
1092,84	-8,77564
1093,08	0,54103
1093,32	9,67436
1093,56	8,97436
1093,80	21,60769
1094,04	14,60769
1094,27	3,99103
1094,51	-2,97564
1094,75	8,47436
1094,99	13,34103
1095,23	6,07436
1095,47	90,24103
1095,71	85,92436
1095,95	79,37436
1096,19	-12,80897
1096,43	-4,15897
1096,66	-22,09231
1096,90	-30,47564
1097,14	-33,02564
1097,38	-33,49231
1097,62	-23,42564
1097,86	-28,09231
1098,10	-5,80897
1098,34	-2,74231
1098,58	-10,32564
1098,81	-12,42564
1099,05	-10,65897
1099,29	19,30769
1099,53	28,90769
1099,77	23,10769
1100,01	-6,95897
1100,25	-14,60897
1100,49	-11,09231
1100,73	19,84103
1100,96	38,52436
1101,20	47,89103
1101,44	11,89103
1101,68	-2,14231
1101,92	-15,17564
1102,16	-5,67564
1102,40	-0,35897
1102,64	3,75769
1102,87	10,10769
1103,11	-4,72564
1103,35	-5,15897
1103,59	-13,54231
1103,83	-15,59231
1104,07	-2,34231
1104,31	1,22436
1104,55	1,20769
1104,78	-23,57564
1105,02	-13,30897
1105,26	-22,00897
1105,50	-6,49231
1105,74	-25,37564
1105,98	-13,25897
1106,22	-1,67564
1106,45	2,07436
1106,69	-6,72564
1106,93	-18,25897
1107,17	-17,77564
1107,41	-17,20897
1107,65	-25,70897
1107,89	-17,25897
1108,12	-12,85897
1108,36	-28,24231
1108,60	-24,24231
1108,84	-19,99231
1109,08	-12,85897
1109,32	-13,77564
1109,55	-20,64231
1109,79	5,35769
1110,03	-7,40897
1110,27	-1,35897
1110,51	-19,94231
1110,75	-25,44231
1110,99	-29,02564
1111,22	-37,34231
1111,46	-31,89231
1111,70	-34,97564
1111,94	-44,50897
1112,18	-50,87564
1112,42	-44,20897
1112,65	-23,17564
1112,89	-8,60897
1113,13	-17,40897
1113,37	-13,55897
1113,61	-10,14231
1113,85	16,72436
1114,08	7,07436
1114,32	-5,49231
1114,56	-10,80897
1114,80	-9,39231
1115,04	6,74103
1115,28	-13,05897
1115,51	-6,90897
1115,75	-4,67564
1115,99	-0,64231
1116,23	-1,97564
1116,47	-3,60897
1116,70	-5,65897
1116,94	-18,49231
1117,18	-12,34231
1117,42	-18,50897
1117,66	0,35769
1117,90	-27,05897
1118,13	-25,72564
1118,37	-53,79231
1118,61	-46,34231
1118,85	-36,59231
1119,09	-34,05897
1119,32	-24,20897
1119,56	-22,89231
1119,80	-27,90897
1120,04	-42,82564
1120,28	-29,60897
1120,51	-19,62564
1120,75	-9,14231
1120,99	-29,61731