194,56	-195,60385
194,83	-195,60385
195,09	-189,08718
195,36	-126,10385
195,63	-62,10385
195,90	-7,77051
196,17	-18,45385
196,44	-31,78718
196,71	-20,98718
196,97	-8,37051
197,24	14,92949
197,51	-6,65385
197,78	7,14615
198,05	9,77949
198,32	23,71282
198,59	6,32949
198,86	8,27949
199,12	1,66282
199,39	9,34615
199,66	12,06282
199,93	28,02949
200,20	27,11282
200,47	7,46282
200,74	4,36282
201,00	-1,82051
201,27	6,61282
201,54	-9,17051
201,81	13,44615
202,08	-6,90385
202,35	8,51282
202,61	1,71282
202,88	53,46282
203,15	33,52949
203,42	20,96282
203,69	-13,90385
203,96	-2,35385
204,23	0,92949
204,49	-3,00385
204,76	22,49615
205,03	35,39615
205,30	40,96282
205,57	20,97949
205,84	22,59615
206,10	43,37949
206,37	51,27949
206,64	55,22949
206,91	45,56282
207,18	32,81282
207,45	26,47949
207,71	15,74615
207,98	30,99615
208,25	18,91282
208,52	11,66282
208,79	-0,00385
209,06	7,06282
209,32	17,01282
209,59	24,26282
209,86	-2,07051
210,13	4,22949
210,40	13,96282
210,67	44,46282
210,93	41,17949
211,20	14,97949
211,47	9,74615
211,74	27,36282
212,01	31,67949
212,28	45,72949
212,54	48,12949
212,81	50,66282
213,08	40,22949
213,35	30,87949
213,62	45,16282
213,88	53,34615
214,15	40,36282
214,42	28,31282
214,69	30,62949
214,96	35,36282
215,23	60,39615
215,49	51,22949
215,76	51,01282
216,03	43,14615
216,30	26,99615
216,57	13,09615
216,83	7,44615
217,10	14,52949
217,37	33,89615
217,64	56,61282
217,91	65,91282
218,17	32,59615
218,44	-12,02051
218,71	-10,65385
218,98	13,72949
219,25	45,29615
219,51	46,22949
219,78	42,94615
220,05	28,26282
220,32	15,54615
220,59	24,09615
220,85	24,52949
221,12	40,74615
221,39	53,41282
221,66	53,56282
221,93	34,71282
222,19	10,29615
222,46	24,62949
222,73	39,61282
223,00	59,82949
223,27	42,67949
223,53	40,94615
223,80	31,14615
224,07	43,26282
224,34	56,97949
224,61	51,51282
224,87	31,61282
225,14	5,49615
225,41	8,06282
225,68	32,64615
225,94	46,27949
226,21	49,51282
226,48	30,97949
226,75	30,91282
227,02	16,61282
227,28	24,99615
227,55	11,37949
227,82	19,99615
228,09	-6,48718
228,36	-6,87051
228,62	1,94615
228,89	27,01282
229,16	36,29615
229,43	29,29615
229,69	25,91282
229,96	25,07949
230,23	17,77949
230,50	23,56282
230,76	14,12949
231,03	17,39615
231,30	19,02949
231,57	30,12949
231,84	31,61282
232,10	20,84615
232,37	19,79615
232,64	10,04615
232,91	11,79615
233,17	21,14615
233,44	29,59615
233,71	30,31282
233,98	8,82949
234,24	9,91282
234,51	31,36282
234,78	41,92949
235,05	56,09615
235,31	38,32949
235,58	34,42949
235,85	13,31282
236,12	-2,25385
236,39	19,04615
236,65	30,44615
236,92	77,06282
237,19	70,61282
237,46	101,27949
237,72	70,04615
237,99	51,17949
238,26	22,89615
238,53	42,32949
238,79	42,54615
239,06	36,64615
239,33	7,57949
239,60	1,76282
239,86	-9,92051
240,13	-10,92051
240,40	-13,17051
240,67	17,66282
240,93	26,49615
241,20	31,11282
241,47	6,34615
241,73	9,69615
242,00	13,99615
242,27	21,92949
242,54	22,86282
242,80	23,11282
243,07	29,52949
243,34	27,29615
243,61	61,22949
243,87	41,59615
244,14	38,04615
244,41	1,01282
244,68	14,99615
244,94	20,04615
245,21	28,89615
245,48	35,39615
245,74	27,06282
246,01	37,31282
246,28	25,99615
246,55	22,81282
246,81	0,61282
247,08	6,56282
247,35	17,92949
247,62	19,34615
247,88	2,11282
248,15	8,92949
248,42	45,16282
248,68	51,32949
248,95	33,14615
249,22	5,86282
249,49	16,11282
249,75	19,79615
250,02	27,47949
250,29	18,16282
250,56	33,81282
250,82	44,42949
251,09	50,29615
251,36	54,76282
251,62	26,57949
251,89	29,17949
252,16	43,19615
252,43	70,56282
252,69	64,52949
252,96	30,31282
253,23	23,34615
253,49	29,01282
253,76	40,56282
254,03	56,96282
254,29	57,91282
254,56	55,49615
254,83	31,86282
255,10	10,52949
255,36	8,77949
255,63	17,57949
255,90	42,59615
256,16	44,92949
256,43	22,96282
256,70	27,54615
256,96	27,66282
257,23	36,87949
257,50	27,46282
257,77	35,64615
258,03	38,69615
258,30	45,81282
258,57	22,34615
258,83	25,09615
259,10	14,84615
259,37	19,76282
259,63	8,87949
259,90	23,47949
260,17	21,34615
260,43	29,62949
260,70	16,67949
260,97	40,01282
261,24	45,81282
261,50	47,19615
261,77	31,91282
262,04	17,29615
262,30	8,72949
262,57	5,37949
262,84	18,81282
263,10	43,94615
263,37	55,14615
263,64	36,17949
263,90	14,62949
264,17	7,14615
264,44	14,47949
264,70	13,44615
264,97	25,51282
265,24	48,14615
265,50	61,66282
265,77	59,89615
266,04	41,46282
266,30	28,51282
266,57	8,74615
266,84	8,62949
267,10	10,21282
267,37	40,09615
267,64	48,17949
267,90	60,02949
268,17	48,42949
268,44	35,59615
268,70	16,22949
268,97	-10,15385
269,24	-3,05385
269,50	12,49615
269,77	34,39615
270,04	45,37949
270,30	34,42949
270,57	41,64615
270,84	17,36282
271,10	32,06282
271,37	22,19615
271,64	49,92949
271,90	75,42949
272,17	75,64615
272,44	63,19615
272,70	34,22949
272,97	28,44615
273,24	20,69615
273,50	26,57949
273,77	40,54615
274,04	46,01282
274,30	36,22949
274,57	25,67949
274,84	38,64615
275,10	41,34615
275,37	40,57949
275,64	21,66282
275,90	4,69615
276,17	-0,53718
276,43	11,86282
276,70	13,49615
276,97	9,34615
277,23	20,34615
277,50	23,32949
277,77	16,59615
278,03	-18,23718
278,30	-4,83718
278,57	-2,92051
278,83	6,72949
279,10	10,71282
279,37	5,62949
279,63	8,04615
279,90	12,51282
280,16	33,16282
280,43	47,14615
280,70	39,82949
280,96	56,44615
281,23	52,62949
281,50	38,64615
281,76	18,86282
282,03	17,82949
282,29	24,74615
282,56	25,64615
282,83	15,01282
283,09	4,81282
283,36	10,89615
283,63	17,22949
283,89	28,67949
284,16	29,49615
284,42	34,29615
284,69	36,37949
284,96	29,16282
285,22	22,09615
285,49	25,96282
285,76	28,06282
286,02	51,07949
286,29	57,27949
286,55	53,34615
286,82	28,47949
287,09	6,62949
287,35	21,69615
287,62	16,36282
287,88	25,71282
288,15	3,11282
288,42	-0,83718
288,68	10,76282
288,95	21,09615
289,22	38,06282
289,48	31,97949
289,75	34,74615
290,01	37,86282
290,28	18,34615
290,55	21,37949
290,81	3,71282
291,08	26,27949
291,34	36,96282
291,61	55,74615
291,88	53,29615
292,14	23,77949
292,41	18,36282
292,67	35,79615
292,94	53,97949
293,21	50,01282
293,47	36,09615
293,74	37,37949
294,00	23,99615
294,27	5,72949
294,54	-7,48718
294,80	6,82949
295,07	31,52949
295,33	29,94615
295,60	32,27949
295,86	13,97949
296,13	8,56282
296,40	-4,90385
296,66	7,11282
296,93	46,27949
297,19	65,02949
297,46	58,02949
297,73	39,04615
297,99	23,67949
298,26	9,32949
298,52	-8,03718
298,79	-5,68718
299,05	-15,83718
299,32	3,49615
299,59	19,09615
299,85	37,84615
300,12	23,32949
300,38	5,71282
300,65	-1,52051
300,92	8,71282
301,18	10,66282
301,45	26,46282
301,71	10,01282
301,98	20,51282
302,24	29,92949
302,51	43,06282
302,78	41,04615
303,04	21,56282
303,31	23,91282
303,57	31,66282
303,84	30,07949
304,10	10,57949
304,37	2,06282
304,63	13,36282
304,90	33,77949
305,17	39,52949
305,43	27,47949
305,70	42,61282
305,96	39,36282
306,23	39,79615
306,49	29,51282
306,76	25,46282
307,03	27,11282
307,29	12,57949
307,56	26,11282
307,82	29,24615
308,09	35,66282
308,35	25,91282
308,62	40,56282
308,88	29,52949
309,15	32,11282
309,42	17,16282
309,68	24,54615
309,95	21,56282
310,21	9,36282
310,48	8,11282
310,74	5,72949
311,01	28,69615
311,27	18,79615
311,54	3,39615
311,80	-14,65385
312,07	6,76282
312,34	25,62949
312,60	15,67949
312,87	10,74615
313,13	19,41282
313,40	25,72949
313,66	27,79615
313,93	8,86282
314,19	34,29615
314,46	27,34615
314,72	42,11282
314,99	23,56282
315,25	15,51282
315,52	-4,28718
315,78	-6,08718
316,05	-5,35385
316,32	2,86282
316,58	3,04615
316,85	15,11282
317,11	14,92949
317,38	13,32949
317,64	11,91282
317,91	7,79615
318,17	6,79615
318,44	4,14615
318,70	-1,22051
318,97	6,41282
319,23	23,76282
319,50	27,36282
319,76	21,47949
320,03	-2,50385
320,29	9,57949
320,56	13,42949
320,82	22,74615
321,09	20,16282
321,36	31,31282
321,62	25,76282
321,89	15,74615
322,15	-0,75385
322,42	-0,45385
322,68	14,99615
322,95	38,74615
323,21	52,51282
323,48	40,32949
323,74	23,87949
324,01	14,74615
324,27	7,91282
324,54	1,89615
324,80	13,39615
325,07	24,86282
325,33	37,72949
325,60	19,42949
325,86	25,97949
326,13	19,47949
326,39	27,44615
326,66	16,62949
326,92	18,56282
327,19	19,24615
327,45	16,02949
327,72	16,46282
327,98	11,89615
328,25	23,47949
328,51	14,42949
328,78	15,72949
329,04	11,07949
329,31	8,72949
329,57	-2,15385
329,84	-2,98718
330,10	8,47949
330,37	34,57949
330,63	30,26282
330,90	26,47949
331,16	21,06282
331,43	26,46282
331,69	38,21282
331,96	43,31282
332,22	46,76282
332,49	51,51282
332,75	37,46282
333,01	23,16282
333,28	4,27949
333,54	3,16282
333,81	28,89615
334,07	32,62949
334,34	25,31282
334,60	14,46282
334,87	21,01282
335,13	49,69615
335,40	37,79615
335,66	26,42949
335,93	5,06282
336,19	6,29615
336,46	18,91282
336,72	6,51282
336,99	6,22949
337,25	-2,88718
337,52	7,22949
337,78	23,72949
338,05	13,54615
338,31	22,71282
338,57	20,81282
338,84	18,24615
339,10	12,92949
339,37	2,87949
339,63	21,61282
339,90	24,11282
340,16	23,86282
340,43	9,02949
340,69	14,09615
340,96	2,97949
341,22	16,46282
341,49	-5,05385
341,75	0,37949
342,01	-2,37051
342,28	11,86282
342,54	36,64615
342,81	42,14615
343,07	49,29615
343,34	22,47949
343,60	20,02949
343,87	-9,18718
344,13	-10,82051
344,40	-7,18718
344,66	6,26282
344,92	28,79615
345,19	10,02949
345,45	9,67949
345,72	12,04615
345,98	26,17949
346,25	31,72949
346,51	25,01282
346,78	22,32949
347,04	34,57949
347,30	22,46282
347,57	24,62949
347,83	11,67949
348,10	18,86282
348,36	22,89615
348,63	34,37949
348,89	33,92949
349,15	29,77949
349,42	18,39615
349,68	8,36282
349,95	5,06282
350,21	17,87949
350,48	28,07949
350,74	34,21282
351,01	21,29615
351,27	13,86282
351,53	3,71282
351,80	-5,15385
352,06	-0,67051
352,33	-2,08718
352,59	-4,32051
352,86	-7,42051
353,12	1,79615
353,38	37,41282
353,65	28,44615
353,91	24,37949
354,18	18,52949
354,44	56,21282
354,70	51,89615
354,97	24,66282
355,23	1,37949
355,50	-8,52051
355,76	3,89615
356,03	-4,07051
356,29	19,49615
356,55	17,34615
356,82	13,14615
357,08	-2,90385
357,35	-5,38718
357,61	19,86282
357,87	30,41282
358,14	25,42949
358,40	1,02949
358,67	3,47949
358,93	6,36282
359,20	18,14615
359,46	12,64615
359,72	10,79615
359,99	3,92949
360,25	20,26282
360,52	38,14615
360,78	54,12949
361,04	53,22949
361,31	28,87949
361,57	5,01282
361,84	-8,57051
362,10	-0,65385
362,36	7,71282
362,63	17,79615
362,89	20,46282
363,16	29,27949
363,42	34,97949
363,68	32,39615
363,95	32,69615
364,21	11,02949
364,47	23,16282
364,74	25,32949
365,00	30,76282
365,27	18,66282
365,53	16,22949
365,79	30,69615
366,06	49,66282
366,32	66,74615
366,59	40,67949
366,85	31,74615
367,11	14,89615
367,38	33,61282
367,64	35,14615
367,91	36,92949
368,17	26,09615
368,43	14,52949
368,70	19,36282
368,96	18,37949
369,22	44,99615
369,49	47,86282
369,75	49,81282
370,02	37,74615
370,28	27,61282
370,54	34,29615
370,81	23,56282
371,07	24,01282
371,33	54,59615
371,60	32,74615
371,86	20,82949
372,13	-14,77051
372,39	2,39615
372,65	21,19615
372,92	28,36282
373,18	46,64615
373,44	30,61282
373,71	7,27949
373,97	-20,10385
374,23	-14,33718
374,50	18,02949
374,76	28,57949
375,03	33,62949
375,29	24,11282
375,55	28,14615
375,82	16,94615
376,08	9,39615
376,34	35,39615
376,61	28,39615
376,87	18,29615
377,13	-26,02051
377,40	-11,47051
377,66	19,17949
377,92	53,92949
378,19	68,94615
378,45	70,56282
378,72	48,49615
378,98	43,22949
379,24	22,76282
379,51	31,12949
379,77	19,06282
380,03	-12,17051
380,30	-1,28718
380,56	-2,63718
380,82	31,42949
381,09	15,76282
381,35	24,86282
381,61	11,91282
381,88	25,44615
382,14	32,11282
382,40	44,81282
382,67	31,41282
382,93	14,72949
383,19	1,66282
383,46	1,77949
383,72	9,29615
383,98	9,71282
384,25	23,71282
384,51	31,76282
384,77	29,87949
385,04	26,16282
385,30	8,12949
385,56	34,01282
385,83	50,14615
386,09	64,14615
386,35	60,41282
386,62	43,84615
386,88	59,61282
387,14	56,52949
387,41	46,34615
387,67	36,51282
387,93	33,66282
388,20	38,87949
388,46	27,81282
388,72	29,57949
388,99	27,31282
389,25	28,37949
389,51	15,04615
389,78	13,82949
390,04	21,64615
390,30	31,97949
390,56	26,06282
390,83	11,01282
391,09	18,32949
391,35	18,86282
391,62	34,12949
391,88	35,99615
392,14	52,19615
392,41	52,24615
392,67	31,71282
392,93	27,67949
393,20	5,66282
393,46	12,37949
393,72	-7,82051
393,99	-14,55385
394,25	-5,10385
394,51	-8,88718
394,77	18,37949
395,04	9,91282
395,30	30,27949
395,56	30,37949
395,83	26,94615
396,09	20,07949
396,35	24,31282
396,62	14,77949
396,88	32,04615
397,14	6,57949
397,40	46,21282
397,67	42,21282
397,93	43,76282
398,19	22,26282
398,46	16,37949
398,72	25,72949
398,98	19,34615
399,24	17,11282
399,51	16,29615
399,77	21,61282
400,03	9,54615
400,30	-10,63718
400,56	14,04615
400,82	28,84615
401,08	33,11282
401,35	7,64615
401,61	15,64615
401,87	16,52949
402,14	26,79615
402,40	16,11282
402,66	35,46282
402,92	9,92949
403,19	3,67949
403,45	10,97949
403,71	23,97949
403,98	29,57949
404,24	17,79615
404,50	9,86282
404,76	20,39615
405,03	23,52949
405,29	34,36282
405,55	19,87949
405,81	30,07949
406,08	14,97949
406,34	12,99615
406,60	-2,85385
406,87	6,29615
407,13	12,31282
407,39	8,04615
407,65	-3,43718
407,92	-13,62051
408,18	-21,65385
408,44	-9,10385
408,70	-6,20385
408,97	13,04615
409,23	20,31282
409,49	26,01282
409,75	19,49615
410,02	13,96282
410,28	4,69615
410,54	9,16282
410,80	17,22949
411,07	32,49615
411,33	45,51282
411,59	24,01282
411,85	41,06282
412,12	49,02949
412,38	65,79615
412,64	45,46282
412,90	16,51282
413,17	13,01282
413,43	8,92949
413,69	26,34615
413,95	25,69615
414,22	25,47949
414,48	-1,17051
414,74	-18,33718
415,00	-21,43718
415,27	-18,38718
415,53	5,26282
415,79	3,89615
416,05	17,22949
416,32	14,37949
416,58	40,02949
416,84	53,22949
417,10	36,26282
417,37	21,34615
417,63	8,49615
417,89	23,97949
418,15	11,87949
418,41	-0,63718
418,68	-5,47051
418,94	8,02949
419,20	8,51282
419,46	21,22949
419,73	16,14615
419,99	33,64615
420,25	20,81282
420,51	69,17949
420,78	68,31282
421,04	52,79615
421,30	-9,88718
421,56	-4,33718
421,82	14,29615
422,09	39,36282
422,35	21,01282
422,61	21,56282
422,87	96,06282
423,14	85,97949
423,40	82,82949
423,66	-13,62051
423,92	11,27949
424,18	10,72949
424,45	11,01282
424,71	-5,77051
424,97	-0,40385
425,23	-1,93718
425,49	-0,67051
425,76	7,97949
426,02	28,94615
426,28	42,39615
426,54	34,69615
426,81	31,37949
427,07	24,81282
427,33	16,54615
427,59	12,06282
427,85	8,71282
428,12	20,34615
428,38	26,16282
428,64	22,71282
428,90	10,42949
429,16	8,52949
429,43	12,17949
429,69	14,17949
429,95	14,89615
430,21	24,87949
430,47	48,82949
430,74	32,87949
431,00	18,91282
431,26	-10,27051
431,52	-3,17051
431,78	6,74615
432,05	22,59615
432,31	48,51282
432,57	36,19615
432,83	16,02949
433,09	-8,57051
433,35	-5,18718
433,62	-8,73718
433,88	-18,57051
434,14	-18,53718
434,40	-18,00385
434,66	-5,57051
434,93	-7,80385
435,19	3,89615
435,45	-0,47051
435,71	27,12949
435,97	34,36282
436,23	36,27949
436,50	23,71282
436,76	19,79615
437,02	27,17949
437,28	16,47949
437,54	27,87949
437,81	19,89615
438,07	21,51282
438,33	9,27949
438,59	-1,22051
438,85	3,17949
439,11	-12,15385
439,38	14,79615
439,64	5,49615
439,90	16,54615
440,16	0,61282
440,42	2,71282
440,68	11,69615
440,95	3,66282
441,21	18,44615
441,47	30,67949
441,73	34,81282
441,99	30,69615
442,25	13,32949
442,52	24,84615
442,78	10,72949
443,04	13,91282
443,30	5,54615
443,56	21,16282
443,82	22,74615
444,08	33,87949
444,35	26,74615
444,61	22,11282
444,87	-7,33718
445,13	3,64615
445,39	-14,57051
445,65	-0,17051
445,92	-37,65385
446,18	-19,83718
446,44	-11,60385
446,70	18,16282
446,96	29,06282
447,22	34,47949
447,48	37,19615
447,75	39,11282
448,01	51,19615
448,27	31,86282
448,53	18,74615
448,79	10,94615
449,05	27,59615
449,31	22,76282
449,58	12,99615
449,84	10,81282
450,10	25,69615
450,36	17,04615
450,62	14,34615
450,88	3,76282
451,14	1,34615
451,41	-12,33718
451,67	-23,12051
451,93	-13,62051
452,19	6,17949
452,45	32,86282
452,71	34,96282
452,97	13,12949
453,23	18,94615
453,50	18,92949
453,76	30,54615
454,02	13,97949
454,28	14,12949
454,54	18,92949
454,80	26,72949
455,06	21,39615
455,32	17,19615
455,59	-0,33718
455,85	3,71282
456,11	-1,37051
456,37	6,64615
456,63	3,17949
456,89	8,04615
457,15	28,82949
457,41	28,57949
457,68	41,34615
457,94	15,79615
458,20	18,16282
458,46	14,46282
458,72	26,29615
458,98	33,04615
459,24	34,97949
459,50	29,32949
459,76	19,71282
460,03	-10,78718
460,29	-11,15385
460,55	-5,10385
460,81	12,64615
461,07	4,22949
461,33	15,89615
461,59	35,32949
461,85	25,79615
462,11	7,21282
462,37	-7,28718
462,64	3,74615
462,90	-3,20385
463,16	-10,17051
463,42	9,07949
463,68	16,39615
463,94	13,07949
464,20	-1,32051
464,46	-3,58718
464,72	17,41282
464,98	17,49615
465,24	37,57949
465,51	29,32949
465,77	33,57949
466,03	12,36282
466,29	13,64615
466,55	4,37949
466,81	10,79615
467,07	14,01282
467,33	20,74615
467,59	46,77949
467,85	38,27949
468,11	33,69615
468,38	1,07949
468,64	15,54615
468,90	6,22949
469,16	16,07949
469,42	2,22949
469,68	9,59615
469,94	21,91282
470,20	29,14615
470,46	27,67949
470,72	13,56282
470,98	-3,90385
471,24	1,02949
471,50	2,97949
471,77	16,51282
472,03	20,51282
472,29	2,36282
472,55	-0,20385
472,81	11,37949
473,07	21,12949
473,33	6,16282
473,59	-3,75385
473,85	-7,02051
474,11	0,07949
474,37	-6,82051
474,63	-9,95385
474,89	11,37949
475,15	27,67949
475,41	54,37949
475,68	45,61282
475,94	32,04615
476,20	19,01282
476,46	25,26282
476,72	15,94615
476,98	20,59615
477,24	6,91282
477,50	10,27949
477,76	2,39615
478,02	8,92949
478,28	18,77949
478,54	18,91282
478,80	28,76282
479,06	39,36282
479,32	65,76282
479,58	52,82949
479,84	35,72949
480,10	6,87949
480,36	16,66282
480,63	34,04615
480,89	23,27949
481,15	23,01282
481,41	7,91282
481,67	26,52949
481,93	18,49615
482,19	15,72949
482,45	16,42949
482,71	10,14615
482,97	4,32949
483,23	-3,52051
483,49	-3,32051
483,75	10,82949
484,01	10,72949
484,27	4,99615
484,53	9,82949
484,79	56,51282
485,05	63,99615
485,31	61,91282
485,57	9,61282
485,83	12,66282
486,09	-4,07051
486,35	-2,87051
486,61	-16,77051
486,87	-17,15385
487,13	-5,10385
487,39	9,29615
487,65	38,57949
487,91	39,99615
488,17	27,87949
488,43	-7,60385
488,70	-10,22051
488,96	-4,17051
489,22	-6,35385
489,48	-16,15385
489,74	-18,12051
490,00	-4,78718
490,26	-12,85385
490,52	4,99615
490,78	-0,65385
491,04	8,84615
491,30	1,61282
491,56	13,37949
491,82	7,57949
492,08	-4,60385
492,34	-2,53718
492,60	5,57949
492,86	2,11282
493,12	0,86282
493,38	20,56282
493,64	47,76282
493,90	46,21282
494,16	12,77949
494,42	-3,85385
494,68	-4,63718
494,94	22,21282
495,20	40,42949
495,46	34,44615
495,72	18,96282
495,98	-4,07051
496,24	-16,93718
496,50	-17,83718
496,76	2,69615
497,02	22,07949
497,28	33,16282
497,54	42,92949
497,80	42,99615
498,06	29,82949
498,32	-5,13718
498,58	-15,83718
498,84	-21,15385
499,10	-24,78718
499,36	-15,68718
499,62	-12,53718
499,88	2,82949
500,14	1,37949
500,40	-5,02051
500,66	-0,50385
500,92	10,49615
501,18	16,12949
501,44	10,71282
501,69	6,37949
501,95	31,46282
502,21	32,79615
502,47	19,99615
502,73	-12,05385
502,99	-12,97051
503,25	-7,73718
503,51	2,87949
503,77	-4,05385
504,03	-4,00385
504,29	12,19615
504,55	29,26282
504,81	29,11282
505,07	11,51282
505,33	-3,27051
505,59	-3,37051
505,85	10,61282
506,11	17,92949
506,37	20,37949
506,63	5,89615
506,89	1,77949
507,15	9,51282
507,41	13,16282
507,67	22,11282
507,93	15,86282
508,19	15,77949
508,45	24,12949
508,71	23,66282
508,97	13,16282
509,23	-5,88718
509,49	15,82949
509,74	45,86282
510,00	48,87949
510,26	35,52949
510,52	9,02949
510,78	15,56282
511,04	0,91282
511,30	23,61282
511,56	19,47949
511,82	19,49615
512,08	-4,67051
512,34	12,01282
512,60	6,67949
512,86	11,29615
513,12	-14,85385
513,38	-21,42051
513,64	-19,73718
513,90	-18,28718
514,16	11,99615
514,42	22,42949
514,67	24,24615
514,93	14,19615
515,19	-1,90385
515,45	1,64615
515,71	-8,85385
515,97	7,72949
516,23	4,07949
516,49	4,94615
516,75	4,51282
517,01	21,32949
517,27	20,91282
517,53	13,44615
517,79	1,42949
518,05	2,99615
518,31	15,71282
518,56	26,17949
518,82	36,84615
519,08	15,91282
519,34	1,99615
519,60	-8,92051
519,86	17,11282
520,12	20,29615
520,38	16,36282
520,64	17,36282
520,90	36,77949
521,16	41,26282
521,42	19,24615
521,68	-15,97051
521,93	0,46282
522,19	3,12949
522,45	20,81282
522,71	-6,35385
522,97	4,69615
523,23	-11,97051
523,49	2,24615
523,75	-10,98718
524,01	1,12949
524,27	-16,10385
524,53	1,16282
524,79	11,24615
525,04	27,69615
525,30	11,62949
525,56	-4,13718
525,82	-17,72051
526,08	-7,97051
526,34	-12,37051
526,60	12,91282
526,86	0,86282
527,12	15,29615
527,38	-1,68718
527,63	3,34615
527,89	1,09615
528,15	2,11282
528,41	2,91282
528,67	9,47949
528,93	24,34615
529,19	15,14615
529,45	0,51282
529,71	-21,12051
529,97	-12,77051
530,22	-2,22051
530,48	10,74615
530,74	7,17949
531,00	5,52949
531,26	11,09615
531,52	14,57949
531,78	-2,60385
532,04	-6,75385
532,30	-15,60385
532,55	27,24615
532,81	34,89615
533,07	37,52949
533,33	13,31282
533,59	-3,83718
533,85	-11,33718
534,11	14,71282
534,37	34,14615
534,62	52,09615
534,88	9,57949
535,14	-14,33718
535,40	-24,57051
535,66	-11,90385
535,92	-6,20385
536,18	1,87949
536,44	-1,87051
536,69	-11,60385
536,95	-16,72051
537,21	-12,22051
537,47	4,99615
537,73	18,24615
537,99	6,89615
538,25	-6,17051
538,51	-22,62051
538,76	-16,57051
539,02	-9,37051
539,28	8,32949
539,54	3,69615
539,80	-3,28718
540,06	-15,52051
540,32	7,99615
540,57	24,12949
540,83	38,47949
541,09	13,46282
541,35	-1,27051
541,61	-13,93718
541,87	-16,08718
542,13	8,84615
542,38	25,36282
542,64	33,19615
542,90	23,91282
543,16	-5,67051
543,42	3,91282
543,68	-6,48718
543,94	6,47949
544,19	6,39615
544,45	20,36282
544,71	18,89615
544,97	24,22949
545,23	6,12949
545,49	5,42949
545,74	-23,57051
546,00	-8,63718
546,26	-33,30385
546,52	4,64615
546,78	4,47949
547,04	24,17949
547,29	6,77949
547,55	-6,78718
547,81	-7,53718
548,07	-5,33718
548,33	-9,67051
548,59	-8,70385
548,84	-15,67051
549,10	-11,23718
549,36	-20,02051
549,62	-20,05385
549,88	-19,25385
550,14	-12,08718
550,39	-18,18718
550,65	-6,88718
550,91	-0,00385
551,17	4,74615
551,43	-4,92051
551,69	-5,28718
551,94	9,92949
552,20	22,26282
552,46	25,14615
552,72	11,79615
552,98	-0,82051
553,24	-4,70385
553,49	-5,77051
553,75	-1,85385
554,01	-0,20385
554,27	7,42949
554,53	19,72949
554,78	20,59615
555,04	6,04615
555,30	-5,92051
555,56	-22,22051
555,82	-3,77051
556,07	0,04615
556,33	17,66282
556,59	8,61282
556,85	10,06282
557,11	19,04615
557,37	32,51282
557,62	13,21282
557,88	-5,83718
558,14	-3,83718
558,40	-3,75385
558,66	-1,92051
558,91	-25,12051
559,17	-13,78718
559,43	-1,57051
559,69	-2,68718
559,95	-14,18718
560,20	-29,67051
560,46	-5,88718
560,72	10,67949
560,98	35,82949
561,24	7,24615
561,49	2,04615
561,75	-16,03718
562,01	1,84615
562,27	7,89615
562,52	4,81282
562,78	2,11282
563,04	1,06282
563,30	-11,33718
563,56	-19,18718
563,81	-16,25385
564,07	3,27949
564,33	25,74615
564,59	2,87949
564,85	-13,92051
565,10	-8,18718
565,36	-0,55385
565,62	25,04615
565,88	-15,78718
566,13	-15,07051
566,39	-33,18718
566,65	-11,77051
566,91	9,49615
567,17	5,42949
567,42	20,32949
567,68	4,77949
567,94	18,11282
568,20	4,81282
568,45	15,59615
568,71	6,94615
568,97	-6,07051
569,23	13,07949
569,49	19,32949
569,74	27,19615
570,00	-20,73718
570,26	-20,55385
570,52	-18,47051
570,77	9,09615
571,03	27,66282
571,29	37,14615
571,55	39,82949
571,80	6,11282
572,06	-16,73718
572,32	-30,68718
572,58	13,44615
572,83	37,21282
573,09	28,32949
573,35	5,72949
573,61	-12,50385
573,86	-6,87051
574,12	-25,98718
574,38	-9,80385
574,64	-11,08718
574,89	8,59615
575,15	28,84615
575,41	36,61282
575,67	27,71282
575,92	3,66282
576,18	15,44615
576,44	15,94615
576,70	8,89615
576,95	-17,10385
577,21	-25,73718
577,47	-19,30385
577,73	-0,95385
577,98	0,07949
578,24	-8,33718
578,50	-17,25385
578,76	-9,72051
579,01	-14,95385
579,27	-18,17051
579,53	-1,72051
579,79	6,96282
580,04	5,07949
580,30	-26,83718
580,56	-41,65385
580,81	-40,93718
581,07	-28,08718
581,33	-20,27051
581,59	-12,23718
581,84	2,99615
582,10	20,82949
582,36	21,41282
582,62	16,47949
582,87	15,01282
583,13	39,56282
583,39	34,22949
583,64	37,74615
583,90	7,26282
584,16	8,77949
584,42	-5,13718
584,67	-4,85385
584,93	-1,78718
585,19	2,82949
585,45	6,96282
585,70	-1,75385
585,96	5,42949
586,22	3,84615
586,47	0,76282
586,73	1,19615
586,99	-4,05385
587,25	8,61282
587,50	-6,95385
587,76	-8,25385
588,02	-14,78718
588,27	-7,35385
588,53	15,04615
588,79	5,11282
589,04	-8,73718
589,30	-8,57051
589,56	-6,82051
589,82	15,17949
590,07	3,31282
590,33	5,82949
590,59	-9,43718
590,84	-10,50385
591,10	-5,17051
591,36	2,26282
591,61	-1,75385
591,87	2,09615
592,13	-2,72051
592,39	-4,63718
592,64	-9,72051
592,90	-22,43718
593,16	-23,02051
593,41	-21,10385
593,67	-10,60385
593,93	-7,37051
594,18	1,21282
594,44	10,46282
594,70	6,56282
594,95	2,41282
595,21	11,32949
595,47	13,79615
595,73	7,87949
595,98	-3,98718
596,24	-3,83718
596,50	-19,17051
596,75	-15,28718
597,01	-6,68718
597,27	4,34615
597,52	4,59615
597,78	5,04615
598,04	14,74615
598,29	-4,37051
598,55	-1,75385
598,81	-15,57051
599,06	-5,67051
599,32	-22,12051
599,58	-0,37051
599,83	-9,65385
600,09	-3,35385
600,35	-18,30385
600,60	-13,78718
600,86	-5,88718
601,12	-1,85385
601,37	9,24615
601,63	-5,43718
601,89	-14,23718
602,14	-19,27051
602,40	-14,78718
602,66	-11,10385
602,91	-24,88718
603,17	-9,92051
603,43	5,66282
603,68	31,31282
603,94	19,26282
604,20	7,99615
604,45	-7,00385
604,71	-6,55385
604,97	-3,72051
605,22	-0,83718
605,48	0,41282
605,74	7,41282
605,99	9,27949
606,25	6,09615
606,51	-4,20385
606,76	-19,73718
607,02	-4,45385
607,27	-12,45385
607,53	1,44615
607,79	-3,30385
608,04	-12,08718
608,30	-16,20385
608,56	-28,37051
608,81	0,99615
609,07	2,52949
609,33	34,21282
609,58	41,52949
609,84	54,71282
610,10	36,81282
610,35	13,94615
610,61	6,52949
610,86	-6,25385
611,12	-4,23718
611,38	-15,40385
611,63	-14,40385
611,89	-10,08718
612,15	5,14615
612,40	-3,22051
612,66	-21,92051
612,92	-44,83718
613,17	-17,27051
613,43	8,09615
613,68	20,34615
613,94	-0,10385
614,20	-12,87051
614,45	-22,40385
614,71	-3,52051
614,97	-15,00385
615,22	-14,30385
615,48	-28,63718
615,73	-18,33718
615,99	-8,25385
616,25	-4,95385
616,50	7,19615
616,76	3,51282
617,01	6,66282
617,27	-18,30385
617,53	-12,48718
617,78	4,02949
618,04	25,16282
618,30	31,86282
618,55	0,31282
618,81	3,27949
619,06	-15,32051
619,32	-9,08718
619,58	-19,00385
619,83	-9,88718
620,09	-17,05385
620,34	-16,72051
620,60	-21,07051
620,86	-19,20385
621,11	-18,75385
621,37	-2,38718
621,62	1,64615
621,88	-13,53718
622,14	-37,43718
622,39	-32,93718
622,65	-20,18718
622,90	-16,18718
623,16	-8,80385
623,42	-4,63718
623,67	-14,05385
623,93	-11,57051
624,18	-16,35385
624,44	12,71282
624,70	19,36282
624,95	15,41282
625,21	8,52949
625,46	-13,57051
625,72	1,84615
625,98	-15,38718
626,23	-4,57051
626,49	-27,48718
626,74	-15,12051
627,00	-15,05385
627,25	-4,60385
627,51	3,69615
627,77	-6,45385
628,02	-21,03718
628,28	-29,53718
628,53	-24,67051
628,79	-6,98718
629,04	-15,80385
629,30	-16,53718
629,56	-5,60385
629,81	-7,43718
630,07	-6,67051
630,32	-20,27051
630,58	12,17949
630,83	12,34615
631,09	8,71282
631,35	-14,37051
631,60	-17,30385
631,86	1,37949
632,11	2,66282
632,37	-8,88718
632,62	-28,25385
632,88	-34,50385
633,14	-27,82051
633,39	-29,42051
633,65	-3,70385
633,90	12,19615
634,16	14,91282
634,41	-7,10385
634,67	-9,83718
634,93	4,74615
635,18	10,49615
635,44	-9,58718
635,69	-23,13718
635,95	-16,23718
636,20	11,46282
636,46	10,29615
636,71	5,72949
636,97	-4,43718
637,22	1,32949
637,48	-8,23718
637,74	-10,17051
637,99	-2,82051
638,25	5,21282
638,50	1,62949
638,76	3,26282
639,01	-8,87051
639,27	-13,32051
639,52	-18,60385
639,78	-5,97051
640,03	-7,80385
640,29	-18,88718
640,55	-16,78718
640,80	-13,90385
641,06	-16,92051
641,31	-6,05385
641,57	-7,10385
641,82	6,57949
642,08	3,29615
642,33	10,02949
642,59	16,66282
642,84	13,49615
643,10	3,54615
643,35	-11,05385
643,61	-15,95385
643,87	-8,02051
644,12	-3,20385
644,38	-15,00385
644,63	-10,83718
644,89	2,26282
645,14	12,31282
645,40	7,94615
645,65	9,92949
645,91	5,74615
646,16	20,01282
646,42	18,71282
646,67	14,19615
646,93	1,62949
647,18	-2,00385
647,44	1,86282
647,69	-6,03718
647,95	-23,35385
648,20	-26,22051
648,46	-23,52051
648,71	-16,57051
648,97	-13,62051
649,22	-12,73718
649,48	-16,70385
649,73	-19,70385
649,99	-23,47051
650,24	-8,23718
650,50	4,94615
650,75	12,84615
651,01	8,77949
651,26	1,07949
651,52	-2,98718
651,77	-14,17051
652,03	-11,27051
652,28	-16,22051
652,54	5,17949
652,79	23,66282
653,05	37,87949
653,30	32,66282
653,56	10,87949
653,81	10,06282
654,07	8,46282
654,32	11,96282
654,58	2,34615
654,83	7,71282
655,09	-3,85385
655,34	-6,57051
655,60	-20,20385
655,85	-16,72051
656,11	7,54615
656,36	18,74615
656,62	15,29615
656,87	-4,82051
657,13	-31,17051
657,38	-19,90385
657,64	-4,58718
657,89	19,59615
658,15	1,44615
658,40	-21,37051
658,66	-22,30385
658,91	-18,10385
659,17	-11,95385
659,42	-13,40385
659,68	-6,98718
659,93	-20,68718
660,19	-28,67051
660,44	-15,07051
660,70	7,56282
660,95	10,49615
661,20	-0,25385
661,46	-3,30385
661,71	-0,37051
661,97	-8,53718
662,22	-4,42051
662,48	1,24615
662,73	8,21282
662,99	14,57949
663,24	18,87949
663,50	12,26282
663,75	5,91282
664,01	-19,53718
664,26	-0,90385
664,52	-7,67051
664,77	12,12949
665,02	15,76282
665,28	20,89615
665,53	15,64615
665,79	16,02949
666,04	17,22949
666,30	9,29615
666,55	5,91282
666,81	-10,38718
667,06	-3,05385
667,32	-1,55385
667,57	4,04615
667,82	2,67949
668,08	1,97949
668,33	7,36282
668,59	2,91282
668,84	11,29615
669,10	6,04615
669,35	63,66282
669,61	32,67949
669,86	46,64615
670,11	-12,52051
670,37	9,39615
670,62	7,44615
670,88	20,31282
671,13	0,41282
671,39	-18,05385
671,64	-30,37051
671,90	-19,77051
672,15	-9,97051
672,40	-14,38718
672,66	-29,42051
672,91	-22,73718
673,17	-18,32051
673,42	-4,32051
673,68	-10,75385
673,93	-14,70385
674,18	-10,55385
674,44	-18,88718
674,69	-10,07051
674,95	-5,67051
675,20	-1,30385
675,46	-3,47051
675,71	-17,42051
675,96	-5,10385
676,22	-12,88718
676,47	-5,02051
676,73	-9,20385
676,98	-8,33718
677,23	-2,98718
677,49	6,27949
677,74	25,42949
678,00	11,49615
678,25	2,31282
678,51	4,39615
678,76	-4,15385
679,01	1,02949
679,27	-15,70385
679,52	-12,52051
679,78	-19,65385
680,03	-12,15385
680,28	-7,75385
680,54	-13,22051
680,79	-31,20385
681,05	-28,82051
681,30	-31,57051
681,55	-21,37051
681,81	-17,38718
682,06	3,56282
682,32	14,04615
682,57	25,89615
682,82	14,79615
683,08	3,57949
683,33	-23,55385
683,59	-14,37051
683,84	-20,47051
684,09	-8,92051
684,35	-16,77051
684,60	0,82949
684,86	2,02949
685,11	18,49615
685,36	17,06282
685,62	32,82949
685,87	-1,80385
686,13	-13,78718
686,38	-37,87051
686,63	-16,85385
686,89	1,27949
687,14	31,94615
687,40	27,47949
687,65	27,77949
687,90	9,12949
688,16	6,74615
688,41	-7,32051
688,66	-14,08718
688,92	-13,25385
689,17	-22,92051
689,43	-29,60385
689,68	-25,90385
689,93	-14,33718
690,19	-10,68718
690,44	-24,70385
690,69	-33,40385
690,95	-32,15385
691,20	-17,93718
691,46	-22,90385
691,71	-10,50385
691,96	-3,43718
692,22	6,71282
692,47	-5,63718
692,72	-18,00385
692,98	-20,40385
693,23	-10,78718
693,49	2,97949
693,74	9,27949
693,99	16,86282
694,25	11,84615
694,50	12,56282
694,75	3,02949
695,01	-18,23718
695,26	-15,07051
695,51	-13,42051
695,77	-12,17051
696,02	-18,53718
696,27	-21,62051
696,53	-3,03718
696,78	6,02949
697,04	11,64615
697,29	3,34615
697,54	-4,38718
697,80	-16,67051
698,05	-13,40385
698,30	-21,92051
698,56	-17,78718
698,81	-19,03718
699,06	-12,72051
699,32	-17,27051
699,57	-16,20385
699,82	-0,82051
700,08	-4,53718
700,33	-8,35385
700,58	-23,85385
700,84	-19,08718
701,09	-26,13718
701,34	-25,92051
701,60	-16,52051
701,85	-12,18718
702,10	-5,83718
702,36	-0,23718
702,61	-4,75385
702,86	-15,42051
703,12	-38,12051
703,37	-32,90385
703,62	-34,60385
703,88	-34,55385
704,13	-40,75385
704,38	-37,05385
704,64	-7,82051
704,89	-0,43718
705,14	20,17949
705,40	12,99615
705,65	17,01282
705,90	-4,18718
706,16	-26,05385
706,41	-23,90385
706,66	-19,35385
706,92	-14,73718
707,17	-9,73718
707,42	11,49615
707,68	1,59615
707,93	-9,37051
708,18	-18,47051
708,44	11,72949
708,69	24,44615
708,94	18,79615
709,19	6,09615
709,45	10,29615
709,70	-1,03718
709,95	0,49615
710,21	-21,47051
710,46	-24,45385
710,71	-6,42051
710,97	-6,65385
711,22	4,39615
711,47	-20,92051
711,73	-12,40385
711,98	-15,50385
712,23	-16,33718
712,48	-22,95385
712,74	-23,57051
712,99	-25,48718
713,24	-36,13718
713,50	-37,25385
713,75	-16,27051
714,00	1,22949
714,26	-4,58718
714,51	-18,90385
714,76	-18,93718
715,01	-21,80385
715,27	-1,48718
715,52	-4,97051
715,77	8,04615
716,03	-11,02051
716,28	-9,50385
716,53	-1,30385
716,78	-0,63718
717,04	3,54615
717,29	5,61282
717,54	15,34615
717,80	6,27949
718,05	0,12949
718,30	-10,08718
718,55	1,39615
718,81	-2,02051
719,06	8,09615
719,31	3,77949
719,57	-8,17051
719,82	-13,12051
720,07	-8,28718
720,32	-6,67051
720,58	-3,22051
720,83	-7,02051
721,08	-0,97051
721,33	-6,32051
721,59	4,81282
721,84	15,66282
722,09	28,27949
722,35	22,77949
722,60	9,97949
722,85	1,97949
723,10	-9,23718
723,36	-5,13718
723,61	-16,63718
723,86	-8,37051
724,11	0,62949
724,37	-2,80385
724,62	-7,65385
724,87	-20,90385
725,12	-17,27051
725,38	-20,95385
725,63	-19,78718
725,88	-27,63718
726,13	-25,92051
726,39	-40,97051
726,64	-18,82051
726,89	-18,38718
727,14	-12,72051
727,40	-20,40385
727,65	-15,50385
727,90	3,24615
728,15	7,52949
728,41	-5,80385
728,66	-5,80385
728,91	-18,77051
729,16	-7,22051
729,42	-7,90385
729,67	0,16282
729,92	-19,33718
730,17	-28,48718
730,43	-23,17051
730,68	-0,58718
730,93	4,64615
731,18	0,04615
731,44	-5,27051
731,69	-10,63718
731,94	-8,47051
732,19	0,42949
732,45	9,49615
732,70	23,87949
732,95	8,51282
733,20	-9,65385
733,45	-18,45385
733,71	-4,62051
733,96	-4,70385
734,21	-1,98718
734,46	-9,25385
734,72	0,92949
734,97	-2,35385
735,22	-5,52051
735,47	-3,43718
735,72	-7,78718
735,98	-9,73718
736,23	-9,57051
736,48	-6,87051
736,73	-0,87051
736,99	-7,48718
737,24	-7,18718
737,49	-11,45385
737,74	-6,53718
737,99	12,02949
738,25	16,99615
738,50	15,97949
738,75	-14,88718
739,00	-12,23718
739,25	-4,67051
739,51	-4,88718
739,76	-3,33718
740,01	-3,65385
740,26	7,87949
740,52	10,81282
740,77	30,36282
741,02	31,12949
741,27	19,36282
741,52	-1,60385
741,78	-7,48718
742,03	-5,85385
742,28	-9,67051
742,53	-3,60385
742,78	8,27949
743,04	15,02949
743,29	18,99615
743,54	17,99615
743,79	4,34615
744,04	-12,60385
744,30	-12,80385
744,55	-3,10385
744,80	17,17949
745,05	8,19615
745,30	4,92949
745,55	-14,23718
745,81	3,21282
746,06	4,81282
746,31	13,54615
746,56	-1,60385
746,81	3,67949
747,07	10,86282
747,32	14,59615
747,57	27,64615
747,82	34,17949
748,07	51,59615
748,32	32,31282
748,58	23,49615
748,83	4,66282
749,08	15,39615
749,33	18,47949
749,58	24,01282
749,84	23,21282
750,09	9,92949
750,34	5,09615
750,59	8,84615
750,84	3,12949
751,09	19,44615
751,35	15,66282
751,60	28,87949
751,85	3,79615
752,10	-14,58718
752,35	-3,72051
752,60	4,72949
752,86	14,84615
753,11	-6,48718
753,36	-15,77051
753,61	-18,43718
753,86	-25,70385
754,11	-23,25385
754,37	-37,67051
754,62	-36,02051
754,87	-37,57051
755,12	-13,68718
755,37	0,41282
755,62	7,24615
755,87	-17,02051
756,13	-28,62051
756,38	-30,75385
756,63	-9,72051
756,88	16,12949
757,13	12,26282
757,38	14,37949
757,64	-12,97051
757,89	-11,63718
758,14	-1,92051
758,39	-0,82051
758,64	18,46282
758,89	3,91282
759,14	21,59615
759,40	16,27949
759,65	15,69615
759,90	8,06282
760,15	-4,10385
760,40	-23,50385
760,65	-31,78718
760,90	-32,90385
761,15	-22,78718
761,41	-12,63718
761,66	-13,83718
761,91	-0,78718
762,16	-11,73718
762,41	3,94615
762,66	-9,73718
762,91	-3,72051
763,17	-6,80385
763,42	0,04615
763,67	8,27949
763,92	4,66282
764,17	3,92949
764,42	-9,98718
764,67	-6,48718
764,92	6,07949
765,18	7,14615
765,43	-10,58718
765,68	-5,30385
765,93	6,44615
766,18	15,59615
766,43	8,42949
766,68	10,94615
766,93	4,56282
767,18	-8,33718
767,44	-12,25385
767,69	-15,58718
767,94	2,86282
768,19	-5,28718
768,44	-1,15385
768,69	-6,05385
768,94	6,37949
769,19	4,26282
769,44	4,01282
769,70	-15,85385
769,95	-7,92051
770,20	-2,73718
770,45	19,11282
770,70	22,71282
770,95	11,46282
771,20	-6,55385
771,45	4,17949
771,70	4,01282
771,95	3,26282
772,21	3,29615
772,46	7,51282
772,71	15,77949
772,96	6,11282
773,21	2,56282
773,46	13,74615
773,71	15,36282
773,96	3,96282
774,21	-3,98718
774,46	-5,72051
774,72	6,17949
774,97	-2,18718
775,22	-17,63718
775,47	-18,42051
775,72	-18,23718
775,97	-2,42051
776,22	-4,23718
776,47	15,01282
776,72	19,27949
776,97	22,74615
777,22	3,24615
777,47	2,79615
777,73	-5,12051
777,98	8,34615
778,23	1,52949
778,48	0,21282
778,73	-16,03718
778,98	-11,57051
779,23	0,26282
779,48	9,26282
779,73	-7,02051
779,98	-19,87051
780,23	-17,42051
780,48	-12,62051
780,73	4,77949
780,98	13,84615
781,24	18,94615
781,49	1,61282
781,74	-18,47051
781,99	-20,47051
782,24	-13,77051
782,49	-11,07051
782,74	-9,00385
782,99	-7,27051
783,24	-6,05385
783,49	-3,70385
783,74	-6,77051
783,99	9,62949
784,24	2,74615
784,49	-0,32051
784,74	-9,33718
784,99	0,69615
785,24	-8,55385
785,49	-28,05385
785,75	-7,75385
786,00	20,31282
786,25	25,31282
786,50	1,76282
786,75	-23,25385
787,00	-2,72051
787,25	-1,95385
787,50	10,24615
787,75	1,04615
788,00	20,46282
788,25	-1,32051
788,50	-11,30385
788,75	-29,50385
789,00	-23,85385
789,25	-28,03718
789,50	-40,60385
789,75	-40,02051
790,00	-25,72051
790,25	-19,12051
790,50	17,09615
790,75	32,17949
791,00	33,71282
791,25	22,71282
791,50	1,89615
791,75	2,67949
792,01	7,57949
792,26	10,84615
792,51	19,91282
792,76	-1,52051
793,01	-3,77051
793,26	-33,70385
793,51	-27,05385
793,76	-22,33718
794,01	3,74615
794,26	2,74615
794,51	0,47949
794,76	-12,22051
795,01	-3,75385
795,26	0,19615
795,51	11,57949
795,76	3,56282
796,01	12,36282
796,26	14,54615
796,51	10,21282
796,76	-4,12051
797,01	-22,37051
797,26	-12,83718
797,51	-21,37051
797,76	-1,00385
798,01	-4,13718
798,26	22,22949
798,51	11,77949
798,76	-5,92051
799,01	-17,42051
799,26	-28,53718
799,51	-19,50385
799,76	-23,35385
800,01	-2,63718
800,26	-8,85385
800,51	-2,53718
800,76	-12,25385
801,01	-4,67051
801,26	-11,38718
801,51	-13,85385
801,76	-14,48718
802,01	-20,05385
802,26	-10,08718
802,51	5,86282
802,76	13,72949
803,01	7,22949
803,26	-16,35385
803,51	-17,63718
803,76	-11,08718
804,01	4,54615
804,26	-3,57051
804,51	-15,65385
804,76	-26,98718
805,01	-22,22051
805,26	-23,70385
805,51	-20,73718
805,76	-26,68718
806,01	11,72949
806,26	21,07949
806,51	25,04615
806,76	-18,22051
807,01	-31,23718
807,26	-30,73718
807,51	-32,08718
807,76	-32,80385
808,01	-26,03718
808,26	-11,72051
808,50	-7,80385
808,75	-10,53718
809,00	-17,27051
809,25	-8,28718
809,50	-11,20385
809,75	-3,95385
810,00	-7,87051
810,25	-13,52051
810,50	-5,67051
810,75	-4,03718
811,00	14,21282
811,25	7,19615
811,50	21,89615
811,75	20,12949
812,00	13,39615
812,25	-2,87051
812,50	-31,90385
812,75	-32,47051
813,00	-32,42051
813,25	-17,78718
813,50	-15,35385
813,75	-21,03718
814,00	-14,62051
814,25	-14,08718
814,50	8,42949
814,74	2,37949
814,99	18,17949
815,24	-3,28718
815,49	1,16282
815,74	-12,33718
815,99	3,41282
816,24	7,66282
816,49	12,24615
816,74	23,56282
816,99	14,56282
817,24	17,11282
817,49	-24,02051
817,74	-11,92051
817,99	-32,47051
818,24	-23,75385
818,49	-23,90385
818,74	-12,73718
818,98	4,14615
819,23	-5,15385
819,48	18,07949
819,73	11,39615
819,98	28,22949
820,23	0,21282
820,48	4,29615
820,73	-3,68718
820,98	-3,33718
821,23	-19,32051
821,48	-34,92051
821,73	-33,55385
821,98	-24,82051
822,23	-22,47051
822,47	2,39615
822,72	2,66282
822,97	8,87949
823,22	-4,45385
823,47	-2,62051
823,72	7,92949
823,97	15,62949
824,22	29,29615
824,47	17,77949
824,72	5,32949
824,97	-9,43718
825,22	-5,25385
825,46	-3,87051
825,71	0,07949
825,96	-3,10385
826,21	-8,48718
826,46	-16,02051
826,71	-17,30385
826,96	-0,60385
827,21	-3,17051
827,46	-3,70385
827,71	-19,43718
827,96	-18,92051
828,20	-13,57051
828,45	-9,80385
828,70	-1,03718
828,95	-9,60385
829,20	-9,98718
829,45	-13,92051
829,70	-11,55385
829,95	-15,53718
830,20	-19,02051
830,45	-2,82051
830,69	1,51282
830,94	4,69615
831,19	0,49615
831,44	-13,32051
831,69	-7,55385
831,94	-16,43718
832,19	-2,23718
832,44	-17,22051
832,69	-17,72051
832,93	-15,53718
833,18	3,44615
833,43	-2,85385
833,68	-12,47051
833,93	-12,30385
834,18	-2,78718
834,43	3,09615
834,68	-8,13718
834,92	-16,37051
835,17	-13,73718
835,42	-4,55385
835,67	7,92949
835,92	0,16282
836,17	-7,77051
836,42	-20,33718
836,67	-36,32051
836,91	-24,38718
837,16	-17,83718
837,41	-14,95385
837,66	-1,22051
837,91	15,36282
838,16	24,76282
838,41	8,26282
838,66	-15,22051
838,90	0,67949
839,15	-6,63718
839,40	1,47949
839,65	-14,15385
839,90	-19,78718
840,15	-11,88718
840,40	-20,20385
840,64	-3,57051
840,89	-21,98718
841,14	-7,08718
841,39	-18,55385
841,64	-17,07051
841,89	-13,82051
842,14	-26,67051
842,38	1,64615
842,63	3,82949
842,88	8,49615
843,13	-19,03718
843,38	-19,33718
843,63	-13,95385
843,87	0,32949
844,12	-15,23718
844,37	-15,63718
844,62	-22,78718
844,87	-14,13718
845,12	-2,57051
845,37	-8,47051
845,61	-11,82051
845,86	-23,45385
846,11	-17,50385
846,36	-20,72051
846,61	-10,87051
846,86	-8,00385
847,10	2,24615
847,35	17,44615
847,60	15,21282
847,85	12,02949
848,10	-5,17051
848,35	-2,08718
848,59	4,87949
848,84	-5,78718
849,09	2,44615
849,34	-6,20385
849,59	2,86282
849,84	-21,45385
850,08	-11,25385
850,33	-21,07051
850,58	-14,45385
850,83	-13,23718
851,08	-19,25385
851,32	-25,57051
851,57	-30,82051
851,82	-3,35385
852,07	5,79615
852,32	21,41282
852,57	-1,97051
852,81	15,64615
853,06	-6,43718
853,31	12,12949
853,56	-6,37051
853,81	-5,90385
854,05	-9,03718
854,30	-13,73718
854,55	-11,83718
854,80	-19,97051
855,05	14,96282
855,29	16,52949
855,54	24,84615
855,79	-1,63718
856,04	-7,90385
856,29	-12,67051
856,53	-3,20385
856,78	-1,90385
857,03	-12,83718
857,28	-20,05385
857,53	-16,33718
857,77	5,49615
858,02	-1,85385
858,27	-3,57051
858,52	-15,78718
858,77	-22,80385
859,01	-27,52051
859,26	-24,88718
859,51	-11,03718
859,76	-17,90385
860,01	-21,97051
860,25	-27,20385
860,50	-8,87051
860,75	-8,03718
861,00	2,22949
861,25	-0,92051
861,49	0,97949
861,74	-4,48718
861,99	-18,98718
862,24	-24,13718
862,48	-28,15385
862,73	-22,90385
862,98	-25,53718
863,23	-12,63718
863,48	-0,25385
863,72	17,62949
863,97	25,39615
864,22	25,96282
864,47	2,46282
864,71	-18,78718
864,96	-12,75385
865,21	-7,12051
865,46	-11,95385
865,70	-27,23718
865,95	-38,85385
866,20	-32,10385
866,45	-12,82051
866,70	6,97949
866,94	22,11282
867,19	-3,68718
867,44	-7,22051
867,69	-17,38718
867,93	-15,82051
868,18	-11,90385
868,43	-8,88718
868,68	-0,90385
868,92	-8,63718
869,17	-22,33718
869,42	-9,98718
869,67	-9,62051
869,91	-9,32051
870,16	-27,47051
870,41	-17,27051
870,66	-7,05385
870,90	9,14615
871,15	1,31282
871,40	-10,22051
871,65	-24,93718
871,89	-16,92051
872,14	-13,98718
872,39	-12,18718
872,64	-18,45385
872,88	-18,97051
873,13	-26,45385
873,38	-37,00385
873,63	-13,42051
873,87	-6,78718
874,12	-18,03718
874,37	-44,08718
874,62	-40,80385
874,86	-28,32051
875,11	-19,55385
875,36	-18,43718
875,60	-22,20385
875,85	-15,87051
876,10	-9,80385
876,35	3,32949
876,59	-4,85385
876,84	-14,90385
877,09	-10,12051
877,34	-1,52051
877,58	-4,50385
877,83	-13,72051
878,08	-20,60385
878,32	-21,02051
878,57	-28,30385
878,82	-16,37051
879,07	-16,07051
879,31	-9,58718
879,56	-15,10385
879,81	-15,97051
880,06	-23,50385
880,30	-35,48718
880,55	-7,88718
880,80	4,12949
881,04	10,14615
881,29	12,52949
881,54	19,02949
881,79	14,77949
882,03	-19,88718
882,28	-14,47051
882,53	-7,45385
882,77	10,66282
883,02	-2,15385
883,27	-0,82051
883,51	-15,40385
883,76	-9,23718
884,01	-0,22051
884,26	-1,43718
884,50	-8,15385
884,75	-30,62051
885,00	-23,35385
885,24	-22,42051
885,49	-16,23718
885,74	0,32949
885,98	-17,95385
886,23	-25,22051
886,48	-35,70385
886,73	-8,03718
886,97	7,19615
887,22	-5,88718
887,47	-24,92051
887,71	-37,37051
887,96	-36,58718
888,21	-23,50385
888,45	-12,78718
888,70	4,14615
888,95	-8,77051
889,19	-16,58718
889,44	-24,77051
889,69	-13,95385
889,93	-28,20385
890,18	-18,68718
890,43	-16,63718
890,67	3,11282
890,92	-18,92051
891,17	-8,43718
891,42	2,14615
891,66	28,94615
891,91	21,52949
892,16	15,79615
892,40	16,72949
892,65	12,92949
892,90	3,76282
893,14	-7,53718
893,39	-10,40385
893,64	-11,70385
893,88	-30,42051
894,13	-13,37051
894,38	-2,87051
894,62	2,71282
894,87	-23,20385
895,12	-40,33718
895,36	-34,23718
895,61	-29,08718
895,86	-24,90385
896,10	-31,37051
896,35	-35,20385
896,60	-46,32051
896,84	-45,75385
897,09	-37,58718
897,33	-19,23718
897,58	-18,47051
897,83	-18,27051
898,07	-25,48718
898,32	-21,35385
898,57	-19,13718
898,81	-6,55385
899,06	6,57949
899,31	31,99615
899,55	29,79615
899,80	8,26282
900,05	-21,15385
900,29	-29,43718
900,54	-6,47051
900,79	-8,35385
901,03	-9,92051
901,28	-20,60385
901,52	-5,60385
901,77	11,26282
902,02	21,01282
902,26	-1,58718
902,51	-17,30385
902,76	-45,55385
903,00	-28,50385
903,25	-31,80385
903,50	-17,43718
903,74	-27,12051
903,99	-31,13718
904,23	-27,15385
904,48	-23,33718
904,73	-2,38718
904,97	2,12949
905,22	12,16282
905,47	-2,75385
905,71	0,51282
905,96	-6,48718
906,20	6,07949
906,45	0,09615
906,70	0,61282
906,94	-3,68718
907,19	-5,83718
907,44	-14,92051
907,68	-28,27051
907,93	-27,10385
908,17	-41,17051
908,42	-30,03718
908,67	-41,18718
908,91	-14,18718
909,16	-5,42051
909,40	-3,92051
909,65	-20,88718
909,90	-29,52051
910,14	-27,48718
910,39	-34,50385
910,63	-27,22051
910,88	-12,25385
911,13	20,66282
911,37	15,39615
911,62	1,64615
911,86	-19,78718
912,11	-18,90385
912,36	-8,43718
912,60	-7,98718
912,85	4,14615
913,09	1,57949
913,34	14,62949
913,59	-14,42051
913,83	-8,53718
914,08	-23,07051
914,32	2,56282
914,57	1,02949
914,82	13,57949
915,06	6,41282
915,31	-1,22051
915,55	-1,93718
915,80	5,57949
916,05	-2,55385
916,29	-21,05385
916,54	-35,98718
916,78	-16,65385
917,03	1,67949
917,27	4,29615
917,52	-12,22051
917,77	-12,02051
918,01	-10,48718
918,26	-15,13718
918,50	-26,88718
918,75	-31,77051
919,00	-26,13718
919,24	-26,15385
919,49	-33,63718
919,73	-28,87051
919,98	-31,45385
920,22	-17,85385
920,47	-20,78718
920,72	-24,92051
920,96	-31,75385
921,21	-32,02051
921,45	-21,90385
921,70	-26,85385
921,94	-18,32051
922,19	-10,55385
922,43	-7,65385
922,68	14,27949
922,93	12,77949
923,17	11,14615
923,42	-26,10385
923,66	-30,02051
923,91	-28,35385
924,15	-18,65385
924,40	-21,28718
924,64	-23,22051
924,89	-25,12051
925,14	-21,18718
925,38	-19,00385
925,63	-4,93718
925,87	0,29615
926,12	14,61282
926,36	-1,18718
926,61	-14,47051
926,85	52,39615
927,10	47,71282
927,35	47,67949
927,59	-22,53718
927,84	-26,13718
928,08	-15,15385
928,33	-24,98718
928,57	-16,02051
928,82	-12,03718
929,06	-8,78718
929,31	-5,42051
929,55	-12,85385
929,80	-5,45385
930,04	-8,33718
930,29	-11,60385
930,54	-16,45385
930,78	-18,52051
931,03	-25,90385
931,27	-16,40385
931,52	-14,10385
931,76	-5,77051
932,01	-28,03718
932,25	-31,45385
932,50	-15,98718
932,74	-8,98718
932,99	12,54615
933,23	-6,52051
933,48	2,64615
933,72	-10,72051
933,97	-15,95385
934,21	6,87949
934,46	19,86282
934,70	43,14615
934,95	19,04615
935,19	-10,07051
935,44	-29,48718
935,68	-31,87051
935,93	-17,02051
936,18	-10,68718
936,42	-11,55385
936,67	-20,28718
936,91	-12,42051
937,16	11,69615
937,40	11,97949
937,65	-11,63718
937,89	-35,38718
938,14	-36,72051
938,38	-23,30385
938,63	-15,52051
938,87	-14,87051
939,12	-9,37051
939,36	10,46282
939,61	19,06282
939,85	9,31282
940,10	-25,48718
940,34	-25,30385
940,59	-22,83718
940,83	-26,13718
941,08	-18,60385
941,32	-11,82051
941,57	9,24615
941,81	-11,98718
942,06	-17,15385
942,30	-23,40385
942,55	-8,75385
942,79	-18,37051
943,03	-15,62051
943,28	-7,45385
943,52	25,97949
943,77	9,81282
944,01	-13,73718
944,26	-46,42051
944,50	-46,77051
944,75	-19,30385
944,99	-1,20385
945,24	5,74615
945,48	8,02949
945,73	56,51282
945,97	50,32949
946,22	31,61282
946,46	-24,25385
946,71	-3,35385
946,95	-1,82051
947,20	-14,17051
947,44	-29,42051
947,69	-25,47051
947,93	-20,28718
948,17	-23,98718
948,42	-32,83718
948,66	-23,58718
948,91	-31,75385
949,15	-36,83718
949,40	-46,25385
949,64	-28,97051
949,89	-22,07051
950,13	-17,72051
950,38	-31,88718
950,62	-25,78718
950,87	-20,97051
951,11	2,37949
951,35	-6,12051
951,60	-5,90385
951,84	-20,70385
952,09	-16,87051
952,33	-20,53718
952,58	-9,67051
952,82	-22,42051
953,07	-28,77051
953,31	-26,05385
953,56	-11,68718
953,80	-8,75385
954,04	-39,15385
954,29	-58,07051
954,53	-65,55385
954,78	-55,52051
955,02	-44,23718
955,27	-37,23718
955,51	-31,10385
955,76	-29,17051
956,00	-26,30385
956,24	-31,80385
956,49	-24,10385
956,73	-16,78718
956,98	-10,48718
957,22	7,77949
957,47	14,86282
957,71	6,52949
957,95	-2,63718
958,20	-5,47051
958,44	14,52949
958,69	-3,10385
958,93	-8,67051
959,18	-16,47051
959,42	0,59615
959,66	-10,73718
959,91	-22,53718
960,15	-41,98718
960,40	-37,13718
960,64	-29,75385
960,89	-13,53718
961,13	92,01282
961,37	105,99615
961,62	106,77949
961,86	10,01282
962,11	8,81282
962,35	-11,70385
962,59	-16,95385
962,84	-43,68718
963,08	-23,07051
963,33	-22,03718
963,57	-9,47051
963,81	-22,35385
964,06	-23,08718
964,30	-8,45385
964,55	-24,38718
964,79	4,61282
965,04	5,72949
965,28	14,22949
965,52	-12,02051
965,77	-25,95385
966,01	-15,80385
966,26	-17,98718
966,50	-12,00385
966,74	-4,47051
966,99	3,42949
967,23	3,07949
967,48	-7,62051
967,72	-15,65385
967,96	-27,87051
968,21	-17,43718
968,45	-19,47051
968,69	-11,58718
968,94	-0,98718
969,18	-9,02051
969,43	-19,53718
969,67	-35,28718
969,91	-18,60385
970,16	-5,00385
970,40	-9,47051
970,65	-15,98718
970,89	-35,10385
971,13	-30,03718
971,38	-30,33718
971,62	5,04615
971,86	1,61282
972,11	5,92949
972,35	-18,12051
972,60	-6,63718
972,84	2,97949
973,08	3,54615
973,33	-9,15385
973,57	-11,87051
973,81	-0,62051
974,06	-3,62051
974,30	-22,65385
974,55	-19,62051
974,79	-1,25385
975,03	10,16282
975,28	1,19615
975,52	-21,18718
975,76	-21,53718
976,01	-24,18718
976,25	-11,17051
976,50	-13,82051
976,74	-2,87051
976,98	3,87949
977,23	-0,75385
977,47	-0,38718
977,71	-7,03718
977,96	-16,98718
978,20	-38,43718
978,44	-49,57051
978,69	-23,33718
978,93	-10,92051
979,17	-3,70385
979,42	-13,53718
979,66	-15,58718
979,90	-5,37051
980,15	15,79615
980,39	21,32949
980,64	3,97949
980,88	-0,97051
981,12	-1,92051
981,37	-3,00385
981,61	-10,43718
981,85	-22,45385
982,10	-12,90385
982,34	-39,78718
982,58	-28,10385
982,83	-43,92051
983,07	-36,53718
983,31	-38,27051
983,56	-37,40385
983,80	-28,62051
984,04	-26,33718
984,29	-3,73718
984,53	-2,22051
984,77	-4,30385
985,02	-6,62051
985,26	-23,57051
985,50	-4,55385
985,75	-17,05385
985,99	0,07949
986,23	-21,63718
986,48	-15,62051
986,72	-18,15385
986,96	-1,20385
987,20	-1,45385
987,45	-5,55385
987,69	-29,93718
987,93	-20,95385
988,18	-3,88718
988,42	10,21282
988,66	4,54615
988,91	-11,60385
989,15	-18,20385
989,39	-28,43718
989,64	-34,10385
989,88	-27,97051
990,12	-23,73718
990,37	-11,83718
990,61	-15,12051
990,85	-21,73718
991,10	-32,67051
991,34	-31,75385
991,58	-27,75385
991,82	-27,98718
992,07	-30,85385
992,31	-23,78718
992,55	-30,40385
992,80	-34,47051
993,04	-27,82051
993,28	-1,07051
993,53	2,99615
993,77	-5,65385
994,01	-31,28718
994,25	-33,02051
994,50	-28,82051
994,74	-12,95385
994,98	-15,50385
995,23	-20,58718
995,47	-18,27051
995,71	-18,60385
995,95	-16,13718
996,20	-5,62051
996,44	2,37949
996,68	-3,73718
996,93	-24,77051
997,17	-25,68718
997,41	-18,10385
997,65	-23,60385
997,90	-33,07051
998,14	-41,77051
998,38	-26,22051
998,63	-21,65385
998,87	-18,53718
999,11	-33,48718
999,35	-31,05385
999,60	-36,15385
999,84	-28,58718
1000,08	-6,12051
1000,32	7,16282
1000,57	8,81282
1000,81	7,34615
1001,05	5,92949
1001,30	13,74615
1001,54	-5,45385
1001,78	9,97949
1002,02	8,12949
1002,27	14,56282
1002,51	-9,55385
1002,75	-13,38718
1002,99	-25,70385
1003,24	-28,00385
1003,48	-25,30385
1003,72	-34,97051
1003,96	-25,05385
1004,21	-17,72051
1004,45	7,22949
1004,69	6,94615
1004,93	1,44615
1005,18	-2,38718
1005,42	3,52949
1005,66	-8,53718
1005,90	-18,15385
1006,15	-35,87051
1006,39	-20,90385
1006,63	-3,45385
1006,87	13,29615
1007,12	6,46282
1007,36	3,46282
1007,60	6,26282
1007,84	-2,42051
1008,09	-8,82051
1008,33	-23,88718
1008,57	-13,25385
1008,81	-10,48718
1009,06	-9,42051
1009,30	-13,17051
1009,54	-8,68718
1009,78	-1,43718
1010,03	0,72949
1010,27	-15,87051
1010,51	-13,18718
1010,75	-13,97051
1010,99	-1,95385
1011,24	-2,53718
1011,48	22,67949
1011,72	17,86282
1011,96	25,99615
1012,21	4,41282
1012,45	1,69615
1012,69	-5,87051
1012,93	-12,98718
1013,18	-6,77051
1013,42	-11,07051
1013,66	-5,48718
1013,90	-16,52051
1014,14	-17,00385
1014,39	-9,33718
1014,63	-4,28718
1014,87	6,11282
1015,11	-9,72051
1015,35	-26,03718
1015,60	-12,98718
1015,84	-2,62051
1016,08	3,66282
1016,32	-15,75385
1016,57	-27,87051
1016,81	-22,03718
1017,05	-20,10385
1017,29	-8,62051
1017,53	-8,17051
1017,78	-10,07051
1018,02	-23,25385
1018,26	-13,53718
1018,50	-21,00385
1018,74	1,47949
1018,99	-12,52051
1019,23	-16,55385
1019,47	-34,77051
1019,71	-21,98718
1019,95	-9,53718
1020,20	-8,25385
1020,44	-20,27051
1020,68	-22,40385
1020,92	-5,72051
1021,16	-2,12051
1021,41	-2,05385
1021,65	-25,57051
1021,89	-31,35385
1022,13	-37,07051
1022,37	-35,63718
1022,61	-36,93718
1022,86	-41,95385
1023,10	-18,78718
1023,34	-12,53718
1023,58	-1,08718
1023,82	-27,63718
1024,07	-24,98718
1024,31	-15,87051
1024,55	-8,35385
1024,79	-2,55385
1025,03	-24,52051
1025,27	-14,65385
1025,52	-32,12051
1025,76	-28,27051
1026,00	-22,88718
1026,24	-17,85385
1026,48	-17,85385
1026,73	-22,27051
1026,97	1,31282
1027,21	10,46282
1027,45	10,04615
1027,69	-8,22051
1027,93	-3,45385
1028,18	-3,92051
1028,42	3,27949
1028,66	0,22949
1028,90	2,86282
1029,14	-1,57051
1029,38	-14,27051
1029,62	-7,73718
1029,87	-6,72051
1030,11	10,02949
1030,35	-8,70385
1030,59	-10,13718
1030,83	-25,65385
1031,07	-26,97051
1031,32	-36,30385
1031,56	-12,28718
1031,80	2,46282
1032,04	17,74615
1032,28	-5,93718
1032,52	-9,20385
1032,76	-12,83718
1033,01	-13,15385
1033,25	-8,18718
1033,49	-12,18718
1033,73	-10,07051
1033,97	-26,97051
1034,21	-34,15385
1034,45	-39,28718
1034,70	-41,93718
1034,94	-29,43718
1035,18	56,34615
1035,42	66,67949
1035,66	79,87949
1035,90	10,61282
1036,14	-6,57051
1036,39	-9,15385
1036,63	-24,43718
1036,87	15,21282
1037,11	2,04615
1037,35	8,11282
1037,59	0,26282
1037,83	16,11282
1038,07	44,44615
1038,32	25,24615
1038,56	12,21282
1038,80	12,56282
1039,04	28,14615
1039,28	35,77949
1039,52	11,22949
1039,76	-4,87051
1040,00	-7,25385
1040,25	-20,75385
1040,49	-15,67051
1040,73	-17,68718
1040,97	-9,88718
1041,21	-1,23718
1041,45	2,82949
1041,69	22,32949
1041,93	3,21282
1042,17	-4,22051
1042,42	-25,17051
1042,66	-20,37051
1042,90	-12,50385
1043,14	-22,00385
1043,38	-9,18718
1043,62	-18,78718
1043,86	-10,00385
1044,10	-8,73718
1044,34	14,32949
1044,59	19,96282
1044,83	11,47949
1045,07	-9,03718
1045,31	-5,50385
1045,55	-10,87051
1045,79	-32,82051
1046,03	-27,53718
1046,27	-12,65385
1046,51	5,39615
1046,75	-9,72051
1047,00	-17,43718
1047,24	-10,72051
1047,48	-8,50385
1047,72	-6,80385
1047,96	-15,17051
1048,20	-2,73718
1048,44	1,24615
1048,68	-0,57051
1048,92	-11,85385
1049,16	-31,22051
1049,40	-28,08718
1049,64	-32,05385
1049,89	-10,73718
1050,13	-7,15385
1050,37	22,59615
1050,61	20,97949
1050,85	29,29615
1051,09	12,81282
1051,33	9,97949
1051,57	13,36282
1051,81	7,47949
1052,05	8,97949
1052,29	15,71282
1052,53	7,09615
1052,77	25,74615
1053,02	10,39615
1053,26	24,54615
1053,50	6,84615
1053,74	-1,27051
1053,98	-5,45385
1054,22	-20,27051
1054,46	-11,03718
1054,70	-6,75385
1054,94	-9,12051
1055,18	-6,85385
1055,42	5,52949
1055,66	15,04615
1055,90	4,29615
1056,14	-4,10385
1056,38	16,62949
1056,62	20,87949
1056,86	24,81282
1057,11	11,51282
1057,35	9,77949
1057,59	-15,10385
1057,83	-3,73718
1058,07	12,69615
1058,31	54,41282
1058,55	52,96282
1058,79	41,07949
1059,03	7,36282
1059,27	4,07949
1059,51	4,62949
1059,75	15,81282
1059,99	4,27949
1060,23	8,69615
1060,47	29,74615
1060,71	50,89615
1060,95	32,37949
1061,19	11,32949
1061,43	0,81282
1061,67	34,29615
1061,91	44,91282
1062,15	38,02949
1062,39	23,19615
1062,64	35,11282
1062,88	44,82949
1063,12	63,34615
1063,36	90,19615
1063,60	158,96282
1063,84	340,86282
1064,08	864,76282
1064,32	1705,84615
1064,56	2343,87949
1064,80	2252,69615
1065,04	1789,41282
1065,28	1186,34615
1065,52	884,71282
1065,76	543,39615
1066,00	409,82949
1066,24	305,04615
1066,48	264,36282
1066,72	217,37949
1066,96	184,66282
1067,20	141,64615
1067,44	121,07949
1067,68	105,14615
1067,92	91,41282
1068,16	84,36282
1068,40	86,04615
1068,64	92,41282
1068,88	87,42949
1069,12	65,64615
1069,36	66,44615
1069,60	47,44615
1069,84	77,02949
1070,08	64,91282
1070,32	79,22949
1070,56	51,82949
1070,80	49,59615
1071,04	85,96282
1071,28	85,16282
1071,52	88,74615
1071,76	35,79615
1072,00	42,39615
1072,24	29,22949
1072,48	31,31282
1072,72	24,99615
1072,96	38,81282
1073,20	23,19615
1073,44	32,67949
1073,68	26,02949
1073,92	40,39615
1074,16	19,21282
1074,40	14,14615
1074,64	0,24615
1074,88	1,09615
1075,12	7,01282
1075,36	8,52949
1075,60	17,36282
1075,84	6,59615
1076,08	9,36282
1076,32	-1,20385
1076,56	-8,33718
1076,80	-9,48718
1077,04	-21,07051
1077,28	-19,50385
1077,52	-32,42051
1077,76	-36,68718
1078,00	-28,10385
1078,24	4,62949
1078,48	19,34615
1078,71	10,96282
1078,95	-5,87051
1079,19	-20,07051
1079,43	-33,80385
1079,67	-37,03718
1079,91	-17,23718
1080,15	-7,42051
1080,39	-10,45385
1080,63	-13,90385
1080,87	-11,23718
1081,11	-11,37051
1081,35	-13,53718
1081,59	-3,72051
1081,83	-4,13718
1082,07	-16,78718
1082,31	-20,27051
1082,55	-21,87051
1082,79	-15,73718
1083,03	-13,88718
1083,27	-24,82051
1083,51	-20,48718
1083,75	-24,82051
1083,99	0,29615
1084,22	1,31282
1084,46	-2,47051
1084,70	0,74615
1084,94	-6,20385
1085,18	-6,60385
1085,42	-31,00385
1085,66	-24,43718
1085,90	-25,52051
1086,14	-5,07051
1086,38	14,19615
1086,62	6,12949
1086,86	10,67949
1087,10	-7,73718
1087,34	4,69615
1087,58	-14,57051
1087,82	-19,10385
1088,06	-9,38718
1088,29	9,91282
1088,53	2,87949
1088,77	-13,95385
1089,01	-16,23718
1089,25	-8,28718
1089,49	0,27949
1089,73	-14,73718
1089,97	-6,48718
1090,21	-12,85385
1090,45	-5,55385
1090,69	-13,97051
1090,93	-17,10385
1091,17	-30,58718
1091,40	-10,33718
1091,64	-13,62051
1091,88	-8,57051
1092,12	-31,52051
1092,36	-21,95385
1092,60	-22,23718
1092,84	-8,52051
1093,08	-0,37051
1093,32	8,59615
1093,56	7,21282
1093,80	20,22949
1094,04	12,11282
1094,27	1,64615
1094,51	-4,18718
1094,75	7,56282
1094,99	12,62949
1095,23	3,19615
1095,47	85,51282
1095,71	79,81282
1095,95	76,14615
1096,19	-14,27051
1096,43	-4,23718
1096,66	-22,87051
1096,90	-29,10385
1097,14	-30,27051
1097,38	-29,92051
1097,62	-21,45385
1097,86	-25,70385
1098,10	-5,80385
1098,34	-0,58718
1098,58	-9,43718
1098,81	-11,10385
1099,05	-11,62051
1099,29	18,14615
1099,53	26,97949
1099,77	22,61282
1100,01	-6,67051
1100,25	-14,23718
1100,49	-11,52051
1100,73	16,51282
1100,96	35,21282
1101,20	46,06282
1101,44	10,92949
1101,68	-3,15385
1101,92	-18,52051
1102,16	-7,03718
1102,40	-1,73718
1102,64	4,74615
1102,87	12,49615
1103,11	-1,95385
1103,35	-3,57051
1103,59	-13,12051
1103,83	-14,58718
1104,07	-2,77051
1104,31	-0,15385
1104,55	1,19615
1104,78	-21,73718
1105,02	-12,57051
1105,26	-22,65385
1105,50	-9,92051
1105,74	-29,23718
1105,98	-17,68718
1106,22	-3,77051
1106,45	2,01282
1106,69	-6,87051
1106,93	-17,68718
1107,17	-15,70385
1107,41	-12,80385
1107,65	-20,17051
1107,89	-14,18718
1108,12	-9,70385
1108,36	-25,67051
1108,60	-21,78718
1108,84	-17,65385
1109,08	-9,02051
1109,32	-10,98718
1109,55	-17,22051
1109,79	5,99615
1110,03	-2,98718
1110,27	0,37949
1110,51	-17,35385
1110,75	-24,67051
1110,99	-26,35385
1111,22	-32,90385
1111,46	-27,08718
1111,70	-33,82051
1111,94	-42,87051
1112,18	-47,78718
1112,42	-39,98718
1112,65	-22,87051
1112,89	-9,88718
1113,13	-16,37051
1113,37	-14,03718
1113,61	-12,32051
1113,85	10,79615
1114,08	4,41282
1114,32	-7,18718
1114,56	-10,35385
1114,80	-9,02051
1115,04	6,42949
1115,28	-11,45385
1115,51	-6,52051
1115,75	-2,72051
1115,99	0,86282
1116,23	-0,92051
1116,47	-2,98718
1116,70	-5,33718
1116,94	-15,83718
1117,18	-12,02051
1117,42	-17,12051
1117,66	-2,18718
1117,90	-28,37051
1118,13	-26,88718
1118,37	-51,03718
1118,61	-42,05385
1118,85	-33,15385
1119,09	-31,10385
1119,32	-21,40385
1119,56	-17,05385
1119,80	-22,88718
1120,04	-37,28718
1120,28	-29,15385
1120,51	-19,80385
1120,75	-12,72051
1120,99	-33,37885