194,56	-209,72308
194,83	-209,72308
195,09	-204,55641
195,36	-135,98974
195,63	-66,48974
195,90	-6,32308
196,17	-18,22308
196,44	-32,62308
196,71	-20,85641
196,97	-7,83974
197,24	16,62692
197,51	-8,48974
197,78	6,47692
198,05	8,67692
198,32	23,61026
198,59	3,69359
198,86	7,72692
199,12	1,72692
199,39	11,11026
199,66	11,89359
199,93	28,46026
200,20	27,44359
200,47	5,61026
200,74	3,92692
201,00	-3,60641
201,27	7,27692
201,54	-8,67308
201,81	16,02692
202,08	-6,40641
202,35	8,22692
202,61	-0,43974
202,88	54,76026
203,15	33,49359
203,42	20,29359
203,69	-17,33974
203,96	-5,75641
204,23	-1,33974
204,49	-5,60641
204,76	22,51026
205,03	36,31026
205,30	41,19359
205,57	19,79359
205,84	20,21026
206,10	42,81026
206,37	50,61026
206,64	52,86026
206,91	45,19359
207,18	32,29359
207,45	29,44359
207,71	16,67692
207,98	32,97692
208,25	20,91026
208,52	12,09359
208,79	1,74359
209,06	7,31026
209,32	21,57692
209,59	25,82692
209,86	0,07692
210,13	6,44359
210,40	17,24359
210,67	48,26026
210,93	39,89359
211,20	14,27692
211,47	9,76026
211,74	31,37692
212,01	35,86026
212,28	49,87692
212,54	50,19359
212,81	52,27692
213,08	40,86026
213,35	33,89359
213,62	48,46026
213,88	57,12692
214,15	44,51026
214,42	32,32692
214,69	34,89359
214,96	36,27692
215,23	62,32692
215,49	47,76026
215,76	46,74359
216,03	36,62692
216,30	26,02692
216,57	14,19359
216,83	10,54359
217,10	16,74359
217,37	35,79359
217,64	58,82692
217,91	68,79359
218,17	37,34359
218,44	-9,45641
218,71	-8,40641
218,98	15,82692
219,25	49,59359
219,51	52,21026
219,78	47,76026
220,05	31,26026
220,32	18,89359
220,59	25,22692
220,85	25,32692
221,12	41,36026
221,39	57,41026
221,66	57,14359
221,93	35,86026
222,19	9,01026
222,46	25,74359
222,73	40,24359
223,00	61,54359
223,27	42,29359
223,53	41,09359
223,80	27,62692
224,07	38,77692
224,34	53,04359
224,61	50,41026
224,87	32,52692
225,14	3,31026
225,41	7,67692
225,68	32,92692
225,94	49,16026
226,21	52,17692
226,48	32,49359
226,75	35,96026
227,02	21,82692
227,28	30,51026
227,55	13,06026
227,82	21,97692
228,09	-3,97308
228,36	-5,97308
228,62	0,24359
228,89	22,64359
229,16	35,29359
229,43	29,94359
229,69	29,51026
229,96	29,17692
230,23	21,06026
230,50	28,39359
230,76	17,27692
231,03	22,06026
231,30	21,51026
231,57	31,62692
231,84	30,16026
232,10	19,19359
232,37	19,46026
232,64	11,89359
232,91	14,56026
233,17	25,57692
233,44	33,99359
233,71	34,84359
233,98	10,27692
234,24	12,06026
234,51	34,14359
234,78	47,09359
235,05	58,86026
235,31	38,79359
235,58	33,76026
235,85	14,46026
236,12	0,69359
236,39	24,67692
236,65	35,57692
236,92	79,11026
237,19	71,17692
237,46	104,09359
237,72	74,32692
237,99	52,17692
238,26	21,17692
238,53	42,61026
238,79	43,82692
239,06	39,27692
239,33	9,74359
239,60	5,24359
239,86	-8,60641
240,13	-10,25641
240,40	-13,03974
240,67	19,76026
240,93	30,17692
241,20	32,39359
241,47	7,41026
241,73	6,99359
242,00	13,46026
242,27	23,41026
242,54	26,49359
242,80	27,49359
243,07	31,29359
243,34	28,51026
243,61	64,52692
243,87	48,06026
244,14	46,57692
244,41	6,06026
244,68	17,19359
244,94	19,52692
245,21	29,87692
245,48	37,61026
245,74	30,54359
246,01	42,74359
246,28	31,01026
246,55	27,46026
246,81	3,22692
247,08	9,92692
247,35	22,69359
247,62	24,06026
247,88	5,67692
248,15	12,02692
248,42	50,27692
248,68	55,42692
248,95	37,29359
249,22	6,57692
249,49	17,74359
249,75	19,76026
250,02	29,07692
250,29	20,62692
250,56	37,62692
250,82	47,59359
251,09	52,06026
251,36	55,74359
251,62	27,21026
251,89	30,14359
252,16	45,84359
252,43	74,66026
252,69	66,54359
252,96	33,79359
253,23	25,54359
253,49	30,87692
253,76	39,31026
254,03	57,49359
254,29	60,66026
254,56	63,29359
254,83	36,21026
255,10	15,12692
255,36	8,94359
255,63	23,46026
255,90	49,02692
256,16	52,29359
256,43	26,17692
256,70	30,72692
256,96	28,61026
257,23	38,61026
257,50	28,92692
257,77	37,37692
258,03	38,14359
258,30	46,49359
258,57	23,84359
258,83	28,56026
259,10	18,57692
259,37	22,77692
259,63	11,57692
259,90	26,19359
260,17	25,09359
260,43	32,72692
260,70	20,19359
260,97	41,67692
261,24	46,42692
261,50	45,94359
261,77	35,47692
262,04	24,41026
262,30	15,99359
262,57	8,87692
262,84	19,39359
263,10	46,56026
263,37	62,89359
263,64	45,66026
263,90	20,61026
264,17	10,01026
264,44	17,54359
264,70	16,66026
264,97	27,27692
265,24	49,96026
265,50	66,47692
265,77	65,27692
266,04	46,62692
266,30	31,21026
266,57	11,49359
266,84	11,59359
267,10	14,47692
267,37	45,37692
267,64	49,97692
267,90	60,37692
268,17	48,99359
268,44	37,47692
268,70	18,44359
268,97	-9,68974
269,24	2,62692
269,50	17,84359
269,77	40,47692
270,04	51,11026
270,30	41,76026
270,57	48,22692
270,84	21,37692
271,10	36,79359
271,37	27,31026
271,64	56,47692
271,90	82,64359
272,17	85,82692
272,44	71,79359
272,70	40,49359
272,97	32,81026
273,24	26,52692
273,50	32,22692
273,77	46,99359
274,04	51,74359
274,30	42,72692
274,57	29,31026
274,84	42,46026
275,10	47,69359
275,37	48,91026
275,64	30,94359
275,90	11,01026
276,17	6,31026
276,43	16,66026
276,70	18,69359
276,97	12,07692
277,23	23,07692
277,50	25,74359
277,77	20,77692
278,03	-16,03974
278,30	-1,90641
278,57	0,02692
278,83	11,52692
279,10	13,57692
279,37	9,92692
279,63	11,39359
279,90	20,94359
280,16	40,99359
280,43	57,51026
280,70	46,36026
280,96	63,14359
281,23	58,49359
281,50	48,47692
281,76	29,06026
282,03	30,19359
282,29	36,87692
282,56	36,66026
282,83	27,12692
283,09	16,92692
283,36	22,36026
283,63	25,94359
283,89	37,21026
284,16	38,96026
284,42	45,02692
284,69	47,22692
284,96	41,62692
285,22	34,89359
285,49	37,51026
285,76	39,17692
286,02	58,26026
286,29	65,24359
286,55	61,49359
286,82	42,09359
287,09	21,14359
287,35	35,84359
287,62	26,67692
287,88	32,59359
288,15	7,87692
288,42	5,41026
288,68	18,71026
288,95	30,42692
289,22	48,49359
289,48	43,37692
289,75	47,29359
290,01	50,24359
290,28	32,26026
290,55	38,37692
290,81	19,16026
291,08	41,37692
291,34	50,32692
291,61	72,46026
291,88	70,29359
292,14	39,69359
292,41	35,07692
292,67	52,26026
292,94	71,77692
293,21	66,91026
293,47	53,14359
293,74	51,97692
294,00	37,07692
294,27	20,34359
294,54	11,49359
294,80	28,91026
295,07	52,46026
295,33	48,77692
295,60	53,69359
295,86	37,37692
296,13	33,37692
296,40	18,01026
296,66	29,62692
296,93	73,72692
297,19	95,32692
297,46	91,49359
297,73	71,64359
297,99	58,07692
298,26	45,57692
298,52	33,66026
298,79	38,67692
299,05	31,12692
299,32	52,49359
299,59	70,81026
299,85	93,31026
300,12	82,37692
300,38	67,07692
300,65	60,91026
300,92	73,37692
301,18	77,71026
301,45	99,22692
301,71	85,27692
301,98	101,07692
302,24	114,72692
302,51	132,92692
302,78	134,66026
303,04	117,72692
303,31	127,22692
303,57	141,74359
303,84	144,74359
304,10	126,07692
304,37	120,69359
304,63	135,41026
304,90	156,87692
305,17	165,24359
305,43	153,64359
305,70	171,32692
305,96	167,97692
306,23	174,84359
306,49	168,74359
306,76	168,79359
307,03	172,16026
307,29	161,57692
307,56	175,87692
307,82	184,09359
308,09	194,46026
308,35	190,66026
308,62	208,32692
308,88	200,69359
309,15	206,77692
309,42	198,22692
309,68	210,14359
309,95	211,31026
310,21	198,97692
310,48	201,86026
310,74	204,79359
311,01	233,87692
311,27	228,37692
311,54	218,71026
311,80	208,16026
312,07	240,24359
312,34	277,61026
312,60	286,99359
312,87	300,19359
313,13	315,22692
313,40	312,46026
313,66	296,67692
313,93	254,34359
314,19	266,61026
314,46	256,57692
314,72	271,19359
314,99	252,57692
315,25	234,89359
315,52	213,94359
315,78	208,57692
316,05	213,39359
316,32	221,22692
316,58	224,12692
316,85	236,94359
317,11	239,72692
317,38	240,06026
317,64	239,42692
317,91	236,14359
318,17	237,32692
318,44	238,14359
318,70	232,29359
318,97	243,77692
319,23	264,62692
319,50	273,19359
319,76	270,76026
320,03	250,54359
320,29	271,69359
320,56	281,59359
320,82	297,86026
321,09	297,66026
321,36	313,46026
321,62	307,37692
321,89	297,81026
322,15	279,26026
322,42	284,06026
322,68	304,87692
322,95	334,12692
323,21	351,06026
323,48	343,32692
323,74	331,79359
324,01	325,59359
324,27	316,14359
324,54	305,22692
324,80	315,12692
325,07	327,02692
325,33	345,39359
325,60	329,56026
325,86	339,57692
326,13	334,81026
326,39	348,71026
326,66	341,71026
326,92	349,81026
327,19	354,52692
327,45	357,77692
327,72	363,69359
327,98	364,14359
328,25	382,52692
328,51	378,59359
328,78	387,61026
329,04	387,17692
329,31	384,39359
329,57	374,27692
329,84	372,14359
330,10	386,81026
330,37	413,82692
330,63	416,57692
330,90	415,69359
331,16	417,87692
331,43	427,86026
331,69	450,64359
331,96	459,97692
332,22	469,86026
332,49	482,44359
332,75	478,79359
333,01	473,04359
333,28	463,37692
333,54	470,74359
333,81	506,57692
334,07	518,74359
334,34	519,19359
334,60	516,47692
334,87	530,26026
335,13	566,57692
335,40	562,36026
335,66	554,54359
335,93	541,22692
336,19	548,42692
336,46	570,06026
336,72	559,34359
336,99	562,44359
337,25	555,09359
337,52	567,27692
337,78	584,37692
338,05	578,51026
338,31	596,72692
338,57	606,57692
338,84	615,72692
339,10	614,32692
339,37	603,94359
339,63	618,12692
339,90	620,91026
340,16	620,82692
340,43	611,26026
340,69	623,86026
340,96	617,92692
341,22	629,49359
341,49	606,66026
341,75	615,84359
342,01	624,26026
342,28	651,26026
342,54	694,11026
342,81	724,71026
343,07	759,41026
343,34	764,31026
343,60	788,82692
343,87	782,94359
344,13	801,57692
344,40	829,64359
344,66	876,17692
344,92	922,31026
345,19	916,87692
345,45	918,31026
345,72	918,54359
345,98	931,46026
346,25	927,41026
346,51	913,16026
346,78	897,91026
347,04	907,47692
347,30	895,79359
347,57	900,51026
347,83	887,07692
348,10	901,67692
348,36	912,92692
348,63	934,77692
348,89	935,82692
349,15	938,99359
349,42	935,92692
349,68	935,67692
349,95	939,36026
350,21	961,49359
350,48	981,26026
350,74	996,19359
351,01	986,26026
351,27	988,46026
351,53	980,57692
351,80	978,47692
352,06	990,86026
352,33	1003,46026
352,59	1015,87692
352,86	1024,27692
353,12	1051,21026
353,38	1104,87692
353,65	1112,96026
353,91	1128,34359
354,18	1144,71026
354,44	1200,97692
354,70	1220,37692
354,97	1219,19359
355,23	1229,82692
355,50	1259,54359
355,76	1316,19359
356,03	1353,12692
356,29	1408,01026
356,55	1409,62692
356,82	1398,04359
357,08	1360,74359
357,35	1349,37692
357,61	1371,27692
357,87	1395,52692
358,14	1413,39359
358,40	1419,17692
358,67	1463,24359
358,93	1521,19359
359,20	1589,47692
359,46	1602,72692
359,72	1566,91026
359,99	1486,44359
360,25	1436,42692
360,52	1417,21026
360,78	1421,76026
361,04	1423,62692
361,31	1406,67692
361,57	1389,09359
361,84	1372,82692
362,10	1376,29359
362,36	1379,76026
362,63	1391,76026
362,89	1388,44359
363,16	1395,37692
363,42	1399,79359
363,68	1402,06026
363,95	1409,46026
364,21	1384,14359
364,47	1376,17692
364,74	1347,31026
365,00	1319,27692
365,27	1280,99359
365,53	1258,17692
365,79	1257,54359
366,06	1267,29359
366,32	1275,09359
366,59	1239,59359
366,85	1217,86026
367,11	1184,82692
367,38	1190,96026
367,64	1186,81026
367,91	1187,01026
368,17	1175,82692
368,43	1158,19359
368,70	1158,12692
368,96	1155,97692
369,22	1189,74359
369,49	1199,31026
369,75	1206,94359
370,02	1197,76026
370,28	1193,62692
370,54	1205,02692
370,81	1200,74359
371,07	1208,36026
371,33	1246,71026
371,60	1230,42692
371,86	1216,31026
372,13	1170,44359
372,39	1182,36026
372,65	1199,09359
372,92	1211,77692
373,18	1230,41026
373,44	1221,77692
373,71	1201,59359
373,97	1179,16026
374,23	1181,37692
374,50	1222,16026
374,76	1236,74359
375,03	1248,26026
375,29	1238,07692
375,55	1242,01026
375,82	1237,96026
376,08	1232,62692
376,34	1262,36026
376,61	1248,47692
376,87	1236,49359
377,13	1195,19359
377,40	1217,47692
377,66	1255,59359
377,92	1294,76026
378,19	1313,79359
378,45	1320,06026
378,72	1304,94359
378,98	1305,46026
379,24	1294,46026
379,51	1313,14359
379,77	1317,41026
380,03	1300,22692
380,30	1324,62692
380,56	1333,76026
380,82	1385,26026
381,09	1387,94359
381,35	1402,46026
381,61	1375,87692
381,88	1373,94359
382,14	1374,26026
382,40	1388,81026
382,67	1378,62692
382,93	1363,07692
383,19	1352,24359
383,46	1350,81026
383,72	1360,96026
383,98	1368,91026
384,25	1385,32692
384,51	1395,46026
384,77	1394,99359
385,04	1399,32692
385,30	1392,32692
385,56	1429,34359
385,83	1452,59359
386,09	1477,21026
386,35	1484,41026
386,62	1489,79359
386,88	1515,67692
387,14	1524,81026
387,41	1530,46026
387,67	1547,24359
387,93	1575,31026
388,20	1605,31026
388,46	1614,27692
388,72	1617,32692
388,99	1618,49359
389,25	1617,81026
389,51	1622,14359
389,78	1635,41026
390,04	1673,77692
390,30	1735,62692
390,56	1768,89359
390,83	1748,37692
391,09	1685,09359
391,35	1615,82692
391,62	1585,41026
391,88	1574,44359
392,14	1583,67692
392,41	1575,64359
392,67	1543,42692
392,93	1524,99359
393,20	1493,89359
393,46	1495,66026
393,72	1465,74359
393,99	1452,19359
394,25	1443,31026
394,51	1426,19359
394,77	1443,61026
395,04	1438,22692
395,30	1467,71026
395,56	1473,29359
395,83	1468,12692
396,09	1463,91026
396,35	1476,59359
396,62	1483,57692
396,88	1516,71026
397,14	1503,52692
397,40	1559,39359
397,67	1570,59359
397,93	1599,27692
398,19	1602,74359
398,46	1619,67692
398,72	1651,09359
398,98	1660,87692
399,24	1677,37692
399,51	1698,59359
399,77	1725,04359
400,03	1734,84359
400,30	1722,44359
400,56	1753,92692
400,82	1750,44359
401,08	1727,14359
401,35	1667,01026
401,61	1657,41026
401,87	1656,32692
402,14	1672,62692
402,40	1664,07692
402,66	1665,11026
402,92	1618,76026
403,19	1599,82692
403,45	1613,94359
403,71	1635,71026
403,98	1659,24359
404,24	1658,41026
404,50	1677,09359
404,76	1722,29359
405,03	1769,44359
405,29	1822,24359
405,55	1853,77692
405,81	1913,81026
406,08	1938,64359
406,34	1949,02692
406,60	1950,47692
406,87	2007,72692
407,13	2084,91026
407,39	2090,29359
407,65	2015,89359
407,92	1899,64359
408,18	1828,49359
408,44	1804,81026
408,70	1784,47692
408,97	1776,32692
409,23	1762,64359
409,49	1740,71026
409,75	1704,64359
410,02	1666,49359
410,28	1632,26026
410,54	1615,54359
410,80	1612,51026
411,07	1618,81026
411,33	1622,46026
411,59	1588,37692
411,85	1598,84359
412,12	1598,21026
412,38	1614,92692
412,64	1598,19359
412,90	1582,97692
413,17	1578,57692
413,43	1564,31026
413,69	1568,52692
413,95	1562,52692
414,22	1552,77692
414,48	1518,72692
414,74	1495,66026
415,00	1502,41026
415,27	1511,07692
415,53	1529,44359
415,79	1515,09359
416,05	1513,32692
416,32	1505,89359
416,58	1532,59359
416,84	1551,59359
417,10	1538,42692
417,37	1521,91026
417,63	1509,36026
417,89	1527,27692
418,15	1518,32692
418,41	1510,71026
418,68	1511,01026
418,94	1526,22692
419,20	1523,91026
419,46	1532,06026
419,73	1527,14359
419,99	1544,69359
420,25	1529,87692
420,51	1579,92692
420,78	1567,69359
421,04	1546,56026
421,30	1478,91026
421,56	1487,02692
421,82	1503,24359
422,09	1528,57692
422,35	1513,37692
422,61	1523,56026
422,87	1608,34359
423,14	1610,87692
423,40	1614,51026
423,66	1515,56026
423,92	1539,19359
424,18	1537,29359
424,45	1532,46026
424,71	1506,16026
424,97	1504,59359
425,23	1498,37692
425,49	1491,86026
425,76	1493,27692
426,02	1507,71026
426,28	1521,72692
426,54	1500,29359
426,81	1486,46026
427,07	1466,57692
427,33	1454,86026
427,59	1450,51026
427,85	1445,41026
428,12	1455,26026
428,38	1450,46026
428,64	1438,17692
428,90	1422,37692
429,16	1420,74359
429,43	1427,46026
429,69	1432,92692
429,95	1441,11026
430,21	1459,06026
430,47	1495,74359
430,74	1491,92692
431,00	1493,19359
431,26	1469,34359
431,52	1489,14359
431,78	1510,82692
432,05	1565,12692
432,31	1615,42692
432,57	1605,79359
432,83	1555,46026
433,09	1496,46026
433,35	1495,17692
433,62	1492,14359
433,88	1491,41026
434,14	1481,94359
434,40	1486,62692
434,66	1501,07692
434,93	1497,99359
435,19	1510,31026
435,45	1504,51026
435,71	1544,77692
435,97	1553,04359
436,23	1545,81026
436,50	1518,79359
436,76	1501,89359
437,02	1505,34359
437,28	1489,07692
437,54	1494,72692
437,81	1479,52692
438,07	1476,76026
438,33	1460,42692
438,59	1455,47692
438,85	1463,86026
439,11	1447,44359
439,38	1473,56026
439,64	1466,72692
439,90	1491,06026
440,16	1488,22692
440,42	1501,26026
440,68	1519,67692
440,95	1517,41026
441,21	1551,47692
441,47	1579,31026
441,73	1602,19359
441,99	1613,76026
442,25	1609,02692
442,52	1637,04359
442,78	1626,01026
443,04	1643,46026
443,30	1646,04359
443,56	1681,72692
443,82	1700,72692
444,08	1729,12692
444,35	1743,04359
444,61	1739,81026
444,87	1705,81026
445,13	1699,94359
445,39	1671,57692
445,65	1674,76026
445,92	1619,16026
446,18	1615,44359
446,44	1597,31026
446,70	1604,04359
446,96	1608,36026
447,22	1625,24359
447,48	1641,32692
447,75	1654,09359
448,01	1667,46026
448,27	1650,04359
448,53	1635,17692
448,79	1633,17692
449,05	1655,46026
449,31	1672,36026
449,58	1677,31026
449,84	1656,92692
450,10	1620,12692
450,36	1549,34359
450,62	1515,92692
450,88	1492,87692
451,14	1476,86026
451,41	1453,06026
451,67	1424,32692
451,93	1424,89359
452,19	1434,66026
452,45	1454,57692
452,71	1453,01026
452,97	1428,39359
453,23	1430,82692
453,50	1433,52692
453,76	1443,24359
454,02	1433,31026
454,28	1426,04359
454,54	1429,14359
454,80	1430,02692
455,06	1425,39359
455,32	1422,27692
455,59	1409,27692
455,85	1413,01026
456,11	1420,81026
456,37	1432,04359
456,63	1440,84359
456,89	1442,87692
457,15	1474,09359
457,41	1491,09359
457,68	1524,71026
457,94	1512,04359
458,20	1530,91026
458,46	1547,52692
458,72	1589,52692
458,98	1629,71026
459,24	1663,41026
459,50	1706,64359
459,76	1734,81026
460,03	1751,01026
460,29	1777,37692
460,55	1809,92692
460,81	1851,94359
461,07	1870,19359
461,33	1925,27692
461,59	1978,44359
461,85	1982,67692
462,11	1964,77692
462,37	1941,84359
462,64	1963,12692
462,90	1960,94359
463,16	1973,52692
463,42	2000,26026
463,68	2008,61026
463,94	1991,37692
464,20	1954,51026
464,46	1915,82692
464,72	1911,61026
464,98	1879,56026
465,24	1885,49359
465,51	1845,21026
465,77	1835,81026
466,03	1776,77692
466,29	1740,84359
466,55	1701,01026
466,81	1687,34359
467,07	1686,72692
467,33	1679,11026
467,59	1699,84359
467,85	1676,27692
468,11	1649,99359
468,38	1606,99359
468,64	1617,11026
468,90	1610,07692
469,16	1616,77692
469,42	1595,26026
469,68	1599,84359
469,94	1608,56026
470,20	1618,49359
470,46	1620,14359
470,72	1608,84359
470,98	1594,87692
471,24	1604,41026
471,50	1607,14359
471,77	1618,32692
472,03	1622,11026
472,29	1599,97692
472,55	1599,56026
472,81	1609,32692
473,07	1628,76026
473,33	1608,96026
473,59	1599,51026
473,85	1590,96026
474,11	1609,39359
474,37	1608,22692
474,63	1613,57692
474,89	1645,41026
475,15	1673,14359
475,41	1724,26026
475,68	1734,17692
475,94	1763,76026
476,20	1776,89359
476,46	1826,44359
476,72	1842,92692
476,98	1886,76026
477,24	1911,26026
477,50	1982,34359
477,76	2107,32692
478,02	2294,91026
478,28	2481,44359
478,54	2607,84359
478,80	2723,77692
479,06	2820,84359
479,32	2927,99359
479,58	3020,47692
479,84	3188,59359
480,10	3211,49359
480,36	3106,49359
480,63	2867,02692
480,89	2685,01026
481,15	2584,47692
481,41	2500,86026
481,67	2465,04359
481,93	2405,16026
482,19	2331,12692
482,45	2258,66026
482,71	2196,44359
482,97	2159,84359
483,23	2128,54359
483,49	2116,19359
483,75	2128,71026
484,01	2134,67692
484,27	2134,61026
484,53	2147,27692
484,79	2193,99359
485,05	2204,44359
485,31	2213,76026
485,57	2175,74359
485,83	2197,26026
486,09	2192,87692
486,35	2217,12692
486,61	2214,41026
486,87	2235,42692
487,13	2256,81026
487,39	2295,47692
487,65	2322,56026
487,91	2336,96026
488,17	2331,91026
488,43	2328,02692
488,70	2348,86026
488,96	2383,49359
489,22	2398,24359
489,48	2420,21026
489,74	2439,22692
490,00	2482,11026
490,26	2491,31026
490,52	2529,09359
490,78	2554,46026
491,04	2580,56026
491,30	2593,57692
491,56	2599,26026
491,82	2599,32692
492,08	2600,09359
492,34	2633,32692
492,60	2674,14359
492,86	2704,81026
493,12	2729,56026
493,38	2767,16026
493,64	2810,76026
493,90	2838,24359
494,16	2850,37692
494,42	2867,96026
494,68	2900,66026
494,94	2970,51026
495,20	3032,06026
495,46	3077,66026
495,72	3089,62692
495,98	3106,86026
496,24	3120,86026
496,50	3163,92692
496,76	3233,34359
497,02	3301,12692
497,28	3370,37692
497,54	3456,62692
497,80	3554,49359
498,06	3654,56026
498,32	3731,79359
498,58	3867,51026
498,84	4004,07692
499,10	4165,94359
499,36	4322,51026
499,62	4497,14359
499,88	4658,67692
500,14	4761,47692
500,40	4829,69359
500,66	4887,91026
500,92	4924,16026
501,18	4881,69359
501,44	4758,89359
501,69	4609,41026
501,95	4473,34359
502,21	4337,06026
502,47	4191,69359
502,73	4054,09359
502,99	3949,87692
503,25	3868,22692
503,51	3811,54359
503,77	3736,34359
504,03	3697,39359
504,29	3668,36026
504,55	3652,61026
504,81	3608,16026
505,07	3548,34359
505,33	3505,37692
505,59	3467,99359
505,85	3456,71026
506,11	3427,57692
506,37	3394,22692
506,63	3340,56026
506,89	3322,89359
507,15	3323,56026
507,41	3298,57692
507,67	3265,56026
507,93	3225,26026
508,19	3209,36026
508,45	3202,91026
508,71	3185,76026
508,97	3175,01026
509,23	3152,09359
509,49	3177,27692
509,74	3201,27692
510,00	3209,36026
510,26	3198,74359
510,52	3171,76026
510,78	3181,56026
511,04	3162,51026
511,30	3204,67692
511,56	3198,21026
511,82	3207,57692
512,08	3178,04359
512,34	3209,72692
512,60	3210,36026
512,86	3242,04359
513,12	3245,47692
513,38	3291,77692
513,64	3343,29359
513,90	3387,57692
514,16	3464,51026
514,42	3511,82692
514,67	3549,76026
514,93	3562,12692
515,19	3565,66026
515,45	3566,92692
515,71	3547,64359
515,97	3537,57692
516,23	3526,32692
516,49	3522,76026
516,75	3532,31026
517,01	3542,26026
517,27	3538,19359
517,53	3523,22692
517,79	3518,31026
518,05	3514,92692
518,31	3513,14359
518,56	3494,22692
518,82	3469,92692
519,08	3406,66026
519,34	3356,34359
519,60	3298,67692
519,86	3291,66026
520,12	3259,87692
520,38	3237,26026
520,64	3216,39359
520,90	3223,06026
521,16	3230,49359
521,42	3248,64359
521,68	3304,97692
521,93	3455,82692
522,19	3598,61026
522,45	3743,44359
522,71	3797,62692
522,97	3851,69359
523,23	3868,04359
523,49	4003,52692
523,75	4138,97692
524,01	4104,86026
524,27	3869,01026
524,53	3611,94359
524,79	3485,92692
525,04	3419,72692
525,30	3330,09359
525,56	3260,07692
525,82	3202,97692
526,08	3182,77692
526,34	3148,74359
526,60	3166,16026
526,86	3144,71026
527,12	3141,62692
527,38	3087,86026
527,63	3069,76026
527,89	3054,87692
528,15	3047,81026
528,41	3032,57692
528,67	3026,02692
528,93	3036,21026
529,19	3025,24359
529,45	3015,07692
529,71	3003,61026
529,97	3024,37692
530,22	3054,71026
530,48	3080,21026
530,74	3084,37692
531,00	3099,47692
531,26	3123,22692
531,52	3143,64359
531,78	3128,77692
532,04	3123,82692
532,30	3120,57692
532,55	3151,46026
532,81	3146,71026
533,07	3127,69359
533,33	3096,32692
533,59	3060,34359
533,85	3032,91026
534,11	3051,52692
534,37	3064,64359
534,62	3085,97692
534,88	3031,11026
535,14	3005,04359
535,40	2993,77692
535,66	3017,52692
535,92	3025,47692
536,18	3040,14359
536,44	3032,36026
536,69	3025,54359
536,95	3020,36026
537,21	3034,47692
537,47	3064,36026
537,73	3083,97692
537,99	3068,32692
538,25	3052,26026
538,51	3022,51026
538,76	3020,19359
539,02	3019,07692
539,28	3037,89359
539,54	3034,07692
539,80	3017,24359
540,06	3001,81026
540,32	3020,96026
540,57	3043,34359
540,83	3057,97692
541,09	3030,17692
541,35	3001,86026
541,61	2982,34359
541,87	2977,96026
542,13	3006,21026
542,38	3014,52692
542,64	3014,16026
542,90	2997,19359
543,16	2957,47692
543,42	2960,64359
543,68	2931,96026
543,94	2936,89359
544,19	2921,52692
544,45	2934,82692
544,71	2935,24359
544,97	2942,37692
545,23	2925,36026
545,49	2932,94359
545,74	2911,26026
546,00	2927,47692
546,26	2888,26026
546,52	2920,06026
546,78	2927,57692
547,04	2960,36026
547,29	2938,31026
547,55	2918,97692
547,81	2913,54359
548,07	2920,86026
548,33	2923,46026
548,59	2937,34359
548,84	2948,82692
549,10	2947,61026
549,36	2950,44359
549,62	2948,09359
549,88	2964,47692
550,14	2964,89359
550,39	2960,31026
550,65	2977,84359
550,91	2996,19359
551,17	3009,02692
551,43	3009,41026
551,69	3011,76026
551,94	3043,09359
552,20	3061,32692
552,46	3093,16026
552,72	3091,71026
552,98	3093,54359
553,24	3076,96026
553,49	3075,16026
553,75	3068,46026
554,01	3067,22692
554,27	3070,51026
554,53	3084,69359
554,78	3082,44359
555,04	3070,09359
555,30	3056,06026
555,56	3041,84359
555,82	3056,49359
556,07	3066,36026
556,33	3078,46026
556,59	3073,41026
556,85	3080,31026
557,11	3117,46026
557,37	3128,84359
557,62	3113,91026
557,88	3085,92692
558,14	3107,49359
558,40	3111,04359
558,66	3113,61026
558,91	3081,16026
559,17	3086,39359
559,43	3091,04359
559,69	3074,84359
559,95	3045,12692
560,20	3010,34359
560,46	3013,61026
560,72	3018,32692
560,98	3032,26026
561,24	2993,74359
561,49	2980,86026
561,75	2950,96026
562,01	2965,34359
562,27	2970,91026
562,52	2977,12692
562,78	2981,59359
563,04	2995,69359
563,30	3000,92692
563,56	3018,99359
563,81	3048,94359
564,07	3117,56026
564,33	3214,11026
564,59	3283,12692
564,85	3352,52692
565,10	3446,06026
565,36	3533,67692
565,62	3629,51026
565,88	3663,24359
566,13	3761,37692
566,39	3831,42692
566,65	3902,56026
566,91	3921,72692
567,17	3915,56026
567,42	3937,57692
567,68	3895,56026
567,94	3872,06026
568,20	3801,17692
568,45	3758,36026
568,71	3679,79359
568,97	3568,39359
569,23	3497,24359
569,49	3410,82692
569,74	3352,52692
570,00	3245,11026
570,26	3199,77692
570,52	3158,67692
570,77	3155,69359
571,03	3143,04359
571,29	3134,91026
571,55	3114,86026
571,80	3057,94359
572,06	3010,81026
572,32	2973,24359
572,58	2992,22692
572,83	2981,57692
573,09	2956,84359
573,35	2922,72692
573,61	2892,87692
573,86	2880,06026
574,12	2849,76026
574,38	2853,79359
574,64	2838,14359
574,89	2856,84359
575,15	2885,96026
575,41	2899,87692
575,67	2894,01026
575,92	2863,54359
576,18	2871,61026
576,44	2871,42692
576,70	2862,29359
576,95	2832,17692
577,21	2802,49359
577,47	2784,11026
577,73	2779,71026
577,98	2755,84359
578,24	2741,07692
578,50	2712,41026
578,76	2704,14359
579,01	2674,39359
579,27	2656,01026
579,53	2658,94359
579,79	2639,54359
580,04	2618,62692
580,30	2561,77692
580,56	2535,59359
580,81	2521,57692
581,07	2525,69359
581,33	2529,42692
581,59	2531,31026
581,84	2557,76026
582,10	2600,09359
582,36	2660,89359
582,62	2738,52692
582,87	2822,31026
583,13	2926,41026
583,39	2973,54359
583,64	3019,09359
583,90	3008,51026
584,16	3065,82692
584,42	3111,49359
584,67	3114,14359
584,93	3041,94359
585,19	2932,07692
585,45	2868,21026
585,70	2816,61026
585,96	2800,67692
586,22	2774,82692
586,47	2743,96026
586,73	2740,22692
586,99	2740,21026
587,25	2751,21026
587,50	2715,39359
587,76	2679,71026
588,02	2662,41026
588,27	2673,62692
588,53	2706,31026
588,79	2703,59359
589,04	2686,81026
589,30	2695,02692
589,56	2702,17692
589,82	2716,71026
590,07	2704,04359
590,33	2702,76026
590,59	2702,84359
590,84	2708,56026
591,10	2722,61026
591,36	2745,77692
591,61	2751,66026
591,87	2780,71026
592,13	2797,16026
592,39	2829,59359
592,64	2850,96026
592,90	2857,62692
593,16	2875,29359
593,41	2882,04359
593,67	2901,04359
593,93	2887,91026
594,18	2896,72692
594,44	2912,32692
594,70	2918,79359
594,95	2919,64359
595,21	2922,24359
595,47	2910,44359
595,73	2883,87692
595,98	2847,49359
596,24	2829,09359
596,50	2777,97692
596,75	2732,24359
597,01	2676,69359
597,27	2614,26026
597,52	2541,47692
597,78	2471,67692
598,04	2433,57692
598,29	2365,09359
598,55	2340,89359
598,81	2295,31026
599,06	2292,66026
599,32	2252,46026
599,58	2255,57692
599,83	2221,17692
600,09	2214,39359
600,35	2192,39359
600,60	2189,61026
600,86	2185,36026
601,12	2175,49359
601,37	2176,51026
601,63	2145,91026
601,89	2125,96026
602,14	2105,94359
602,40	2105,22692
602,66	2094,51026
602,91	2074,52692
603,17	2078,97692
603,43	2090,66026
603,68	2109,79359
603,94	2084,57692
604,20	2067,36026
604,45	2040,47692
604,71	2040,24359
604,97	2038,02692
605,22	2044,52692
605,48	2048,27692
605,74	2056,87692
605,99	2060,97692
606,25	2054,82692
606,51	2044,89359
606,76	2022,76026
607,02	2038,17692
607,27	2020,57692
607,53	2034,31026
607,79	2017,59359
608,04	2008,62692
608,30	1988,51026
608,56	1966,41026
608,81	1979,81026
609,07	1980,44359
609,33	2006,41026
609,58	2016,84359
609,84	2013,87692
610,10	1997,22692
610,35	1963,51026
610,61	1955,46026
610,86	1939,29359
611,12	1942,27692
611,38	1939,27692
611,63	1932,51026
611,89	1932,87692
612,15	1938,69359
612,40	1931,27692
612,66	1915,72692
612,92	1889,99359
613,17	1917,87692
613,43	1929,59359
613,68	1943,97692
613,94	1920,46026
614,20	1909,22692
614,45	1902,96026
614,71	1927,61026
614,97	1922,22692
615,22	1928,12692
615,48	1915,91026
615,73	1933,37692
615,99	1941,49359
616,25	1949,29359
616,50	1964,01026
616,76	1965,99359
617,01	1972,81026
617,27	1947,71026
617,53	1945,99359
617,78	1967,02692
618,04	1989,82692
618,30	2003,01026
618,55	1962,47692
618,81	1954,36026
619,06	1927,84359
619,32	1929,54359
619,58	1918,27692
619,83	1927,74359
620,09	1917,27692
620,34	1916,69359
620,60	1903,14359
620,86	1904,74359
621,11	1897,22692
621,37	1917,62692
621,62	1911,81026
621,88	1895,51026
622,14	1863,26026
622,39	1870,59359
622,65	1879,81026
622,90	1879,64359
623,16	1884,59359
623,42	1890,91026
623,67	1886,67692
623,93	1887,12692
624,18	1876,57692
624,44	1908,94359
624,70	1914,46026
624,95	1916,87692
625,21	1902,76026
625,46	1884,71026
625,72	1904,86026
625,98	1899,94359
626,23	1927,09359
626,49	1939,04359
626,74	1988,64359
627,00	2024,57692
627,25	2054,47692
627,51	2068,51026
627,77	2060,74359
628,02	2054,27692
628,28	2072,37692
628,53	2097,77692
628,79	2101,52692
629,04	2044,42692
629,30	2000,42692
629,56	1984,04359
629,81	1974,32692
630,07	1971,81026
630,32	1959,96026
630,58	1989,96026
630,83	1971,44359
631,09	1958,87692
631,35	1930,06026
631,60	1930,86026
631,86	1928,46026
632,11	1923,97692
632,37	1892,59359
632,62	1868,96026
632,88	1845,94359
633,14	1842,97692
633,39	1836,79359
633,65	1854,26026
633,90	1866,97692
634,16	1858,72692
634,41	1824,39359
634,67	1811,07692
634,93	1823,11026
635,18	1834,41026
635,44	1813,22692
635,69	1796,56026
635,95	1798,67692
636,20	1830,76026
636,46	1832,92692
636,71	1830,46026
636,97	1814,49359
637,22	1821,69359
637,48	1808,07692
637,74	1816,42692
637,99	1820,59359
638,25	1840,17692
638,50	1830,04359
638,76	1834,32692
639,01	1820,57692
639,27	1810,76026
639,52	1803,52692
639,78	1805,42692
640,03	1811,51026
640,29	1799,39359
640,55	1802,57692
640,80	1804,52692
641,06	1801,41026
641,31	1821,11026
641,57	1829,06026
641,82	1855,86026
642,08	1860,06026
642,33	1874,36026
642,59	1892,16026
642,84	1902,31026
643,10	1897,69359
643,35	1885,66026
643,61	1878,99359
643,87	1888,07692
644,12	1889,84359
644,38	1872,11026
644,63	1869,37692
644,89	1877,21026
645,14	1884,42692
645,40	1873,46026
645,65	1874,02692
645,91	1868,21026
646,16	1893,24359
646,42	1898,09359
646,67	1903,89359
646,93	1903,06026
647,18	1908,29359
647,44	1922,91026
647,69	1930,39359
647,95	1925,57692
648,20	1936,69359
648,46	1941,07692
648,71	1956,71026
648,97	1961,96026
649,22	1972,11026
649,48	1975,26026
649,73	1972,22692
649,99	1961,01026
650,24	1978,02692
650,50	1983,21026
650,75	1987,89359
651,01	1970,99359
651,26	1977,84359
651,52	1972,41026
651,77	1974,12692
652,03	1980,34359
652,28	1991,42692
652,54	2024,99359
652,79	2064,74359
653,05	2108,79359
653,30	2134,76026
653,56	2146,94359
653,81	2180,74359
654,07	2233,04359
654,32	2306,89359
654,58	2397,12692
654,83	2506,19359
655,09	2604,96026
655,34	2716,26026
655,60	2817,31026
655,85	2910,84359
656,11	3001,67692
656,36	3044,32692
656,62	3066,97692
656,87	3036,29359
657,13	2977,96026
657,38	2913,06026
657,64	2826,16026
657,89	2736,87692
658,15	2603,54359
658,40	2478,24359
658,66	2385,49359
658,91	2313,74359
659,17	2252,21026
659,42	2190,77692
659,68	2142,97692
659,93	2093,04359
660,19	2046,92692
660,44	2029,67692
660,70	2016,37692
660,95	1994,74359
661,20	1957,76026
661,46	1921,02692
661,71	1892,04359
661,97	1861,06026
662,22	1844,26026
662,48	1825,32692
662,73	1806,36026
662,99	1798,91026
663,24	1788,44359
663,50	1764,76026
663,75	1744,89359
664,01	1706,07692
664,26	1723,01026
664,52	1701,46026
664,77	1716,91026
665,02	1710,67692
665,28	1714,06026
665,53	1700,77692
665,79	1698,26026
666,04	1695,54359
666,30	1690,01026
666,55	1680,64359
666,81	1660,31026
667,06	1656,52692
667,32	1645,72692
667,57	1635,94359
667,82	1618,79359
668,08	1609,29359
668,33	1598,02692
668,59	1580,11026
668,84	1572,32692
669,10	1562,89359
669,35	1617,82692
669,61	1579,74359
669,86	1588,29359
670,11	1516,34359
670,37	1539,61026
670,62	1528,27692
670,88	1539,31026
671,13	1508,87692
671,39	1484,97692
671,64	1468,02692
671,90	1470,37692
672,15	1470,11026
672,40	1453,57692
672,66	1427,82692
672,91	1426,12692
673,17	1420,26026
673,42	1423,42692
673,68	1405,34359
673,93	1392,02692
674,18	1385,89359
674,44	1372,84359
674,69	1373,71026
674,95	1375,86026
675,20	1375,19359
675,46	1364,71026
675,71	1339,11026
675,96	1344,01026
676,22	1335,07692
676,47	1341,97692
676,73	1335,54359
676,98	1334,46026
677,23	1339,36026
677,49	1347,19359
677,74	1366,11026
678,00	1344,52692
678,25	1334,46026
678,51	1331,46026
678,76	1323,27692
679,01	1319,82692
679,27	1293,49359
679,52	1293,16026
679,78	1282,44359
680,03	1284,66026
680,28	1277,54359
680,54	1261,02692
680,79	1237,59359
681,05	1230,91026
681,30	1220,51026
681,55	1222,97692
681,81	1226,69359
682,06	1244,16026
682,32	1247,76026
682,57	1249,59359
682,82	1233,56026
683,08	1224,14359
683,33	1194,06026
683,59	1201,46026
683,84	1189,01026
684,09	1204,34359
684,35	1190,26026
684,60	1203,12692
684,86	1194,76026
685,11	1209,97692
685,36	1207,96026
685,62	1224,24359
685,87	1187,17692
686,13	1172,41026
686,38	1146,31026
686,63	1169,61026
686,89	1191,17692
687,14	1226,11026
687,40	1217,99359
687,65	1214,59359
687,90	1197,57692
688,16	1200,22692
688,41	1193,57692
688,66	1183,26026
688,92	1188,07692
689,17	1175,21026
689,43	1170,71026
689,68	1171,09359
689,93	1181,76026
690,19	1183,51026
690,44	1163,24359
690,69	1140,24359
690,95	1131,71026
691,20	1136,49359
691,46	1128,54359
691,71	1133,04359
691,96	1127,27692
692,22	1131,11026
692,47	1109,61026
692,72	1092,81026
692,98	1090,71026
693,23	1097,22692
693,49	1113,96026
693,74	1114,14359
693,99	1121,36026
694,25	1111,81026
694,50	1112,44359
694,75	1102,62692
695,01	1080,92692
695,26	1082,87692
695,51	1081,24359
695,77	1080,62692
696,02	1072,44359
696,27	1066,99359
696,53	1084,17692
696,78	1090,41026
697,04	1095,64359
697,29	1080,66026
697,54	1067,24359
697,80	1049,31026
698,05	1050,49359
698,30	1038,79359
698,56	1034,71026
698,81	1032,42692
699,06	1036,02692
699,32	1032,44359
699,57	1032,14359
699,82	1043,67692
700,08	1038,69359
700,33	1029,72692
700,58	1011,71026
700,84	1014,37692
701,09	1006,72692
701,34	1003,91026
701,60	1007,34359
701,85	1011,39359
702,10	1015,42692
702,36	1021,21026
702,61	1007,31026
702,86	994,52692
703,12	966,24359
703,37	969,14359
703,62	959,94359
703,88	957,12692
704,13	944,27692
704,38	947,22692
704,64	970,42692
704,89	974,12692
705,14	988,91026
705,40	975,56026
705,65	979,32692
705,90	953,51026
706,16	931,09359
706,41	925,39359
706,66	924,69359
706,92	924,32692
707,17	931,22692
707,42	950,64359
707,68	942,09359
707,93	929,86026
708,18	916,37692
708,44	941,12692
708,69	944,11026
708,94	938,22692
709,19	924,51026
709,45	929,44359
709,70	915,02692
709,95	910,74359
710,21	887,54359
710,46	883,22692
710,71	898,89359
710,97	897,49359
711,22	905,54359
711,47	881,54359
711,73	887,41026
711,98	885,56026
712,23	881,97692
712,48	874,44359
712,74	871,86026
712,99	869,94359
713,24	860,41026
713,50	865,36026
713,75	890,62692
714,00	911,74359
714,26	913,04359
714,51	914,22692
714,76	934,32692
715,01	951,51026
715,27	982,91026
715,52	987,46026
715,77	1001,32692
716,03	984,49359
716,28	987,44359
716,53	1000,61026
716,78	995,26026
717,04	986,14359
717,29	965,94359
717,54	954,01026
717,80	925,99359
718,05	902,02692
718,30	881,52692
718,55	878,19359
718,81	861,14359
719,06	861,69359
719,31	852,16026
719,57	836,61026
719,82	826,39359
720,07	827,21026
720,32	823,29359
720,58	824,31026
720,83	814,36026
721,08	816,61026
721,33	804,66026
721,59	811,42692
721,84	817,92692
722,09	826,19359
722,35	820,44359
722,60	808,64359
722,85	800,54359
723,10	785,16026
723,36	782,22692
723,61	770,44359
723,86	776,81026
724,11	787,22692
724,37	777,62692
724,62	768,76026
724,87	754,57692
725,12	757,17692
725,38	755,27692
725,63	751,36026
725,88	741,96026
726,13	740,52692
726,39	722,97692
726,64	739,47692
726,89	738,39359
727,14	742,39359
727,40	737,36026
727,65	740,21026
727,90	757,72692
728,15	760,14359
728,41	746,71026
728,66	746,24359
728,91	730,79359
729,16	733,09359
729,42	729,97692
729,67	732,09359
729,92	714,42692
730,17	701,49359
730,43	705,06026
730,68	724,12692
730,93	724,12692
731,18	715,52692
731,44	706,69359
731,69	696,64359
731,94	698,16026
732,19	708,12692
732,45	717,76026
732,70	732,06026
732,95	713,49359
733,20	694,76026
733,45	683,31026
733,71	692,57692
733,96	693,44359
734,21	695,21026
734,46	689,17692
734,72	693,97692
734,97	689,62692
735,22	682,86026
735,47	683,61026
735,72	676,51026
735,98	677,72692
736,23	681,56026
736,48	688,62692
736,73	694,86026
736,99	685,82692
737,24	686,11026
737,49	682,61026
737,74	690,56026
737,99	708,09359
738,25	711,77692
738,50	712,62692
738,75	684,06026
739,00	689,47692
739,25	696,69359
739,51	697,21026
739,76	699,96026
740,01	705,01026
740,26	726,09359
740,52	740,79359
740,77	781,19359
741,02	811,17692
741,27	850,82692
741,52	889,77692
741,78	943,39359
742,03	986,11026
742,28	1003,92692
742,53	1031,26026
742,78	1083,76026
743,04	1185,86026
743,29	1303,42692
743,54	1396,16026
743,79	1412,92692
744,04	1383,47692
744,30	1350,29359
744,55	1334,09359
744,80	1373,72692
745,05	1405,27692
745,30	1429,62692
745,55	1422,14359
745,81	1488,21026
746,06	1585,34359
746,31	1671,31026
746,56	1680,26026
746,81	1664,79359
747,07	1642,01026
747,32	1645,01026
747,57	1686,32692
747,82	1668,84359
748,07	1581,69359
748,32	1398,72692
748,58	1253,31026
748,83	1127,26026
749,08	1057,49359
749,33	998,92692
749,58	975,56026
749,84	963,76026
750,09	969,36026
750,34	987,86026
750,59	1009,01026
750,84	993,97692
751,09	987,06026
751,35	954,49359
751,60	961,72692
751,85	933,71026
752,10	895,01026
752,35	855,67692
752,60	804,31026
752,86	774,04359
753,11	718,62692
753,36	685,61026
753,61	657,27692
753,86	631,24359
754,11	620,67692
754,37	594,76026
754,62	596,06026
754,87	588,77692
755,12	610,36026
755,37	612,99359
755,62	611,91026
755,87	579,22692
756,13	562,32692
756,38	553,19359
756,63	569,19359
756,88	589,12692
757,13	585,94359
757,38	585,96026
757,64	555,67692
757,89	550,37692
758,14	554,06026
758,39	551,71026
758,64	567,24359
758,89	553,87692
759,14	571,22692
759,40	561,39359
759,65	555,49359
759,90	543,26026
760,15	529,94359
760,40	508,77692
760,65	496,77692
760,90	494,74359
761,15	502,09359
761,41	510,66026
761,66	503,97692
761,91	516,26026
762,16	503,22692
762,41	522,01026
762,66	508,17692
762,91	517,12692
763,17	511,17692
763,42	516,91026
763,67	525,16026
763,92	523,24359
764,17	523,37692
764,42	507,44359
764,67	509,26026
764,92	519,12692
765,18	519,04359
765,43	496,84359
765,68	498,46026
765,93	506,02692
766,18	514,01026
766,43	502,79359
766,68	504,34359
766,93	499,62692
767,18	490,74359
767,44	487,74359
767,69	483,82692
767,94	498,67692
768,19	488,67692
768,44	490,92692
768,69	488,31026
768,94	502,14359
769,19	503,79359
769,44	506,42692
769,70	487,84359
769,95	491,67692
770,20	494,07692
770,45	518,66026
770,70	527,92692
770,95	524,06026
771,20	504,86026
771,45	520,26026
771,70	520,52692
771,95	529,94359
772,21	533,22692
772,46	543,89359
772,71	556,09359
772,96	561,27692
773,21	568,74359
773,46	595,36026
773,71	609,34359
773,96	621,57692
774,21	637,01026
774,46	664,46026
774,72	708,16026
774,97	752,72692
775,22	811,26026
775,47	921,16026
775,72	1090,17692
775,97	1383,52692
776,22	1790,54359
776,47	2280,22692
776,72	2643,27692
776,97	2783,52692
777,22	2701,81026
777,47	2582,97692
777,73	2570,14359
777,98	2637,46026
778,23	2578,62692
778,48	2279,59359
778,73	1829,94359
778,98	1454,02692
779,23	1199,97692
779,48	1029,76026
779,73	886,29359
779,98	784,72692
780,23	721,41026
780,48	676,01026
780,73	652,91026
780,98	631,29359
781,24	610,21026
781,49	570,21026
781,74	529,94359
781,99	508,46026
782,24	497,37692
782,49	490,77692
782,74	479,96026
782,99	473,99359
783,24	464,37692
783,49	464,21026
783,74	459,07692
783,99	471,11026
784,24	457,76026
784,49	447,11026
784,74	433,79359
784,99	438,36026
785,24	421,99359
785,49	395,64359
785,75	414,99359
786,00	440,69359
786,25	444,94359
786,50	414,14359
786,75	389,01026
787,00	406,09359
787,25	405,94359
787,50	417,36026
787,75	408,01026
788,00	429,51026
788,25	406,47692
788,50	397,59359
788,75	377,29359
789,00	381,96026
789,25	375,91026
789,50	362,77692
789,75	364,69359
790,00	379,52692
790,25	385,59359
790,50	419,79359
790,75	434,17692
791,00	436,17692
791,25	427,34359
791,50	406,11026
791,75	405,71026
792,01	412,51026
792,26	419,47692
792,51	436,27692
792,76	419,99359
793,01	425,92692
793,26	413,36026
793,51	442,87692
793,76	483,84359
794,01	556,06026
794,26	605,77692
794,51	639,12692
794,76	635,32692
795,01	633,64359
795,26	628,87692
795,51	635,26026
795,76	620,61026
796,01	605,34359
796,26	570,22692
796,51	522,57692
796,76	470,31026
797,01	423,72692
797,26	413,17692
797,51	389,02692
797,76	396,09359
798,01	381,41026
798,26	397,89359
798,51	378,32692
798,76	356,14359
799,01	340,66026
799,26	327,39359
799,51	328,81026
799,76	320,59359
800,01	334,49359
800,26	328,91026
800,51	333,11026
800,76	324,26026
801,01	328,52692
801,26	319,52692
801,51	315,09359
801,76	314,76026
802,01	306,39359
802,26	313,51026
802,51	323,66026
802,76	331,86026
803,01	323,96026
803,26	300,31026
803,51	296,76026
803,76	299,97692
804,01	313,06026
804,26	302,44359
804,51	288,74359
804,76	275,86026
805,01	278,69359
805,26	275,32692
805,51	274,91026
805,76	268,64359
806,01	308,99359
806,26	322,06026
806,51	323,59359
806,76	281,21026
807,01	267,57692
807,26	270,01026
807,51	264,56026
807,76	261,54359
808,01	265,57692
808,26	279,42692
808,50	281,02692
808,75	276,81026
809,00	270,14359
809,25	281,17692
809,50	278,52692
809,75	289,06026
810,00	286,61026
810,25	282,01026
810,50	293,47692
810,75	300,01026
811,00	325,24359
811,25	318,49359
811,50	331,07692
811,75	328,99359
812,00	320,67692
812,25	304,76026
812,50	273,57692
812,75	266,94359
813,00	264,47692
813,25	275,77692
813,50	282,61026
813,75	276,59359
814,00	284,56026
814,25	286,02692
814,50	309,39359
814,74	309,04359
814,99	328,82692
815,24	308,59359
815,49	316,24359
815,74	308,21026
815,99	338,14359
816,24	355,69359
816,49	371,64359
816,74	402,01026
816,99	421,54359
817,24	475,84359
817,49	513,32692
817,74	636,22692
817,99	731,46026
818,24	815,37692
818,49	830,17692
818,74	822,37692
818,98	843,56026
819,23	870,37692
819,48	920,96026
819,73	898,21026
819,98	876,57692
820,23	839,91026
820,48	904,22692
820,73	1016,79359
820,98	1161,21026
821,23	1242,54359
821,48	1269,19359
821,73	1269,91026
821,98	1288,11026
822,23	1295,14359
822,47	1277,64359
822,72	1198,56026
822,97	1113,29359
823,22	1028,07692
823,47	971,72692
823,72	917,89359
823,97	865,24359
824,22	804,07692
824,47	723,52692
824,72	675,42692
824,97	634,92692
825,22	603,51026
825,46	543,19359
825,71	487,39359
825,96	436,42692
826,21	395,64359
826,46	362,34359
826,71	340,69359
826,96	339,84359
827,21	323,37692
827,46	311,17692
827,71	285,64359
827,96	273,22692
828,20	269,07692
828,45	265,22692
828,70	267,84359
828,95	255,77692
829,20	252,22692
829,45	246,29359
829,70	245,16026
829,95	239,82692
830,20	233,86026
830,45	246,59359
830,69	244,64359
830,94	242,87692
831,19	233,54359
831,44	215,94359
831,69	219,02692
831,94	208,17692
832,19	220,97692
832,44	202,21026
832,69	199,11026
832,93	199,57692
833,18	217,74359
833,43	210,09359
833,68	197,31026
833,93	195,44359
834,18	203,27692
834,43	211,17692
834,68	201,77692
834,92	191,67692
835,17	191,96026
835,42	198,01026
835,67	212,04359
835,92	200,99359
836,17	190,62692
836,42	176,17692
836,67	158,81026
836,91	172,06026
837,16	180,72692
837,41	182,77692
837,66	196,86026
837,91	213,34359
838,16	224,57692
838,41	206,67692
838,66	180,01026
838,90	195,62692
839,15	189,77692
839,40	199,94359
839,65	185,17692
839,90	181,79359
840,15	191,17692
840,40	186,74359
840,64	205,39359
840,89	190,06026
841,14	208,52692
841,39	202,52692
841,64	208,69359
841,89	217,82692
842,14	208,92692
842,38	246,47692
842,63	259,96026
842,88	281,29359
843,13	281,62692
843,38	328,47692
843,63	404,92692
843,87	514,91026
844,12	583,51026
844,37	619,24359
844,62	588,17692
844,87	564,57692
845,12	580,27692
845,37	576,96026
845,61	537,26026
845,86	447,89359
846,11	379,94359
846,36	322,99359
846,61	293,21026
846,86	267,79359
847,10	257,21026
847,35	258,04359
847,60	243,21026
847,85	232,01026
848,10	205,14359
848,35	202,19359
848,59	201,76026
848,84	186,84359
849,09	190,46026
849,34	181,19359
849,59	187,91026
849,84	161,51026
850,08	166,74359
850,33	156,32692
850,58	160,57692
850,83	161,72692
851,08	153,82692
851,32	148,61026
851,57	143,21026
851,82	169,16026
852,07	175,69359
852,32	189,76026
852,57	163,97692
852,81	180,57692
853,06	160,07692
853,31	182,56026
853,56	163,89359
853,81	161,76026
854,05	156,01026
854,30	152,11026
854,55	154,07692
854,80	145,84359
855,05	183,81026
855,29	189,76026
855,54	202,21026
855,79	182,07692
856,04	187,04359
856,29	193,49359
856,53	208,82692
856,78	210,91026
857,03	201,39359
857,28	196,94359
857,53	201,54359
857,77	223,29359
858,02	215,27692
858,27	217,66026
858,52	217,09359
858,77	229,81026
859,01	244,51026
859,26	253,52692
859,51	265,21026
859,76	254,22692
860,01	254,66026
860,25	246,47692
860,50	258,94359
860,75	245,94359
861,00	249,66026
861,25	239,16026
861,49	244,97692
861,74	252,51026
861,99	271,12692
862,24	316,36026
862,48	361,99359
862,73	391,79359
862,98	383,92692
863,23	389,92692
863,48	403,62692
863,72	419,81026
863,97	408,14359
864,22	381,27692
864,47	334,29359
864,71	298,61026
864,96	299,67692
865,21	308,86026
865,46	308,14359
865,70	295,84359
865,95	290,82692
866,20	313,42692
866,45	355,17692
866,70	413,71026
866,94	497,92692
867,19	596,54359
867,44	756,04359
867,69	887,57692
867,93	955,52692
868,18	955,46026
868,43	936,52692
868,68	923,21026
868,92	874,92692
869,17	785,86026
869,42	705,59359
869,67	628,74359
869,91	574,36026
870,16	517,79359
870,41	510,29359
870,66	530,91026
870,90	562,86026
871,15	550,41026
871,40	522,39359
871,65	485,84359
871,89	461,17692
872,14	427,19359
872,39	394,07692
872,64	356,94359
872,88	314,96026
873,13	266,92692
873,38	229,16026
873,63	229,17692
873,87	219,32692
874,12	192,71026
874,37	158,09359
874,62	150,56026
874,86	162,77692
875,11	164,51026
875,36	158,34359
875,60	139,92692
875,85	139,17692
876,10	140,72692
876,35	149,37692
876,59	138,79359
876,84	126,67692
877,09	128,44359
877,34	132,97692
877,58	127,12692
877,83	117,02692
878,08	107,62692
878,32	104,62692
878,57	94,41026
878,82	107,41026
879,07	105,06026
879,31	111,99359
879,56	101,42692
879,81	101,29359
880,06	94,31026
880,30	82,56026
880,55	110,59359
880,80	119,46026
881,04	128,91026
881,29	135,31026
881,54	147,74359
881,79	144,79359
882,03	108,06026
882,28	111,64359
882,53	118,97692
882,77	133,81026
883,02	117,91026
883,27	111,89359
883,51	96,77692
883,76	99,67692
884,01	108,22692
884,26	103,12692
884,50	94,72692
884,75	70,22692
885,00	75,87692
885,24	75,64359
885,49	81,07692
885,74	97,66026
885,98	77,91026
886,23	70,56026
886,48	58,76026
886,73	88,34359
886,97	102,47692
887,22	89,02692
887,47	67,89359
887,71	55,24359
887,96	56,52692
888,21	69,29359
888,45	78,09359
888,70	94,19359
888,95	79,04359
889,19	72,16026
889,44	61,79359
889,69	72,67692
889,93	55,61026
890,18	66,49359
890,43	69,26026
890,67	90,22692
890,92	67,89359
891,17	76,87692
891,42	86,89359
891,66	114,09359
891,91	109,37692
892,16	105,34359
892,40	107,11026
892,65	99,94359
892,90	88,69359
893,14	73,79359
893,39	72,11026
893,64	69,84359
893,88	51,89359
894,13	69,24359
894,38	81,17692
894,62	86,54359
894,87	63,31026
895,12	44,64359
895,36	51,76026
895,61	54,72692
895,86	61,39359
896,10	54,26026
896,35	49,97692
896,60	37,09359
896,84	36,81026
897,09	43,36026
897,33	62,71026
897,58	65,11026
897,83	65,81026
898,07	57,87692
898,32	62,72692
898,57	65,29359
898,81	78,94359
899,06	92,04359
899,31	120,31026
899,55	118,34359
899,80	96,77692
900,05	67,29359
900,29	57,99359
900,54	84,52692
900,79	83,51026
901,03	86,56026
901,28	77,92692
901,52	98,27692
901,77	120,34359
902,02	132,87692
902,26	112,26026
902,51	101,52692
902,76	79,56026
903,00	103,52692
903,25	103,92692
903,50	130,89359
903,74	133,96026
903,99	156,22692
904,23	183,92692
904,48	211,67692
904,73	241,71026
904,97	246,79359
905,22	255,27692
905,47	235,56026
905,71	227,31026
905,96	201,06026
906,20	195,26026
906,45	174,54359
906,70	165,22692
906,94	150,32692
907,19	136,37692
907,44	118,56026
907,68	98,72692
907,93	95,22692
908,17	71,94359
908,42	78,04359
908,67	62,59359
908,91	88,67692
909,16	95,04359
909,40	92,46026
909,65	74,29359
909,90	60,97692
910,14	64,91026
910,39	54,99359
910,63	60,22692
910,88	72,42692
911,13	103,04359
911,37	98,61026
911,62	83,34359
911,86	63,24359
912,11	63,44359
912,36	72,27692
912,60	74,14359
912,85	85,79359
913,09	83,84359
913,34	95,89359
913,59	65,81026
913,83	72,66026
914,08	55,49359
914,32	79,22692
914,57	75,41026
914,82	89,79359
915,06	84,36026
915,31	77,46026
915,55	75,31026
915,80	82,97692
916,05	73,84359
916,29	53,67692
916,54	37,01026
916,78	54,24359
917,03	72,47692
917,27	72,92692
917,52	56,92692
917,77	56,74359
918,01	60,61026
918,26	55,86026
918,50	42,09359
918,75	36,09359
919,00	40,77692
919,24	42,24359
919,49	31,34359
919,73	42,62692
919,98	36,66026
920,22	51,92692
920,47	43,04359
920,72	39,99359
920,96	34,11026
921,21	34,49359
921,45	45,99359
921,70	40,06026
921,94	47,96026
922,19	54,91026
922,43	58,51026
922,68	82,24359
922,93	81,22692
923,17	79,76026
923,42	40,77692
923,66	39,84359
923,91	40,89359
924,15	53,51026
924,40	52,14359
924,64	53,69359
924,89	53,36026
925,14	60,09359
925,38	66,67692
925,63	89,02692
925,87	102,46026
926,12	130,47692
926,36	127,11026
926,61	130,64359
926,85	209,79359
927,10	210,52692
927,35	204,12692
927,59	125,89359
927,84	111,42692
928,08	117,97692
928,33	98,24359
928,57	103,01026
928,82	99,46026
929,06	102,17692
929,31	99,34359
929,55	84,16026
929,80	85,77692
930,04	78,86026
930,29	72,07692
930,54	62,74359
930,78	59,09359
931,03	52,16026
931,27	59,61026
931,52	58,57692
931,76	64,41026
932,01	38,31026
932,25	34,61026
932,50	49,79359
932,74	56,02692
932,99	75,61026
933,23	55,99359
933,48	64,32692
933,72	50,67692
933,97	45,32692
934,21	67,82692
934,46	79,39359
934,70	100,11026
934,95	75,86026
935,19	44,52692
935,44	23,12692
935,68	21,41026
935,93	37,66026
936,18	45,67692
936,42	44,17692
936,67	36,29359
936,91	45,51026
937,16	71,91026
937,40	72,24359
937,65	50,52692
937,89	33,62692
938,14	44,32692
938,38	70,81026
938,63	96,96026
938,87	121,41026
939,12	149,11026
939,36	184,16026
939,61	196,36026
939,85	177,09359
940,10	121,27692
940,34	98,09359
940,59	81,46026
940,83	64,24359
941,08	59,07692
941,32	60,31026
941,57	73,41026
941,81	47,62692
942,06	36,52692
942,30	28,11026
942,55	40,52692
942,79	26,57692
943,03	26,92692
943,28	32,09359
943,52	66,39359
943,77	50,34359
944,01	26,16026
944,26	-9,83974
944,50	-12,87308
944,75	18,64359
944,99	38,59359
945,24	47,06026
945,48	46,87692
945,73	100,84359
945,97	98,77692
946,22	79,94359
946,46	20,11026
946,71	37,16026
946,95	37,04359
947,20	23,32692
947,44	5,97692
947,69	10,52692
947,93	16,06026
948,17	12,26026
948,42	1,72692
948,66	7,86026
948,91	1,09359
949,15	-4,50641
949,40	-14,53974
949,64	1,82692
949,89	9,21026
950,13	12,52692
950,38	-2,07308
950,62	4,51026
950,87	10,59359
951,11	34,01026
951,35	22,89359
951,60	21,16026
951,84	1,87692
952,09	5,11026
952,33	2,64359
952,58	15,74359
952,82	1,56026
953,07	-4,22308
953,31	-1,70641
953,56	15,64359
953,80	17,82692
954,04	-14,78974
954,29	-35,47308
954,53	-44,22308
954,78	-30,75641
955,02	-18,22308
955,27	-10,28974
955,51	-7,20641
955,76	-5,60641
956,00	-1,73974
956,24	-6,45641
956,49	-1,32308
956,73	3,76026
956,98	10,42692
957,22	29,24359
957,47	37,56026
957,71	26,87692
957,95	19,79359
958,20	15,84359
958,44	39,26026
958,69	20,94359
958,93	14,87692
959,18	6,06026
959,42	21,84359
959,66	12,54359
959,91	-2,02308
960,15	-20,60641
960,40	-17,48974
960,64	-8,75641
960,89	5,89359
961,13	115,52692
961,37	131,77692
961,62	135,47692
961,86	34,36026
962,11	31,26026
962,35	5,77692
962,59	1,81026
962,84	-26,40641
963,08	-5,40641
963,33	-5,50641
963,57	7,57692
963,81	-4,70641
964,06	-3,15641
964,30	13,44359
964,55	-0,72308
964,79	25,76026
965,04	26,59359
965,28	33,41026
965,52	8,02692
965,77	-5,87308
966,01	6,52692
966,26	3,12692
966,50	10,27692
966,74	17,64359
966,99	24,51026
967,23	22,61026
967,48	9,27692
967,72	0,39359
967,96	-15,22308
968,21	-4,12308
968,45	-7,28974
968,69	3,84359
968,94	15,01026
969,18	9,76026
969,43	-3,73974
969,67	-19,98974
969,91	-1,75641
970,16	13,32692
970,40	10,11026
970,65	1,32692
970,89	-18,60641
971,13	-14,82308
971,38	-14,70641
971,62	21,31026
971,86	17,17692
972,11	21,76026
972,35	-2,28974
972,60	8,84359
972,84	16,47692
973,08	16,64359
973,33	4,22692
973,57	1,74359
973,81	14,32692
974,06	15,39359
974,30	-2,87308
974,55	-1,43974
974,79	13,77692
975,03	24,89359
975,28	15,19359
975,52	-6,80641
975,76	-6,72308
976,01	-9,92308
976,25	3,79359
976,50	1,56026
976,74	12,51026
976,98	15,87692
977,23	8,81026
977,47	9,16026
977,71	2,16026
977,96	-6,48974
978,20	-26,40641
978,44	-37,20641
978,69	-8,95641
978,93	4,11026
979,17	13,16026
979,42	2,32692
979,66	-1,55641
979,90	7,26026
980,15	31,22692
980,39	36,92692
980,64	20,52692
980,88	14,97692
981,12	16,66026
981,37	15,31026
981,61	5,01026
981,85	-8,77308
982,10	-0,30641
982,34	-25,90641
982,58	-15,13974
982,83	-31,07308
983,07	-24,42308
983,31	-27,00641
983,56	-25,62308
983,80	-14,35641
984,04	-11,72308
984,29	10,32692
984,53	11,64359
984,77	8,99359
985,02	9,36026
985,26	-10,50641
985,50	11,89359
985,75	-1,80641
985,99	15,82692
986,23	-7,02308
986,48	-2,58974
986,72	-4,67308
986,96	13,09359
987,20	13,49359
987,45	7,14359
987,69	-20,25641
987,93	-9,75641
988,18	7,77692
988,42	22,21026
988,66	14,67692
988,91	-1,23974
989,15	-3,70641
989,39	-11,38974
989,64	-17,27308
989,88	-15,98974
990,12	-13,17308
990,37	-1,55641
990,61	-1,23974
990,85	-9,12308
991,10	-20,57308
991,34	-23,10641
991,58	-18,05641
991,82	-16,73974
992,07	-21,05641
992,31	-16,33974
992,55	-24,90641
992,80	-27,00641
993,04	-17,48974
993,28	10,91026
993,53	13,22692
993,77	3,22692
994,01	-24,23974
994,25	-24,98974
994,50	-21,43974
994,74	-4,23974
994,98	-8,22308
995,23	-12,75641
995,47	-8,78974
995,71	-7,37308
995,95	-5,70641
996,20	3,32692
996,44	11,77692
996,68	6,47692
996,93	-13,40641
997,17	-15,07308
997,41	-6,38974
997,65	-14,07308
997,90	-24,05641
998,14	-32,77308
998,38	-18,85641
998,63	-15,38974
998,87	-16,62308
999,11	-30,62308
999,35	-26,98974
999,60	-29,72308
999,84	-21,05641
1000,08	5,11026
1000,32	16,61026
1000,57	17,16026
1000,81	14,57692
1001,05	15,14359
1001,30	25,27692
1001,54	4,32692
1001,78	19,67692
1002,02	14,41026
1002,27	19,76026
1002,51	-6,23974
1002,75	-7,60641
1002,99	-20,42308
1003,24	-22,90641
1003,48	-20,85641
1003,72	-31,40641
1003,96	-19,43974
1004,21	-13,32308
1004,45	13,34359
1004,69	13,89359
1004,93	9,04359
1005,18	5,72692
1005,42	11,31026
1005,66	-1,60641
1005,90	-13,42308
1006,15	-31,40641
1006,39	-14,82308
1006,63	6,49359
1006,87	22,87692
1007,12	17,01026
1007,36	11,14359
1007,60	15,67692
1007,84	6,37692
1008,09	1,87692
1008,33	-16,83974
1008,57	-5,95641
1008,81	-2,47308
1009,06	-1,27308
1009,30	-4,92308
1009,54	-1,58974
1009,78	7,89359
1010,03	9,11026
1010,27	-7,47308
1010,51	-3,35641
1010,75	-3,57308
1010,99	13,24359
1011,24	14,74359
1011,48	45,77692
1011,72	39,76026
1011,96	49,66026
1012,21	26,92692
1012,45	24,94359
1012,69	15,19359
1012,93	5,91026
1013,18	11,29359
1013,42	6,27692
1013,66	14,69359
1013,90	0,36026
1014,14	-0,63974
1014,39	3,47692
1014,63	9,27692
1014,87	19,54359
1015,11	3,82692
1015,35	-13,68974
1015,60	-2,12308
1015,84	8,94359
1016,08	14,19359
1016,32	-3,58974
1016,57	-15,98974
1016,81	-9,85641
1017,05	-9,52308
1017,29	-1,05641
1017,53	-1,23974
1017,78	-3,42308
1018,02	-16,57308
1018,26	-5,83974
1018,50	-12,03974
1018,74	9,07692
1018,99	-5,33974
1019,23	-12,48974
1019,47	-29,55641
1019,71	-18,00641
1019,95	-2,93974
1020,20	-3,15641
1020,44	-11,55641
1020,68	-14,75641
1020,92	5,76026
1021,16	6,39359
1021,41	4,91026
1021,65	-20,72308
1021,89	-26,80641
1022,13	-33,83974
1022,37	-34,18974
1022,61	-36,47308
1022,86	-38,90641
1023,10	-15,47308
1023,34	-9,72308
1023,58	0,47692
1023,82	-25,20641
1024,07	-21,25641
1024,31	-10,83974
1024,55	-4,42308
1024,79	3,01026
1025,03	-20,82308
1025,27	-9,93974
1025,52	-28,08974
1025,76	-24,37308
1026,00	-16,98974
1026,24	-14,60641
1026,48	-12,58974
1026,73	-18,98974
1026,97	7,06026
1027,21	15,62692
1027,45	15,97692
1027,69	-3,13974
1027,93	0,04359
1028,18	-2,57308
1028,42	5,54359
1028,66	4,47692
1028,90	7,19359
1029,14	0,71026
1029,38	-13,12308
1029,62	-5,48974
1029,87	-3,35641
1030,11	14,52692
1030,35	-4,60641
1030,59	-5,33974
1030,83	-22,02308
1031,07	-24,42308
1031,32	-34,58974
1031,56	-8,83974
1031,80	6,57692
1032,04	22,59359
1032,28	-3,03974
1032,52	-2,82308
1032,76	-5,40641
1033,01	-5,80641
1033,25	-4,67308
1033,49	-10,60641
1033,73	-9,70641
1033,97	-28,55641
1034,21	-36,27308
1034,45	-42,08974
1034,70	-43,58974
1034,94	-30,12308
1035,18	63,02692
1035,42	73,64359
1035,66	88,44359
1035,90	13,34359
1036,14	-2,82308
1036,39	-7,88974
1036,63	-24,77308
1036,87	16,22692
1037,11	2,76026
1037,35	11,26026
1037,59	3,77692
1037,83	19,57692
1038,07	47,94359
1038,32	24,46026
1038,56	10,19359
1038,80	10,62692
1039,04	29,06026
1039,28	38,42692
1039,52	13,67692
1039,76	-4,18974
1040,00	-5,18974
1040,25	-20,68974
1040,49	-15,95641
1040,73	-20,13974
1040,97	-10,05641
1041,21	2,26026
1041,45	9,19359
1041,69	30,61026
1041,93	6,74359
1042,17	-1,02308
1042,42	-24,72308
1042,66	-17,47308
1042,90	-7,85641
1043,14	-16,15641
1043,38	-2,43974
1043,62	-15,78974
1043,86	-8,23974
1044,10	-7,50641
1044,34	16,92692
1044,59	23,34359
1044,83	15,94359
1045,07	-5,27308
1045,31	-3,65641
1045,55	-9,90641
1045,79	-31,73974
1046,03	-22,65641
1046,27	-5,48974
1046,51	14,39359
1046,75	-3,47308
1047,00	-14,82308
1047,24	-8,73974
1047,48	-5,68974
1047,72	-1,68974
1047,96	-10,40641
1048,20	3,11026
1048,44	8,64359
1048,68	6,86026
1048,92	-5,78974
1049,16	-26,70641
1049,40	-24,82308
1049,64	-26,80641
1049,89	-4,93974
1050,13	0,17692
1050,37	29,69359
1050,61	29,71026
1050,85	38,71026
1051,09	21,52692
1051,33	18,12692
1051,57	25,42692
1051,81	21,22692
1052,05	25,36026
1052,29	29,86026
1052,53	18,09359
1052,77	37,31026
1053,02	21,57692
1053,26	41,07692
1053,50	22,12692
1053,74	17,22692
1053,98	12,54359
1054,22	-1,75641
1054,46	5,66026
1054,70	12,77692
1054,94	11,89359
1055,18	15,31026
1055,42	26,46026
1055,66	36,44359
1055,90	27,87692
1056,14	20,34359
1056,38	41,41026
1056,62	46,14359
1056,86	52,12692
1057,11	41,31026
1057,35	40,31026
1057,59	15,64359
1057,83	26,89359
1058,07	43,52692
1058,31	85,37692
1058,55	84,56026
1058,79	73,29359
1059,03	42,76026
1059,27	41,89359
1059,51	43,69359
1059,75	53,26026
1059,99	42,37692
1060,23	48,84359
1060,47	75,46026
1060,71	96,34359
1060,95	78,72692
1061,19	58,29359
1061,43	51,42692
1061,67	88,24359
1061,91	99,19359
1062,15	94,96026
1062,39	79,04359
1062,64	94,42692
1062,88	108,39359
1063,12	135,46026
1063,36	179,44359
1063,60	316,19359
1063,84	745,07692
1064,08	1884,51026
1064,32	3667,76026
1064,56	4824,66026
1064,80	4470,69359
1065,04	3269,44359
1065,28	2038,92692
1065,52	1485,97692
1065,76	950,41026
1066,00	741,72692
1066,24	574,01026
1066,48	506,96026
1066,72	440,17692
1066,96	392,72692
1067,20	329,89359
1067,44	290,19359
1067,68	254,49359
1067,92	225,37692
1068,16	205,62692
1068,40	201,74359
1068,64	200,59359
1068,88	191,51026
1069,12	165,56026
1069,36	166,59359
1069,60	146,54359
1069,84	174,79359
1070,08	159,21026
1070,32	168,86026
1070,56	138,76026
1070,80	132,56026
1071,04	164,39359
1071,28	159,76026
1071,52	159,71026
1071,76	104,57692
1072,00	105,27692
1072,24	86,32692
1072,48	84,34359
1072,72	72,91026
1072,96	82,21026
1073,20	59,59359
1073,44	66,67692
1073,68	59,96026
1073,92	74,31026
1074,16	48,51026
1074,40	38,87692
1074,64	23,02692
1074,88	22,84359
1075,12	28,99359
1075,36	27,84359
1075,60	36,34359
1075,84	22,49359
1076,08	25,66026
1076,32	14,81026
1076,56	6,81026
1076,80	2,94359
1077,04	-10,67308
1077,28	-8,60641
1077,52	-21,30641
1077,76	-26,28974
1078,00	-18,42308
1078,24	14,39359
1078,48	26,22692
1078,71	17,14359
1078,95	-0,08974
1079,19	-13,22308
1079,43	-27,30641
1079,67	-30,45641
1079,91	-9,82308
1080,15	0,22692
1080,39	-4,23974
1080,63	-7,13974
1080,87	-7,00641
1081,11	-5,60641
1081,35	-6,77308
1081,59	6,11026
1081,83	4,12692
1082,07	-11,22308
1082,31	-17,12308
1082,55	-20,02308
1082,79	-12,15641
1083,03	-7,90641
1083,27	-18,30641
1083,51	-15,78974
1083,75	-20,35641
1083,99	7,24359
1084,22	6,71026
1084,46	-1,53974
1084,70	-0,78974
1084,94	-7,28974
1085,18	-7,17308
1085,42	-32,88974
1085,66	-24,02308
1085,90	-23,87308
1086,14	-0,45641
1086,38	16,42692
1086,62	8,14359
1086,86	12,59359
1087,10	-4,23974
1087,34	7,02692
1087,58	-15,28974
1087,82	-20,62308
1088,06	-9,72308
1088,29	10,04359
1088,53	2,71026
1088,77	-12,78974
1089,01	-14,72308
1089,25	-5,57308
1089,49	1,01026
1089,73	-12,42308
1089,97	-4,30641
1090,21	-11,52308
1090,45	-4,32308
1090,69	-15,28974
1090,93	-17,23974
1091,17	-32,33974
1091,40	-9,78974
1091,64	-13,35641
1091,88	-10,03974
1092,12	-35,42308
1092,36	-24,85641
1092,60	-23,22308
1092,84	-8,73974
1093,08	1,14359
1093,32	9,74359
1093,56	10,76026
1093,80	21,59359
1094,04	14,99359
1094,27	3,37692
1094,51	-2,55641
1094,75	8,44359
1094,99	13,02692
1095,23	3,76026
1095,47	87,01026
1095,71	80,97692
1095,95	75,27692
1096,19	-15,82308
1096,43	-6,03974
1096,66	-24,78974
1096,90	-32,10641
1097,14	-34,58974
1097,38	-33,42308
1097,62	-23,40641
1097,86	-27,18974
1098,10	-6,28974
1098,34	-3,70641
1098,58	-11,88974
1098,81	-13,82308
1099,05	-10,80641
1099,29	19,72692
1099,53	29,92692
1099,77	23,62692
1100,01	-6,45641
1100,25	-14,95641
1100,49	-13,45641
1100,73	17,02692
1100,96	36,26026
1101,20	46,96026
1101,44	10,72692
1101,68	-4,43974
1101,92	-18,02308
1102,16	-8,43974
1102,40	-2,85641
1102,64	2,31026
1102,87	9,26026
1103,11	-7,33974
1103,35	-8,65641
1103,59	-16,97308
1103,83	-16,30641
1104,07	-4,40641
1104,31	-1,78974
1104,55	-1,25641
1104,78	-23,80641
1105,02	-12,92308
1105,26	-23,08974
1105,50	-9,42308
1105,74	-28,98974
1105,98	-16,25641
1106,22	-2,35641
1106,45	1,19359
1106,69	-6,67308
1106,93	-18,78974
1107,17	-17,02308
1107,41	-16,08974
1107,65	-24,70641
1107,89	-17,60641
1108,12	-12,48974
1108,36	-28,73974
1108,60	-24,30641
1108,84	-20,08974
1109,08	-10,73974
1109,32	-13,15641
1109,55	-19,38974
1109,79	4,49359
1110,03	-6,28974
1110,27	-1,88974
1110,51	-19,62308
1110,75	-25,60641
1110,99	-28,88974
1111,22	-34,30641
1111,46	-30,52308
1111,70	-35,47308
1111,94	-50,15641
1112,18	-54,28974
1112,42	-47,17308
1112,65	-23,87308
1112,89	-9,22308
1113,13	-16,90641
1113,37	-13,70641
1113,61	-11,97308
1113,85	16,02692
1114,08	5,92692
1114,32	-4,25641
1114,56	-10,03974
1114,80	-7,47308
1115,04	6,91026
1115,28	-12,72308
1115,51	-7,08974
1115,75	-4,37308
1115,99	-1,95641
1116,23	-3,35641
1116,47	-4,58974
1116,70	-4,65641
1116,94	-14,13974
1117,18	-8,57308
1117,42	-17,43974
1117,66	-5,30641
1117,90	-30,97308
1118,13	-29,22308
1118,37	-52,67308
1118,61	-48,15641
1118,85	-36,47308
1119,09	-35,15641
1119,32	-23,27308
1119,56	-21,87308
1119,80	-25,75641
1120,04	-41,77308
1120,28	-32,23974
1120,51	-24,33974
1120,75	-14,00641
1120,99	-33,19808