194,56	-210,14231
194,83	-210,14231
195,09	-201,94231
195,36	-130,62564
195,63	-61,64231
195,90	-3,49231
196,17	-17,44231
196,44	-30,75897
196,71	-20,04231
196,97	-8,95897
197,24	14,20769
197,51	-8,89231
197,78	6,09103
198,05	10,29103
198,32	25,07436
198,59	7,67436
198,86	7,32436
199,12	-0,17564
199,39	9,29103
199,66	11,80769
199,93	26,05769
200,20	23,44103
200,47	4,85769
200,74	4,55769
201,00	-2,40897
201,27	6,00769
201,54	-10,24231
201,81	12,10769
202,08	-8,37564
202,35	6,85769
202,61	-0,17564
202,88	51,29103
203,15	31,07436
203,42	19,62436
203,69	-14,50897
203,96	-2,30897
204,23	1,02436
204,49	-3,87564
204,76	22,09103
205,03	33,87436
205,30	38,30769
205,57	19,75769
205,84	20,20769
206,10	40,64103
206,37	46,92436
206,64	51,60769
206,91	45,87436
207,18	31,50769
207,45	27,24103
207,71	14,25769
207,98	30,32436
208,25	15,59103
208,52	7,97436
208,79	-4,05897
209,06	6,30769
209,32	18,84103
209,59	25,32436
209,86	-2,54231
210,13	2,70769
210,40	13,42436
210,67	44,32436
210,93	38,19103
211,20	14,40769
211,47	9,84103
211,74	30,94103
212,01	33,64103
212,28	47,45769
212,54	47,39103
212,81	50,70769
213,08	39,87436
213,35	33,77436
213,62	46,17436
213,88	54,79103
214,15	40,30769
214,42	27,20769
214,69	29,10769
214,96	33,22436
215,23	58,89103
215,49	48,45769
215,76	46,37436
216,03	40,20769
216,30	26,42436
216,57	13,60769
216,83	6,99103
217,10	11,50769
217,37	31,95769
217,64	53,92436
217,91	63,92436
218,17	31,75769
218,44	-12,55897
218,71	-13,20897
218,98	10,09103
219,25	43,25769
219,51	46,00769
219,78	41,65769
220,05	25,20769
220,32	13,95769
220,59	20,82436
220,85	23,02436
221,12	39,65769
221,39	53,99103
221,66	54,47436
221,93	33,42436
222,19	9,62436
222,46	24,50769
222,73	41,97436
223,00	60,90769
223,27	44,27436
223,53	36,97436
223,80	31,45769
224,07	39,39103
224,34	57,75769
224,61	49,20769
224,87	30,15769
225,14	1,44103
225,41	4,07436
225,68	28,99103
225,94	44,60769
226,21	47,40769
226,48	30,15769
226,75	30,95769
227,02	16,42436
227,28	22,54103
227,55	6,50769
227,82	18,19103
228,09	-5,92564
228,36	-5,45897
228,62	-0,77564
228,89	22,67436
229,16	32,17436
229,43	27,62436
229,69	24,07436
229,96	23,49103
230,23	15,47436
230,50	21,04103
230,76	14,07436
231,03	19,05769
231,30	21,20769
231,57	29,00769
231,84	26,87436
232,10	16,09103
232,37	16,95769
232,64	9,04103
232,91	13,02436
233,17	20,92436
233,44	29,92436
233,71	30,14103
233,98	10,17436
234,24	10,17436
234,51	31,82436
234,78	43,07436
235,05	57,10769
235,31	38,52436
235,58	32,90769
235,85	11,89103
236,12	-3,47564
236,39	18,95769
236,65	30,10769
236,92	76,25769
237,19	69,59103
237,46	101,82436
237,72	69,40769
237,99	49,85769
238,26	19,44103
238,53	41,05769
238,79	40,64103
239,06	33,15769
239,33	3,49103
239,60	-0,34231
239,86	-8,94231
240,13	-10,30897
240,40	-12,79231
240,67	16,70769
240,93	26,07436
241,20	28,44103
241,47	3,90769
241,73	5,64103
242,00	9,95769
242,27	20,80769
242,54	24,32436
242,80	25,80769
243,07	28,97436
243,34	25,19103
243,61	59,60769
243,87	42,57436
244,14	37,97436
244,41	-1,92564
244,68	9,49103
244,94	13,09103
245,21	25,05769
245,48	31,50769
245,74	25,45769
246,01	35,67436
246,28	27,92436
246,55	24,30769
246,81	1,40769
247,08	4,80769
247,35	17,65769
247,62	19,80769
247,88	2,97436
248,15	8,44103
248,42	45,54103
248,68	49,95769
248,95	34,72436
249,22	5,65769
249,49	16,39103
249,75	16,62436
250,02	26,10769
250,29	20,09103
250,56	37,15769
250,82	44,79103
251,09	47,75769
251,36	52,24103
251,62	25,10769
251,89	28,50769
252,16	43,12436
252,43	71,55769
252,69	62,65769
252,96	28,05769
253,23	21,79103
253,49	29,49103
253,76	40,15769
254,03	55,52436
254,29	55,82436
254,56	53,62436
254,83	29,60769
255,10	9,80769
255,36	8,32436
255,63	17,84103
255,90	43,25769
256,16	45,82436
256,43	21,92436
256,70	24,70769
256,96	24,25769
257,23	36,22436
257,50	30,00769
257,77	37,05769
258,03	36,54103
258,30	40,85769
258,57	19,60769
258,83	24,32436
259,10	15,10769
259,37	18,69103
259,63	6,55769
259,90	23,34103
260,17	21,49103
260,43	29,05769
260,70	13,54103
260,97	36,64103
261,24	43,82436
261,50	45,34103
261,77	31,82436
262,04	19,22436
262,30	10,22436
262,57	3,87436
262,84	14,54103
263,10	40,79103
263,37	56,04103
263,64	36,42436
263,90	13,27436
264,17	2,89103
264,44	12,22436
264,70	12,02436
264,97	25,39103
265,24	46,82436
265,50	58,77436
265,77	56,05769
266,04	38,87436
266,30	28,22436
266,57	7,79103
266,84	6,52436
267,10	8,29103
267,37	38,80769
267,64	46,14103
267,90	56,27436
268,17	47,72436
268,44	36,22436
268,70	17,45769
268,97	-10,50897
269,24	-0,84231
269,50	14,39103
269,77	35,19103
270,04	44,22436
270,30	34,42436
270,57	41,42436
270,84	16,37436
271,10	31,84103
271,37	19,54103
271,64	48,79103
271,90	74,15769
272,17	77,15769
272,44	63,52436
272,70	31,42436
272,97	24,57436
273,24	17,85769
273,50	24,55769
273,77	39,10769
274,04	44,25769
274,30	35,27436
274,57	24,22436
274,84	37,44103
275,10	40,54103
275,37	39,15769
275,64	19,29103
275,90	2,72436
276,17	0,57436
276,43	12,20769
276,70	13,35769
276,97	6,92436
277,23	16,19103
277,50	18,37436
277,77	10,95769
278,03	-21,59231
278,30	-6,40897
278,57	-1,09231
278,83	8,75769
279,10	10,47436
279,37	5,15769
279,63	5,12436
279,90	12,92436
280,16	32,12436
280,43	49,04103
280,70	39,67436
280,96	57,05769
281,23	51,50769
281,50	39,04103
281,76	17,72436
282,03	17,89103
282,29	23,92436
282,56	24,80769
282,83	15,32436
283,09	5,37436
283,36	11,60769
283,63	17,84103
283,89	28,35769
284,16	28,82436
284,42	33,40769
284,69	33,54103
284,96	25,55769
285,22	18,42436
285,49	24,17436
285,76	27,70769
286,02	50,79103
286,29	57,20769
286,55	54,87436
286,82	29,39103
287,09	8,69103
287,35	21,74103
287,62	15,39103
287,88	21,60769
288,15	-1,62564
288,42	-5,52564
288,68	7,85769
288,95	19,44103
289,22	40,24103
289,48	34,55769
289,75	36,92436
290,01	37,72436
290,28	19,04103
290,55	23,64103
290,81	4,19103
291,08	26,90769
291,34	36,15769
291,61	55,85769
291,88	50,47436
292,14	20,80769
292,41	15,95769
292,67	34,47436
292,94	52,77436
293,21	50,35769
293,47	38,64103
293,74	38,70769
294,00	22,29103
294,27	4,35769
294,54	-7,04231
294,80	7,40769
295,07	30,02436
295,33	27,27436
295,60	31,39103
295,86	13,40769
296,13	11,10769
296,40	-4,14231
296,66	6,79103
296,93	44,89103
297,19	64,57436
297,46	57,34103
297,73	36,10769
297,99	22,45769
298,26	10,07436
298,52	-4,84231
298,79	-2,89231
299,05	-13,52564
299,32	4,60769
299,59	17,65769
299,85	36,14103
300,12	21,87436
300,38	6,62436
300,65	-2,89231
300,92	5,77436
301,18	5,27436
301,45	24,70769
301,71	9,67436
301,98	21,59103
302,24	28,34103
302,51	40,57436
302,78	40,50769
303,04	21,80769
303,31	26,30769
303,57	31,35769
303,84	29,70769
304,10	9,82436
304,37	5,77436
304,63	20,35769
304,90	39,14103
305,17	43,42436
305,43	28,77436
305,70	43,15769
305,96	37,42436
306,23	38,99103
306,49	29,90769
306,76	26,39103
307,03	28,17436
307,29	14,74103
307,56	27,17436
307,82	29,44103
308,09	35,12436
308,35	27,25769
308,62	42,22436
308,88	32,19103
309,15	32,79103
309,42	19,17436
309,68	27,10769
309,95	24,52436
310,21	10,94103
310,48	7,62436
310,74	6,74103
311,01	31,45769
311,27	22,40769
311,54	9,25769
311,80	-8,79231
312,07	13,05769
312,34	31,34103
312,60	19,89103
312,87	14,72436
313,13	23,04103
313,40	28,62436
313,66	31,92436
313,93	12,47436
314,19	37,99103
314,46	29,90769
314,72	43,20769
314,99	26,60769
315,25	16,70769
315,52	-0,57564
315,78	-5,74231
316,05	-1,82564
316,32	4,90769
316,58	7,05769
316,85	16,99103
317,11	17,74103
317,38	15,32436
317,64	13,42436
317,91	8,67436
318,17	9,60769
318,44	9,22436
318,70	2,39103
318,97	9,89103
319,23	26,74103
319,50	31,72436
319,76	24,65769
320,03	-0,34231
320,29	9,29103
320,56	12,77436
320,82	24,22436
321,09	22,45769
321,36	36,37436
321,62	29,09103
321,89	19,69103
322,15	-0,85897
322,42	-0,15897
322,68	14,97436
322,95	40,59103
323,21	53,82436
323,48	41,87436
323,74	26,12436
324,01	15,92436
324,27	8,07436
324,54	3,25769
324,80	14,49103
325,07	28,00769
325,33	39,67436
325,60	22,90769
325,86	27,40769
326,13	19,04103
326,39	27,49103
326,66	17,39103
326,92	19,62436
327,19	19,72436
327,45	18,59103
327,72	22,19103
327,98	18,07436
328,25	31,02436
328,51	20,17436
328,78	21,04103
329,04	14,65769
329,31	12,65769
329,57	4,02436
329,84	1,40769
330,10	11,75769
330,37	35,62436
330,63	32,32436
330,90	29,60769
331,16	24,24103
331,43	30,64103
331,69	43,64103
331,96	47,85769
332,22	49,64103
332,49	52,05769
332,75	38,15769
333,01	24,89103
333,28	6,65769
333,54	6,32436
333,81	31,84103
334,07	35,89103
334,34	26,24103
334,60	15,45769
334,87	21,34103
335,13	54,14103
335,40	42,29103
335,66	32,04103
335,93	9,79103
336,19	12,29103
336,46	24,70769
336,72	12,34103
336,99	11,67436
337,25	2,52436
337,52	11,89103
337,78	29,64103
338,05	20,47436
338,31	31,15769
338,57	29,72436
338,84	28,19103
339,10	22,85769
339,37	10,40769
339,63	26,27436
339,90	27,49103
340,16	26,12436
340,43	13,42436
340,69	21,35769
340,96	12,74103
341,22	26,42436
341,49	6,55769
341,75	12,72436
342,01	9,02436
342,28	19,12436
342,54	44,04103
342,81	50,22436
343,07	58,42436
343,34	31,84103
343,60	28,90769
343,87	0,12436
344,13	-1,30897
344,40	6,69103
344,66	22,49103
344,92	44,75769
345,19	22,79103
345,45	20,32436
345,72	22,24103
345,98	38,17436
346,25	43,64103
346,51	38,60769
346,78	33,49103
347,04	46,07436
347,30	32,90769
347,57	35,07436
347,83	21,60769
348,10	29,57436
348,36	32,19103
348,63	42,84103
348,89	39,44103
349,15	38,85769
349,42	30,55769
349,68	23,65769
349,95	18,80769
350,21	30,14103
350,48	40,39103
350,74	47,02436
351,01	34,45769
351,27	29,80769
351,53	20,07436
351,80	11,25769
352,06	13,74103
352,33	13,32436
352,59	10,90769
352,86	6,57436
353,12	16,89103
353,38	54,62436
353,65	47,30769
353,91	43,27436
354,18	38,35769
354,44	77,12436
354,70	72,69103
354,97	47,02436
355,23	25,10769
355,50	16,85769
355,76	31,67436
356,03	25,29103
356,29	52,89103
356,55	47,54103
356,82	44,90769
357,08	27,84103
357,35	27,40769
357,61	48,37436
357,87	57,57436
358,14	52,97436
358,40	36,22436
358,67	40,45769
358,93	44,42436
359,20	54,52436
359,46	48,95769
359,72	48,75769
359,99	39,55769
360,25	55,37436
360,52	69,92436
360,78	85,82436
361,04	84,34103
361,31	63,34103
361,57	38,19103
361,84	23,82436
362,10	27,15769
362,36	34,80769
362,63	43,24103
362,89	47,90769
363,16	56,92436
363,42	63,00769
363,68	61,10769
363,95	61,12436
364,21	39,10769
364,47	50,02436
364,74	51,47436
365,00	56,94103
365,27	41,25769
365,53	37,82436
365,79	49,40769
366,06	67,02436
366,32	82,27436
366,59	56,62436
366,85	48,80769
367,11	33,57436
367,38	52,27436
367,64	53,10769
367,91	51,27436
368,17	40,90769
368,43	28,69103
368,70	34,65769
368,96	34,12436
369,22	61,07436
369,49	64,49103
369,75	65,97436
370,02	52,72436
370,28	42,30769
370,54	49,52436
370,81	41,64103
371,07	42,70769
371,33	72,32436
371,60	48,60769
371,86	38,84103
372,13	4,85769
372,39	22,77436
372,65	36,72436
372,92	41,19103
373,18	58,29103
373,44	44,30769
373,71	22,57436
373,97	-3,70897
374,23	1,74103
374,50	34,22436
374,76	45,70769
375,03	49,07436
375,29	38,00769
375,55	42,97436
375,82	35,67436
376,08	28,30769
376,34	54,02436
376,61	46,50769
376,87	35,67436
377,13	-10,05897
377,40	3,10769
377,66	36,17436
377,92	69,64103
378,19	87,60769
378,45	89,92436
378,72	70,75769
378,98	65,15769
379,24	42,82436
379,51	50,37436
379,77	40,24103
380,03	10,97436
380,30	23,59103
380,56	20,20769
380,82	55,34103
381,09	41,57436
381,35	51,12436
381,61	37,65769
381,88	47,20769
382,14	53,40769
382,40	65,39103
382,67	53,42436
382,93	36,19103
383,19	23,15769
383,46	21,95769
383,72	28,70769
383,98	27,54103
384,25	42,29103
384,51	49,74103
384,77	50,24103
385,04	43,92436
385,30	26,94103
385,56	51,25769
385,83	69,24103
386,09	86,65769
386,35	83,22436
386,62	69,75769
386,88	80,89103
387,14	80,40769
387,41	69,34103
387,67	64,94103
387,93	63,95769
388,20	68,82436
388,46	57,87436
388,72	58,55769
388,99	58,32436
389,25	58,19103
389,51	44,20769
389,78	41,10769
390,04	50,15769
390,30	63,49103
390,56	61,67436
390,83	44,00769
391,09	47,39103
391,35	42,89103
391,62	57,30769
391,88	57,84103
392,14	75,10769
392,41	74,15769
392,67	53,14103
392,93	47,60769
393,20	24,75769
393,46	30,90769
393,72	11,14103
393,99	4,97436
394,25	13,62436
394,51	6,10769
394,77	31,27436
395,04	22,69103
395,30	44,92436
395,56	46,52436
395,83	42,89103
396,09	38,40769
396,35	42,60769
396,62	33,80769
396,88	50,15769
397,14	27,67436
397,40	68,22436
397,67	62,60769
397,93	61,35769
398,19	39,65769
398,46	33,20769
398,72	42,15769
398,98	35,44103
399,24	32,60769
399,51	33,02436
399,77	36,50769
400,03	26,32436
400,30	5,70769
400,56	32,09103
400,82	44,44103
401,08	48,42436
401,35	22,67436
401,61	28,95769
401,87	31,62436
402,14	40,80769
402,40	34,12436
402,66	51,57436
402,92	26,09103
403,19	19,87436
403,45	27,89103
403,71	41,35769
403,98	45,55769
404,24	34,50769
404,50	28,69103
404,76	43,24103
405,03	48,57436
405,29	59,90769
405,55	45,54103
405,81	54,22436
406,08	41,12436
406,34	42,15769
406,60	30,44103
406,87	43,49103
407,13	52,47436
407,39	47,40769
407,65	30,47436
407,92	13,55769
408,18	3,14103
408,44	12,87436
408,70	15,65769
408,97	34,02436
409,23	43,52436
409,49	47,60769
409,75	38,19103
410,02	31,22436
410,28	20,77436
410,54	25,17436
410,80	32,92436
411,07	48,60769
411,33	64,52436
411,59	39,57436
411,85	54,24103
412,12	57,92436
412,38	76,14103
412,64	58,12436
412,90	33,59103
413,17	32,25769
413,43	24,94103
413,69	39,17436
413,95	36,22436
414,22	37,15769
414,48	10,20769
414,74	-6,79231
415,00	-10,15897
415,27	-6,20897
415,53	16,80769
415,79	16,05769
416,05	28,17436
416,32	26,47436
416,58	53,07436
416,84	67,29103
417,10	50,19103
417,37	34,02436
417,63	20,80769
417,89	36,27436
418,15	25,04103
418,41	14,25769
418,68	7,67436
418,94	21,60769
419,20	20,24103
419,46	37,09103
419,73	32,64103
419,99	49,70769
420,25	35,07436
420,51	83,05769
420,78	82,94103
421,04	65,69103
421,30	2,59103
421,56	6,67436
421,82	25,14103
422,09	49,84103
422,35	34,55769
422,61	36,32436
422,87	111,20769
423,14	99,02436
423,40	95,19103
423,66	-3,35897
423,92	21,42436
424,18	19,57436
424,45	21,82436
424,71	7,87436
424,97	16,42436
425,23	13,97436
425,49	11,22436
425,76	20,10769
426,02	42,70769
426,28	56,30769
426,54	47,49103
426,81	41,42436
427,07	35,49103
427,33	24,85769
427,59	22,79103
427,85	18,15769
428,12	30,87436
428,38	36,99103
428,64	36,12436
428,90	23,84103
429,16	20,17436
429,43	23,79103
429,69	27,05769
429,95	28,82436
430,21	37,97436
430,47	61,19103
430,74	45,40769
431,00	32,67436
431,26	-2,07564
431,52	4,22436
431,78	12,64103
432,05	38,14103
432,31	68,10769
432,57	58,90769
432,83	35,39103
433,09	8,89103
433,35	10,57436
433,62	6,02436
433,88	-3,65897
434,14	-5,10897
434,40	-3,17564
434,66	8,45769
434,93	6,07436
435,19	17,27436
435,45	9,27436
435,71	36,80769
435,97	43,57436
436,23	47,35769
436,50	37,27436
436,76	31,52436
437,02	38,69103
437,28	25,00769
437,54	36,05769
437,81	28,60769
438,07	33,02436
438,33	22,24103
438,59	11,57436
438,85	14,85769
439,11	1,85769
439,38	28,09103
439,64	18,85769
439,90	28,99103
440,16	14,12436
440,42	15,52436
440,68	24,22436
440,95	14,89103
441,21	30,20769
441,47	40,64103
441,73	47,40769
441,99	43,17436
442,25	25,87436
442,52	34,79103
442,78	19,85769
443,04	25,47436
443,30	17,75769
443,56	32,67436
443,82	33,09103
444,08	46,35769
444,35	42,25769
444,61	41,65769
444,87	14,04103
445,13	25,72436
445,39	4,10769
445,65	17,55769
445,92	-20,94231
446,18	-4,99231
446,44	1,72436
446,70	32,32436
446,96	44,82436
447,22	51,07436
447,48	53,20769
447,75	55,69103
448,01	69,59103
448,27	48,70769
448,53	35,84103
448,79	30,02436
449,05	50,24103
449,31	46,10769
449,58	33,47436
449,84	29,65769
450,10	45,07436
450,36	32,90769
450,62	28,85769
450,88	19,07436
451,14	17,79103
451,41	2,60769
451,67	-9,52564
451,93	0,24103
452,19	19,17436
452,45	43,40769
452,71	43,12436
452,97	21,69103
453,23	26,99103
453,50	29,45769
453,76	43,25769
454,02	29,24103
454,28	26,64103
454,54	31,47436
454,80	38,40769
455,06	36,17436
455,32	30,94103
455,59	11,85769
455,85	14,24103
456,11	10,90769
456,37	18,44103
456,63	17,89103
456,89	19,32436
457,15	41,34103
457,41	38,62436
457,68	52,30769
457,94	26,04103
458,20	29,90769
458,46	28,62436
458,72	41,89103
458,98	48,22436
459,24	48,60769
459,50	45,37436
459,76	36,62436
460,03	6,34103
460,29	5,75769
460,55	12,90769
460,81	32,85769
461,07	22,52436
461,33	35,32436
461,59	53,39103
461,85	44,87436
462,11	23,42436
462,37	8,42436
462,64	21,32436
462,90	13,95769
463,16	7,52436
463,42	20,90769
463,68	25,57436
463,94	20,82436
464,20	9,94103
464,46	13,25769
464,72	33,72436
464,98	32,77436
465,24	48,45769
465,51	40,85769
465,77	45,50769
466,03	25,57436
466,29	27,64103
466,55	19,62436
466,81	25,30769
467,07	28,34103
467,33	35,69103
467,59	62,22436
467,85	53,99103
468,11	46,90769
468,38	13,05769
468,64	27,49103
468,90	19,12436
469,16	30,40769
469,42	15,70769
469,68	21,64103
469,94	32,72436
470,20	38,92436
470,46	38,02436
470,72	26,70769
470,98	10,64103
471,24	15,65769
471,50	16,87436
471,77	29,90769
472,03	34,97436
472,29	15,42436
472,55	13,32436
472,81	24,12436
473,07	33,32436
473,33	16,94103
473,59	7,54103
473,85	6,29103
474,11	13,42436
474,37	6,15769
474,63	4,35769
474,89	28,39103
475,15	45,20769
475,41	72,12436
475,68	63,62436
475,94	51,77436
476,20	38,47436
476,46	44,34103
476,72	36,17436
476,98	40,90769
477,24	30,62436
477,50	34,99103
477,76	32,29103
478,02	42,42436
478,28	61,04103
478,54	66,95769
478,80	81,57436
479,06	94,30769
479,32	123,35769
479,58	118,72436
479,84	111,62436
480,10	85,55769
480,36	89,37436
480,63	93,89103
480,89	75,87436
481,15	70,57436
481,41	51,00769
481,67	66,92436
481,93	56,05769
482,19	51,05769
482,45	49,09103
482,71	39,35769
482,97	32,80769
483,23	23,99103
483,49	23,87436
483,75	37,99103
484,01	38,87436
484,27	33,29103
484,53	36,97436
484,79	84,04103
485,05	90,50769
485,31	87,05769
485,57	30,94103
485,83	36,42436
486,09	22,05769
486,35	25,15769
486,61	10,84103
486,87	9,80769
487,13	19,45769
487,39	32,95769
487,65	60,94103
487,91	65,35769
488,17	54,32436
488,43	18,87436
488,70	14,84103
488,96	21,27436
489,22	20,97436
489,48	11,10769
489,74	6,89103
490,00	21,45769
490,26	16,30769
490,52	34,49103
490,78	27,49103
491,04	37,32436
491,30	31,44103
491,56	42,67436
491,82	33,59103
492,08	21,09103
492,34	22,50769
492,60	31,94103
492,86	28,90769
493,12	28,59103
493,38	49,47436
493,64	78,64103
493,90	76,84103
494,16	43,89103
494,42	27,55769
494,68	30,65769
494,94	59,29103
495,20	78,19103
495,46	72,87436
495,72	55,04103
495,98	33,32436
496,24	17,97436
496,50	20,84103
496,76	39,75769
497,02	59,69103
497,28	68,65769
497,54	78,49103
497,80	81,82436
498,06	69,10769
498,32	35,04103
498,58	21,74103
498,84	16,54103
499,10	13,40769
499,36	25,35769
499,62	28,89103
499,88	44,24103
500,14	40,40769
500,40	34,12436
500,66	38,25769
500,92	51,77436
501,18	56,49103
501,44	50,44103
501,69	45,42436
501,95	69,97436
502,21	70,24103
502,47	57,02436
502,73	26,47436
502,99	26,77436
503,25	32,47436
503,51	43,10769
503,77	36,84103
504,03	34,95769
504,29	50,80769
504,55	68,09103
504,81	69,14103
505,07	50,90769
505,33	38,32436
505,59	40,27436
505,85	58,12436
506,11	63,32436
506,37	65,44103
506,63	49,60769
506,89	47,80769
507,15	55,65769
507,41	60,84103
507,67	68,74103
507,93	60,29103
508,19	56,77436
508,45	63,29103
508,71	63,20769
508,97	54,75769
509,23	39,60769
509,49	62,32436
509,74	90,52436
510,00	91,99103
510,26	78,75769
510,52	55,62436
510,78	62,65769
511,04	46,00769
511,30	68,77436
511,56	61,37436
511,82	65,14103
512,08	41,15769
512,34	60,09103
512,60	52,37436
512,86	59,09103
513,12	35,77436
513,38	34,07436
513,64	35,40769
513,90	36,57436
514,16	66,72436
514,42	77,64103
514,67	82,99103
514,93	73,74103
515,19	60,12436
515,45	61,29103
515,71	49,37436
515,97	61,29103
516,23	56,37436
516,49	55,67436
516,75	54,12436
517,01	69,50769
517,27	68,44103
517,53	60,02436
517,79	47,94103
518,05	47,69103
518,31	61,09103
518,56	70,22436
518,82	81,44103
519,08	61,87436
519,34	49,32436
519,60	37,45769
519,86	60,77436
520,12	62,55769
520,38	57,14103
520,64	59,20769
520,90	81,72436
521,16	88,57436
521,42	69,64103
521,68	35,50769
521,93	59,20769
522,19	67,90769
522,45	91,09103
522,71	67,79103
522,97	81,49103
523,23	69,27436
523,49	92,65769
523,75	87,92436
524,01	102,15769
524,27	75,04103
524,53	79,69103
524,79	79,39103
525,04	91,57436
525,30	70,84103
525,56	54,50769
525,82	37,40769
526,08	47,24103
526,34	41,95769
526,60	66,92436
526,86	54,62436
527,12	67,37436
527,38	47,35769
527,63	48,44103
527,89	43,79103
528,15	45,72436
528,41	47,54103
528,67	54,97436
528,93	69,80769
529,19	59,34103
529,45	46,00769
529,71	24,60769
529,97	36,09103
530,22	46,57436
530,48	60,42436
530,74	56,67436
531,00	52,64103
531,26	55,52436
531,52	59,90769
531,78	47,29103
532,04	47,22436
532,30	38,87436
532,55	80,37436
532,81	85,79103
533,07	85,17436
533,33	58,49103
533,59	41,55769
533,85	35,89103
534,11	60,00769
534,37	79,75769
534,62	96,24103
534,88	56,20769
535,14	31,24103
535,40	19,82436
535,66	32,92436
535,92	39,79103
536,18	51,40769
536,44	48,47436
536,69	36,67436
536,95	28,67436
537,21	32,44103
537,47	53,62436
537,73	68,24103
537,99	58,15769
538,25	44,47436
538,51	28,65769
538,76	33,17436
539,02	39,77436
539,28	56,02436
539,54	52,75769
539,80	44,20769
540,06	33,85769
540,32	56,59103
540,57	73,14103
540,83	85,07436
541,09	58,90769
541,35	43,50769
541,61	31,65769
541,87	30,22436
542,13	56,32436
542,38	72,40769
542,64	79,42436
542,90	69,57436
543,16	40,34103
543,42	50,40769
543,68	38,29103
543,94	52,35769
544,19	52,49103
544,45	66,17436
544,71	62,52436
544,97	66,72436
545,23	50,69103
545,49	49,34103
545,74	19,40769
546,00	32,35769
546,26	6,55769
546,52	44,02436
546,78	45,62436
547,04	65,69103
547,29	49,09103
547,55	34,50769
547,81	34,74103
548,07	35,05769
548,33	28,85769
548,59	29,84103
548,84	24,25769
549,10	28,77436
549,36	20,47436
549,62	21,84103
549,88	23,04103
550,14	29,65769
550,39	22,40769
550,65	34,77436
550,91	40,30769
551,17	43,75769
551,43	36,32436
551,69	37,85769
551,94	56,44103
552,20	65,27436
552,46	68,99103
552,72	54,89103
552,98	44,99103
553,24	36,64103
553,49	34,82436
553,75	39,04103
554,01	44,07436
554,27	51,64103
554,53	63,39103
554,78	65,75769
555,04	54,75769
555,30	41,79103
555,56	25,80769
555,82	41,10769
556,07	45,87436
556,33	61,97436
556,59	52,47436
556,85	55,62436
557,11	66,70769
557,37	80,25769
557,62	60,02436
557,88	39,25769
558,14	43,72436
558,40	45,59103
558,66	49,19103
558,91	26,50769
559,17	36,19103
559,43	45,47436
559,69	41,89103
559,95	30,99103
560,20	17,85769
560,46	42,49103
560,72	58,70769
560,98	83,67436
561,24	53,17436
561,49	48,12436
561,75	30,80769
562,01	48,52436
562,27	52,20769
562,52	48,92436
562,78	47,07436
563,04	45,29103
563,30	32,04103
563,56	25,50769
563,81	30,09103
564,07	49,95769
564,33	73,89103
564,59	53,69103
564,85	37,45769
565,10	42,92436
565,36	51,20769
565,62	77,30769
565,88	38,42436
566,13	42,57436
566,39	27,54103
566,65	49,29103
566,91	66,99103
567,17	57,64103
567,42	70,25769
567,68	51,22436
567,94	63,67436
568,20	49,45769
568,45	58,74103
568,71	50,14103
568,97	35,27436
569,23	54,30769
569,49	61,05769
569,74	71,27436
570,00	26,62436
570,26	28,94103
570,52	30,00769
570,77	58,19103
571,03	74,24103
571,29	82,80769
571,55	86,74103
571,80	55,44103
572,06	34,75769
572,32	16,79103
572,58	59,79103
572,83	85,00769
573,09	79,35769
573,35	57,95769
573,61	35,45769
573,86	40,39103
574,12	20,30769
574,38	37,94103
574,64	33,60769
574,89	52,90769
575,15	73,10769
575,41	82,19103
575,67	73,07436
575,92	50,49103
576,18	62,30769
576,44	63,79103
576,70	55,47436
576,95	32,19103
577,21	23,40769
577,47	28,92436
577,73	45,47436
577,98	47,64103
578,24	41,87436
578,50	32,62436
578,76	37,82436
579,01	28,99103
579,27	24,05769
579,53	40,50769
579,79	48,44103
580,04	47,35769
580,30	15,17436
580,56	-1,05897
580,81	-1,15897
581,07	11,74103
581,33	22,04103
581,59	29,90769
581,84	46,59103
582,10	67,74103
582,36	69,75769
582,62	69,77436
582,87	70,80769
583,13	102,94103
583,39	100,47436
583,64	105,79103
583,90	74,39103
584,16	77,07436
584,42	67,85769
584,67	71,32436
584,93	69,85769
585,19	65,55769
585,45	65,20769
585,70	54,10769
585,96	61,37436
586,22	56,80769
586,47	53,50769
586,73	53,17436
586,99	48,09103
587,25	59,70769
587,50	43,60769
587,76	39,10769
588,02	29,55769
588,27	37,12436
588,53	60,32436
588,79	53,25769
589,04	38,84103
589,30	37,55769
589,56	36,64103
589,82	58,22436
590,07	48,80769
590,33	50,69103
590,59	33,14103
590,84	30,77436
591,10	36,82436
591,36	45,60769
591,61	41,52436
591,87	45,84103
592,13	38,87436
592,39	36,57436
592,64	31,75769
592,90	22,25769
593,16	20,15769
593,41	24,14103
593,67	31,72436
593,93	36,10769
594,18	42,32436
594,44	56,22436
594,70	53,69103
594,95	52,24103
595,21	58,85769
595,47	60,59103
595,73	53,94103
595,98	45,05769
596,24	48,24103
596,50	33,84103
596,75	36,57436
597,01	44,90769
597,27	53,69103
597,52	50,30769
597,78	41,47436
598,04	48,25769
598,29	27,84103
598,55	31,90769
598,81	17,67436
599,06	27,59103
599,32	14,52436
599,58	33,77436
599,83	22,49103
600,09	25,75769
600,35	12,12436
600,60	14,94103
600,86	25,07436
601,12	30,14103
601,37	42,72436
601,63	27,15769
601,89	16,95769
602,14	13,52436
602,40	16,85769
602,66	19,59103
602,91	5,62436
603,17	19,10769
603,43	34,79103
603,68	57,99103
603,94	46,30769
604,20	34,15769
604,45	18,00769
604,71	17,94103
604,97	20,14103
605,22	26,44103
605,48	28,90769
605,74	40,00769
605,99	38,65769
606,25	34,64103
606,51	21,39103
606,76	6,39103
607,02	20,19103
607,27	12,14103
607,53	26,60769
607,79	23,25769
608,04	14,19103
608,30	9,70769
608,56	-3,00897
608,81	25,29103
609,07	25,14103
609,33	55,67436
609,58	66,04103
609,84	81,05769
610,10	65,60769
610,35	38,57436
610,61	30,47436
610,86	16,57436
611,12	20,90769
611,38	10,12436
611,63	10,00769
611,89	14,15769
612,15	28,42436
612,40	21,57436
612,66	3,10769
612,92	-19,27564
613,17	7,80769
613,43	31,39103
613,68	45,45769
613,94	23,07436
614,20	10,60769
614,45	-0,89231
614,71	18,74103
614,97	6,55769
615,22	8,00769
615,48	-4,95897
615,73	5,42436
615,99	14,35769
616,25	16,59103
616,50	29,72436
616,76	26,20769
617,01	29,25769
617,27	6,35769
617,53	10,59103
617,78	26,45769
618,04	45,05769
618,30	54,87436
618,55	25,50769
618,81	27,00769
619,06	8,79103
619,32	12,02436
619,58	4,82436
619,83	12,37436
620,09	8,59103
620,34	7,72436
620,60	3,24103
620,86	1,49103
621,11	2,40769
621,37	18,55769
621,62	23,89103
621,88	8,54103
622,14	-16,10897
622,39	-9,99231
622,65	3,84103
622,90	7,72436
623,16	14,17436
623,42	17,44103
623,67	9,24103
623,93	11,62436
624,18	6,84103
624,44	35,00769
624,70	40,67436
624,95	38,40769
625,21	32,80769
625,46	10,87436
625,72	27,67436
625,98	8,55769
626,23	22,80769
626,49	-0,32564
626,74	11,89103
627,00	14,69103
627,25	22,59103
627,51	35,44103
627,77	24,19103
628,02	13,77436
628,28	6,34103
628,53	11,67436
628,79	25,94103
629,04	16,24103
629,30	12,55769
629,56	26,07436
629,81	20,07436
630,07	22,52436
630,32	7,34103
630,58	43,25769
630,83	41,42436
631,09	36,97436
631,35	12,80769
631,60	9,77436
631,86	27,99103
632,11	28,44103
632,37	15,45769
632,62	-3,74231
632,88	-10,59231
633,14	-2,17564
633,39	-4,02564
633,65	22,02436
633,90	39,92436
634,16	39,30769
634,41	17,40769
634,67	11,29103
634,93	29,52436
635,18	35,24103
635,44	15,24103
635,69	0,65769
635,95	7,90769
636,20	33,22436
636,46	29,60769
636,71	23,29103
636,97	15,27436
637,22	22,15769
637,48	13,67436
637,74	11,64103
637,99	20,97436
638,25	27,97436
638,50	24,65769
638,76	27,49103
639,01	17,15769
639,27	11,25769
639,52	5,25769
639,78	15,50769
640,03	14,72436
640,29	2,99103
640,55	4,15769
640,80	5,59103
641,06	1,09103
641,31	12,65769
641,57	15,00769
641,82	31,74103
642,08	29,42436
642,33	35,19103
642,59	40,94103
642,84	41,17436
643,10	30,24103
643,35	16,90769
643,61	11,05769
643,87	21,05769
644,12	24,90769
644,38	10,57436
644,63	13,42436
644,89	27,45769
645,14	38,92436
645,40	35,60769
645,65	35,87436
645,91	31,64103
646,16	46,10769
646,42	44,65769
646,67	37,94103
646,93	21,05769
647,18	16,37436
647,44	20,19103
647,69	14,75769
647,95	-2,80897
648,20	-4,95897
648,46	-3,97564
648,71	4,00769
648,97	5,59103
649,22	10,47436
649,48	8,15769
649,73	6,99103
649,99	0,25769
650,24	14,39103
650,50	28,30769
650,75	36,37436
651,01	30,54103
651,26	22,99103
651,52	18,12436
651,77	7,62436
652,03	9,29103
652,28	2,89103
652,54	22,07436
652,79	40,30769
653,05	56,20769
653,30	52,79103
653,56	28,95769
653,81	29,22436
654,07	26,95769
654,32	31,35769
654,58	21,10769
654,83	29,22436
655,09	19,00769
655,34	15,25769
655,60	-0,74231
655,85	2,95769
656,11	29,55769
656,36	40,84103
656,62	39,04103
656,87	17,29103
657,13	-7,72564
657,38	3,85769
657,64	20,52436
657,89	43,54103
658,15	22,42436
658,40	0,52436
658,66	-1,24231
658,91	3,14103
659,17	6,95769
659,42	4,72436
659,68	11,05769
659,93	-2,72564
660,19	-9,70897
660,44	3,42436
660,70	25,35769
660,95	28,40769
661,20	17,74103
661,46	13,69103
661,71	18,35769
661,97	12,12436
662,22	19,17436
662,48	23,10769
662,73	27,59103
662,99	31,52436
663,24	35,49103
663,50	27,72436
663,75	23,50769
664,01	-1,37564
664,26	20,17436
664,52	11,20769
664,77	31,12436
665,02	34,64103
665,28	39,79103
665,53	34,59103
665,79	35,89103
666,04	39,05769
666,30	31,59103
666,55	25,52436
666,81	7,75769
667,06	15,42436
667,32	16,32436
667,57	21,67436
667,82	19,69103
668,08	20,52436
668,33	26,40769
668,59	20,70769
668,84	28,97436
669,10	24,40769
669,35	83,00769
669,61	51,35769
669,86	64,50769
670,11	3,07436
670,37	26,05769
670,62	24,45769
670,88	38,60769
671,13	18,09103
671,39	-2,02564
671,64	-15,20897
671,90	-4,59231
672,15	7,47436
672,40	4,65769
672,66	-9,02564
672,91	-2,87564
673,17	-1,34231
673,42	13,12436
673,68	4,40769
673,93	0,50769
674,18	2,35769
674,44	-3,85897
674,69	4,87436
674,95	9,75769
675,20	12,09103
675,46	11,35769
675,71	-3,65897
675,96	11,14103
676,22	1,90769
676,47	11,55769
676,73	5,40769
676,98	11,00769
677,23	16,70769
677,49	24,84103
677,74	42,92436
678,00	25,70769
678,25	20,92436
678,51	19,59103
678,76	12,27436
679,01	14,02436
679,27	-0,70897
679,52	3,49103
679,78	-2,14231
680,03	3,69103
680,28	7,15769
680,54	2,55769
680,79	-15,67564
681,05	-11,85897
681,30	-17,85897
681,55	-6,35897
681,81	-3,47564
682,06	17,47436
682,32	28,12436
682,57	38,59103
682,82	28,99103
683,08	16,02436
683,33	-9,72564
683,59	-0,25897
683,84	-7,25897
684,09	4,42436
684,35	-4,60897
684,60	13,67436
684,86	16,59103
685,11	34,40769
685,36	32,90769
685,62	44,47436
685,87	10,52436
686,13	-1,52564
686,38	-24,65897
686,63	-3,69231
686,89	17,09103
687,14	51,17436
687,40	46,00769
687,65	44,90769
687,90	25,07436
688,16	22,42436
688,41	10,24103
688,66	2,97436
688,92	3,20769
689,17	-6,09231
689,43	-13,45897
689,68	-7,94231
689,93	0,82436
690,19	5,62436
690,44	-12,69231
690,69	-22,44231
690,95	-23,32564
691,20	-6,94231
691,46	-12,22564
691,71	0,15769
691,96	6,67436
692,22	17,19103
692,47	5,75769
692,72	-7,50897
692,98	-8,60897
693,23	0,74103
693,49	16,94103
693,74	22,72436
693,99	27,87436
694,25	21,25769
694,50	21,85769
694,75	15,82436
695,01	-6,07564
695,26	-3,37564
695,51	-3,27564
695,77	-2,34231
696,02	-8,65897
696,27	-12,50897
696,53	8,30769
696,78	17,62436
697,04	25,94103
697,29	14,52436
697,54	7,14103
697,80	-7,02564
698,05	-1,74231
698,30	-10,90897
698,56	-9,10897
698,81	-10,39231
699,06	-1,94231
699,32	-4,97564
699,57	-3,09231
699,82	10,15769
700,08	6,67436
700,33	1,80769
700,58	-14,22564
700,84	-8,54231
701,09	-16,19231
701,34	-13,50897
701,60	-5,82564
701,85	-2,45897
702,10	3,60769
702,36	9,65769
702,61	5,65769
702,86	-8,69231
703,12	-31,70897
703,37	-26,84231
703,62	-27,45897
703,88	-24,87564
704,13	-30,17564
704,38	-26,29231
704,64	-0,19231
704,89	8,10769
705,14	29,52436
705,40	25,44103
705,65	28,74103
705,90	9,85769
706,16	-14,54231
706,41	-12,65897
706,66	-10,69231
706,92	-4,14231
707,17	2,84103
707,42	24,82436
707,68	13,97436
707,93	2,12436
708,18	-8,67564
708,44	19,99103
708,69	33,19103
708,94	28,87436
709,19	18,45769
709,45	22,04103
709,70	11,85769
709,95	11,87436
710,21	-11,42564
710,46	-14,70897
710,71	1,85769
710,97	2,59103
711,22	11,20769
711,47	-14,42564
711,73	-6,64231
711,98	-8,94231
712,23	-8,00897
712,48	-14,25897
712,74	-16,44231
712,99	-18,64231
713,24	-29,69231
713,50	-30,42564
713,75	-10,05897
714,00	8,70769
714,26	5,37436
714,51	-9,97564
714,76	-12,62564
715,01	-17,40897
715,27	4,09103
715,52	1,74103
715,77	16,35769
716,03	-0,25897
716,28	3,57436
716,53	12,87436
716,78	9,34103
717,04	12,64103
717,29	13,25769
717,54	23,89103
717,80	13,52436
718,05	7,10769
718,30	-2,84231
718,55	6,15769
718,81	1,10769
719,06	12,92436
719,31	11,10769
719,57	0,22436
719,82	-5,29231
720,07	-3,35897
720,32	-1,20897
720,58	2,94103
720,83	1,77436
721,08	7,12436
721,33	2,20769
721,59	13,02436
721,84	21,47436
722,09	31,97436
722,35	25,52436
722,60	17,20769
722,85	12,59103
723,10	2,92436
723,36	5,27436
723,61	-8,34231
723,86	1,62436
724,11	10,25769
724,37	5,55769
724,62	0,24103
724,87	-13,10897
725,12	-8,25897
725,38	-12,95897
725,63	-12,84231
725,88	-20,97564
726,13	-20,39231
726,39	-36,75897
726,64	-14,62564
726,89	-13,80897
727,14	-2,74231
727,40	-9,09231
727,65	-3,09231
727,90	13,54103
728,15	15,25769
728,41	2,45769
728,66	0,94103
728,91	-10,45897
729,16	-0,59231
729,42	1,62436
729,67	8,80769
729,92	-10,77564
730,17	-21,79231
730,43	-15,95897
730,68	8,65769
730,93	14,67436
731,18	10,27436
731,44	3,30769
731,69	-3,97564
731,94	-2,94231
732,19	5,55769
732,45	14,60769
732,70	31,07436
732,95	18,19103
733,20	1,32436
733,45	-9,32564
733,71	0,89103
733,96	1,72436
734,21	5,65769
734,46	1,34103
734,72	9,35769
734,97	5,49103
735,22	-0,14231
735,47	2,39103
735,72	-4,67564
735,98	-6,00897
736,23	-6,85897
736,48	0,09103
736,73	7,54103
736,99	2,72436
737,24	-0,12564
737,49	-5,85897
737,74	-1,40897
737,99	18,09103
738,25	22,09103
738,50	20,55769
738,75	-8,87564
739,00	-6,60897
739,25	-0,69231
739,51	-3,12564
739,76	-1,12564
740,01	1,35769
740,26	14,04103
740,52	17,72436
740,77	35,82436
741,02	35,32436
741,27	22,52436
741,52	2,74103
741,78	-0,45897
742,03	2,32436
742,28	-2,62564
742,53	1,62436
742,78	12,99103
743,04	21,32436
743,29	26,27436
743,54	27,74103
743,79	13,32436
744,04	-1,85897
744,30	-5,72564
744,55	4,37436
744,80	22,39103
745,05	14,47436
745,30	12,59103
745,55	-7,55897
745,81	11,64103
746,06	10,64103
746,31	21,42436
746,56	7,25769
746,81	14,02436
747,07	20,64103
747,32	23,74103
747,57	38,94103
747,82	44,45769
748,07	60,32436
748,32	37,60769
748,58	30,25769
748,83	10,85769
749,08	22,45769
749,33	24,65769
749,58	34,77436
749,84	35,12436
750,09	23,72436
750,34	16,09103
750,59	23,72436
750,84	19,62436
751,09	40,22436
751,35	35,34103
751,60	48,67436
751,85	22,49103
752,10	4,20769
752,35	14,10769
752,60	18,79103
752,86	27,32436
753,11	3,85769
753,36	-6,30897
753,61	-10,02564
753,86	-18,52564
754,11	-14,87564
754,37	-31,42564
754,62	-28,69231
754,87	-29,39231
755,12	-6,62564
755,37	6,65769
755,62	10,85769
755,87	-12,35897
756,13	-23,57564
756,38	-24,15897
756,63	-4,15897
756,88	18,60769
757,13	15,14103
757,38	18,44103
757,64	-7,17564
757,89	-6,55897
758,14	2,04103
758,39	3,29103
758,64	22,35769
758,89	10,54103
759,14	27,09103
759,40	19,44103
759,65	17,65769
759,90	9,92436
760,15	-0,59231
760,40	-21,07564
760,65	-27,32564
760,90	-28,95897
761,15	-17,17564
761,41	-8,05897
761,66	-10,10897
761,91	2,55769
762,16	-9,27564
762,41	8,45769
762,66	-5,72564
762,91	2,35769
763,17	-4,20897
763,42	4,04103
763,67	12,69103
763,92	10,14103
764,17	8,27436
764,42	-7,94231
764,67	-3,24231
764,92	9,44103
765,18	12,77436
765,43	-5,09231
765,68	-1,05897
765,93	10,52436
766,18	19,45769
766,43	10,30769
766,68	11,09103
766,93	6,54103
767,18	-1,79231
767,44	-3,70897
767,69	-7,99231
767,94	7,60769
768,19	-1,47564
768,44	3,97436
768,69	0,05769
768,94	10,85769
769,19	8,50769
769,44	6,59103
769,70	-11,14231
769,95	-5,32564
770,20	1,69103
770,45	22,17436
770,70	27,79103
770,95	15,69103
771,20	-4,14231
771,45	5,65769
771,70	5,30769
771,95	6,15769
772,21	5,39103
772,46	8,05769
772,71	16,57436
772,96	6,92436
773,21	5,37436
773,46	17,29103
773,71	20,57436
773,96	10,00769
774,21	3,22436
774,46	0,82436
774,72	12,87436
774,97	2,27436
775,22	-11,35897
775,47	-11,85897
775,72	-11,17564
775,97	4,94103
776,22	2,75769
776,47	24,89103
776,72	29,97436
776,97	35,35769
777,22	14,47436
777,47	14,37436
777,73	6,39103
777,98	22,05769
778,23	13,27436
778,48	10,39103
778,73	-8,24231
778,98	-5,44231
779,23	6,67436
779,48	15,04103
779,73	-1,32564
779,98	-15,67564
780,23	-13,14231
780,48	-4,92564
780,73	12,04103
780,98	18,85769
781,24	20,92436
781,49	4,49103
781,74	-14,74231
781,99	-17,20897
782,24	-12,62564
782,49	-8,70897
782,74	-8,17564
782,99	-5,12564
783,24	-4,02564
783,49	1,50769
783,74	-1,32564
783,99	18,20769
784,24	10,05769
784,49	8,67436
784,74	-3,07564
784,99	7,95769
785,24	-3,59231
785,49	-23,75897
785,75	-3,04231
786,00	25,52436
786,25	33,12436
786,50	7,55769
786,75	-16,49231
787,00	3,45769
787,25	2,25769
787,50	13,94103
787,75	2,99103
788,00	26,39103
788,25	5,02436
788,50	-5,55897
788,75	-24,77564
789,00	-20,42564
789,25	-22,72564
789,50	-38,35897
789,75	-38,00897
790,00	-22,67564
790,25	-12,15897
790,50	24,72436
790,75	36,37436
791,00	35,00769
791,25	23,69103
791,50	2,80769
791,75	5,10769
792,01	11,82436
792,26	17,74103
792,51	24,29103
792,76	0,74103
793,01	-2,94231
793,26	-30,87564
793,51	-25,85897
793,76	-23,17564
794,01	2,70769
794,26	2,95769
794,51	3,19103
794,76	-9,27564
795,01	-0,30897
795,26	4,29103
795,51	16,22436
795,76	7,60769
796,01	15,07436
796,26	18,70769
796,51	15,84103
796,76	3,32436
797,01	-15,40897
797,26	-5,30897
797,51	-14,25897
797,76	4,99103
798,01	1,09103
798,26	25,22436
798,51	13,59103
798,76	-2,84231
799,01	-14,47564
799,26	-22,12564
799,51	-14,57564
799,76	-16,40897
800,01	2,60769
800,26	-3,45897
800,51	-0,12564
800,76	-10,05897
801,01	-3,24231
801,26	-9,74231
801,51	-12,52564
801,76	-12,59231
802,01	-16,99231
802,26	-9,52564
802,51	6,34103
802,76	13,22436
803,01	9,87436
803,26	-12,42564
803,51	-11,84231
803,76	-7,95897
804,01	7,07436
804,26	-1,35897
804,51	-10,49231
804,76	-21,62564
805,01	-18,14231
805,26	-20,17564
805,51	-18,55897
805,76	-23,45897
806,01	13,97436
806,26	25,39103
806,51	29,19103
806,76	-14,70897
807,01	-29,65897
807,26	-30,19231
807,51	-30,99231
807,76	-30,20897
808,01	-22,54231
808,26	-7,92564
808,50	-4,54231
808,75	-7,57564
809,00	-11,60897
809,25	-2,94231
809,50	-5,72564
809,75	-0,90897
810,00	-7,00897
810,25	-12,95897
810,50	-4,82564
810,75	-0,25897
811,00	16,57436
811,25	9,52436
811,50	22,87436
811,75	22,74103
812,00	16,02436
812,25	-0,99231
812,50	-29,44231
812,75	-31,62564
813,00	-32,90897
813,25	-18,55897
813,50	-15,47564
813,75	-20,34231
814,00	-14,72564
814,25	-13,84231
814,50	7,99103
814,74	1,72436
814,99	15,40769
815,24	-5,57564
815,49	0,44103
815,74	-8,85897
815,99	9,55769
816,24	14,67436
816,49	15,99103
816,74	28,50769
816,99	19,62436
817,24	22,24103
817,49	-19,44231
817,74	-7,54231
817,99	-26,64231
818,24	-20,24231
818,49	-21,17564
818,74	-9,42564
818,98	6,37436
819,23	-4,42564
819,48	18,04103
819,73	12,52436
819,98	29,70769
820,23	0,27436
820,48	5,99103
820,73	-0,85897
820,98	3,99103
821,23	-12,52564
821,48	-29,17564
821,73	-30,84231
821,98	-20,55897
822,23	-18,52564
822,47	6,52436
822,72	5,24103
822,97	12,79103
823,22	0,29103
823,47	1,85769
823,72	11,44103
823,97	17,10769
824,22	32,69103
824,47	21,44103
824,72	9,79103
824,97	-7,75897
825,22	-5,10897
825,46	-4,02564
825,71	-0,24231
825,96	-3,17564
826,21	-8,67564
826,46	-15,24231
826,71	-15,72564
826,96	3,14103
827,21	-0,45897
827,46	-0,97564
827,71	-18,49231
827,96	-17,65897
828,20	-13,85897
828,45	-9,80897
828,70	-2,22564
828,95	-8,10897
829,20	-9,69231
829,45	-13,79231
829,70	-11,79231
829,95	-14,25897
830,20	-15,42564
830,45	-0,14231
830,69	3,04103
830,94	4,49103
831,19	-0,72564
831,44	-15,55897
831,69	-8,54231
831,94	-18,19231
832,19	-2,20897
832,44	-18,27564
832,69	-15,77564
832,93	-16,04231
833,18	3,77436
833,43	-3,40897
833,68	-11,32564
833,93	-10,80897
834,18	-0,99231
834,43	5,79103
834,68	-5,47564
834,92	-16,14231
835,17	-12,92564
835,42	-3,55897
835,67	10,45769
835,92	-0,30897
836,17	-10,24231
836,42	-21,15897
836,67	-36,97564
836,91	-22,37564
837,16	-17,00897
837,41	-12,87564
837,66	-1,50897
837,91	14,59103
838,16	24,35769
838,41	10,27436
838,66	-14,14231
838,90	-0,77564
839,15	-11,52564
839,40	-1,64231
839,65	-16,42564
839,90	-18,87564
840,15	-11,40897
840,40	-18,72564
840,64	-2,00897
840,89	-19,90897
841,14	-4,17564
841,39	-15,29231
841,64	-15,59231
841,89	-13,25897
842,14	-28,09231
842,38	1,44103
842,63	5,15769
842,88	9,09103
843,13	-16,45897
843,38	-15,50897
843,63	-8,79231
843,87	3,84103
844,12	-12,12564
844,37	-12,60897
844,62	-18,20897
844,87	-11,89231
845,12	-2,12564
845,37	-10,05897
845,61	-12,70897
845,86	-22,90897
846,11	-17,24231
846,36	-19,74231
846,61	-9,35897
846,86	-7,30897
847,10	1,84103
847,35	14,79103
847,60	14,67436
847,85	11,15769
848,10	-3,25897
848,35	-0,84231
848,59	8,34103
848,84	-3,25897
849,09	3,80769
849,34	-5,40897
849,59	3,17436
849,84	-21,09231
850,08	-14,24231
850,33	-24,29231
850,58	-16,35897
850,83	-13,35897
851,08	-17,67564
851,32	-22,40897
851,57	-25,89231
851,82	1,60769
852,07	7,92436
852,32	20,35769
852,57	-6,27564
852,81	11,47436
853,06	-10,37564
853,31	10,84103
853,56	-6,72564
853,81	-4,65897
854,05	-6,42564
854,30	-10,85897
854,55	-8,32564
854,80	-18,80897
855,05	15,74103
855,29	14,82436
855,54	21,59103
855,79	-4,67564
856,04	-7,57564
856,29	-11,20897
856,53	-3,50897
856,78	-2,37564
857,03	-11,74231
857,28	-18,32564
857,53	-15,14231
857,77	4,79103
858,02	-2,74231
858,27	-3,52564
858,52	-12,57564
858,77	-18,77564
859,01	-25,47564
859,26	-25,65897
859,51	-11,50897
859,76	-18,84231
860,01	-22,32564
860,25	-29,34231
860,50	-10,09231
860,75	-8,25897
861,00	4,87436
861,25	-0,02564
861,49	0,30769
861,74	-6,22564
861,99	-18,15897
862,24	-23,67564
862,48	-26,57564
862,73	-23,90897
862,98	-23,82564
863,23	-11,54231
863,48	2,29103
863,72	19,04103
863,97	26,89103
864,22	26,15769
864,47	1,94103
864,71	-19,79231
864,96	-11,07564
865,21	-5,24231
865,46	-9,50897
865,70	-27,07564
865,95	-36,67564
866,20	-29,40897
866,45	-9,37564
866,70	7,49103
866,94	22,05769
867,19	-0,90897
867,44	-3,49231
867,69	-11,44231
867,93	-11,80897
868,18	-8,99231
868,43	-9,95897
868,68	-2,05897
868,92	-6,05897
869,17	-17,10897
869,42	-5,29231
869,67	-10,25897
869,91	-9,92564
870,16	-29,25897
870,41	-13,87564
870,66	-3,70897
870,90	13,67436
871,15	2,65769
871,40	-8,64231
871,65	-23,29231
871,89	-15,27564
872,14	-12,29231
872,39	-8,52564
872,64	-13,24231
872,88	-13,95897
873,13	-23,04231
873,38	-33,90897
873,63	-12,85897
873,87	-7,55897
874,12	-20,19231
874,37	-46,04231
874,62	-43,30897
874,86	-30,64231
875,11	-21,15897
875,36	-21,00897
875,60	-25,67564
875,85	-18,34231
876,10	-10,14231
876,35	5,75769
876,59	-2,09231
876,84	-12,55897
877,09	-11,80897
877,34	-4,37564
877,58	-4,77564
877,83	-8,70897
878,08	-15,22564
878,32	-16,47564
878,57	-25,65897
878,82	-13,87564
879,07	-15,90897
879,31	-10,67564
879,56	-17,42564
879,81	-15,35897
880,06	-20,04231
880,30	-30,84231
880,55	-5,54231
880,80	3,09103
881,04	7,84103
881,29	12,00769
881,54	18,35769
881,79	14,59103
882,03	-21,57564
882,28	-14,35897
882,53	-6,64231
882,77	12,85769
883,02	0,39103
883,27	-0,39231
883,51	-14,20897
883,76	-9,89231
884,01	-2,19231
884,26	-5,24231
884,50	-10,64231
884,75	-30,37564
885,00	-24,60897
885,24	-24,94231
885,49	-19,15897
885,74	-2,35897
885,98	-18,90897
886,23	-24,20897
886,48	-34,57564
886,73	-8,04231
886,97	5,60769
887,22	-6,34231
887,47	-26,85897
887,71	-37,20897
887,96	-35,55897
888,21	-21,20897
888,45	-12,89231
888,70	2,59103
888,95	-11,65897
889,19	-18,49231
889,44	-26,80897
889,69	-14,59231
889,93	-28,79231
890,18	-19,34231
890,43	-15,99231
890,67	2,69103
890,92	-18,95897
891,17	-9,77564
891,42	2,22436
891,66	28,92436
891,91	22,55769
892,16	16,64103
892,40	18,65769
892,65	13,60769
892,90	3,84103
893,14	-8,75897
893,39	-10,79231
893,64	-13,22564
893,88	-32,00897
894,13	-17,47564
894,38	-6,60897
894,62	-0,42564
894,87	-23,89231
895,12	-40,52564
895,36	-36,14231
895,61	-30,39231
895,86	-25,14231
896,10	-28,25897
896,35	-32,00897
896,60	-44,19231
896,84	-44,32564
897,09	-38,14231
897,33	-18,22564
897,58	-17,49231
897,83	-16,65897
898,07	-23,10897
898,32	-18,09231
898,57	-15,47564
898,81	-5,70897
899,06	5,52436
899,31	31,84103
899,55	32,29103
899,80	8,97436
900,05	-19,94231
900,29	-29,65897
900,54	-4,24231
900,79	-7,05897
901,03	-8,87564
901,28	-20,64231
901,52	-5,19231
901,77	10,10769
902,02	18,02436
902,26	-6,57564
902,51	-20,19231
902,76	-46,37564
903,00	-26,47564
903,25	-32,42564
903,50	-17,25897
903,74	-29,57564
903,99	-31,62564
904,23	-27,49231
904,48	-23,12564
904,73	-3,09231
904,97	-0,74231
905,22	9,67436
905,47	-3,40897
905,71	-0,19231
905,96	-9,04231
906,20	3,22436
906,45	-2,12564
906,70	0,14103
906,94	-6,39231
907,19	-9,07564
907,44	-20,92564
907,68	-33,49231
907,93	-31,05897
908,17	-41,62564
908,42	-28,69231
908,67	-42,32564
908,91	-15,00897
909,16	-5,77564
909,40	-2,24231
909,65	-19,87564
909,90	-29,32564
910,14	-26,87564
910,39	-35,82564
910,63	-30,89231
910,88	-15,82564
911,13	17,15769
911,37	14,42436
911,62	1,25769
911,86	-20,07564
912,11	-19,90897
912,36	-11,87564
912,60	-10,10897
912,85	1,60769
913,09	-0,19231
913,34	14,77436
913,59	-14,05897
913,83	-8,39231
914,08	-25,09231
914,32	-0,39231
914,57	-0,80897
914,82	12,05769
915,06	5,97436
915,31	-1,24231
915,55	-0,00897
915,80	8,72436
916,05	0,04103
916,29	-20,19231
916,54	-37,19231
916,78	-17,94231
917,03	0,82436
917,27	3,04103
917,52	-12,75897
917,77	-12,54231
918,01	-8,29231
918,26	-12,42564
918,50	-26,00897
918,75	-31,97564
919,00	-27,49231
919,24	-26,24231
919,49	-36,40897
919,73	-30,75897
919,98	-34,84231
920,22	-21,22564
920,47	-26,09231
920,72	-26,74231
920,96	-31,32564
921,21	-28,75897
921,45	-22,14231
921,70	-26,79231
921,94	-18,65897
922,19	-8,84231
922,43	-6,04231
922,68	13,39103
922,93	11,89103
923,17	11,05769
923,42	-25,07564
923,66	-27,34231
923,91	-27,82564
924,15	-16,40897
924,40	-18,82564
924,64	-19,97564
924,89	-24,62564
925,14	-22,29231
925,38	-20,19231
925,63	-5,94231
925,87	-2,59231
926,12	9,87436
926,36	-5,67564
926,61	-17,17564
926,85	51,35769
927,10	48,22436
927,35	45,67436
927,59	-24,20897
927,84	-28,64231
928,08	-15,10897
928,33	-26,79231
928,57	-16,55897
928,82	-12,49231
929,06	-5,87564
929,31	-4,20897
929,55	-11,72564
929,80	-5,35897
930,04	-7,52564
930,29	-11,65897
930,54	-16,79231
930,78	-20,22564
931,03	-27,65897
931,27	-18,74231
931,52	-15,64231
931,76	-8,17564
932,01	-31,94231
932,25	-35,94231
932,50	-18,92564
932,74	-9,15897
932,99	12,07436
933,23	-8,10897
933,48	-0,40897
933,72	-13,39231
933,97	-16,94231
934,21	5,32436
934,46	18,69103
934,70	40,14103
934,95	16,22436
935,19	-11,72564
935,44	-30,82564
935,68	-33,00897
935,93	-18,19231
936,18	-10,09231
936,42	-10,80897
936,67	-20,25897
936,91	-13,85897
937,16	9,90769
937,40	9,40769
937,65	-13,89231
937,89	-35,74231
938,14	-35,54231
938,38	-23,19231
938,63	-16,10897
938,87	-15,15897
939,12	-7,47564
939,36	11,72436
939,61	20,67436
939,85	9,60769
940,10	-24,10897
940,34	-24,89231
940,59	-23,37564
940,83	-27,72564
941,08	-21,87564
941,32	-12,69231
941,57	6,80769
941,81	-12,15897
942,06	-19,34231
942,30	-23,95897
942,55	-10,39231
942,79	-21,14231
943,03	-19,35897
943,28	-12,65897
943,52	21,20769
943,77	7,32436
944,01	-15,85897
944,26	-48,32564
944,50	-50,20897
944,75	-16,34231
944,99	3,60769
945,24	11,95769
945,48	7,79103
945,73	55,10769
945,97	49,29103
946,22	31,10769
946,46	-24,20897
946,71	-5,60897
946,95	-2,89231
947,20	-15,30897
947,44	-30,14231
947,69	-25,84231
947,93	-19,29231
948,17	-23,14231
948,42	-35,97564
948,66	-29,29231
948,91	-33,84231
949,15	-36,27564
949,40	-45,37564
949,64	-30,87564
949,89	-23,32564
950,13	-19,49231
950,38	-33,77564
950,62	-28,10897
950,87	-20,89231
951,11	2,09103
951,35	-7,67564
951,60	-10,79231
951,84	-24,65897
952,09	-21,45897
952,33	-21,72564
952,58	-12,30897
952,82	-23,25897
953,07	-29,70897
953,31	-27,59231
953,56	-13,35897
953,80	-11,10897
954,04	-40,30897
954,29	-58,49231
954,53	-65,55897
954,78	-55,90897
955,02	-42,90897
955,27	-37,45897
955,51	-32,35897
955,76	-31,60897
956,00	-27,94231
956,24	-30,69231
956,49	-25,05897
956,73	-17,79231
956,98	-12,55897
957,22	6,07436
957,47	14,85769
957,71	6,65769
957,95	-2,47564
958,20	-7,20897
958,44	14,89103
958,69	-0,75897
958,93	-4,50897
959,18	-14,72564
959,42	2,37436
959,66	-8,47564
959,91	-20,24231
960,15	-41,29231
960,40	-40,22564
960,64	-33,69231
960,89	-18,62564
961,13	89,57436
961,37	104,60769
961,62	107,62436
961,86	10,87436
962,11	10,57436
962,35	-11,17564
962,59	-17,60897
962,84	-45,62564
963,08	-27,05897
963,33	-24,75897
963,57	-13,50897
963,81	-24,24231
964,06	-23,34231
964,30	-6,55897
964,55	-20,95897
964,79	4,84103
965,04	6,07436
965,28	14,10769
965,52	-13,30897
965,77	-26,90897
966,01	-17,47564
966,26	-17,00897
966,50	-10,24231
966,74	-2,92564
966,99	4,97436
967,23	3,30769
967,48	-7,24231
967,72	-17,35897
967,96	-31,62564
968,21	-22,67564
968,45	-23,94231
968,69	-13,54231
968,94	-0,19231
969,18	-9,57564
969,43	-20,70897
969,67	-36,79231
969,91	-16,80897
970,16	-4,87564
970,40	-9,02564
970,65	-17,65897
970,89	-34,85897
971,13	-30,12564
971,38	-30,74231
971,62	4,95769
971,86	-0,52564
972,11	5,89103
972,35	-20,10897
972,60	-8,09231
972,84	0,17436
973,08	1,84103
973,33	-9,50897
973,57	-13,60897
973,81	-2,99231
974,06	-4,00897
974,30	-21,69231
974,55	-19,95897
974,79	-6,37564
975,03	4,10769
975,28	-1,97564
975,52	-21,82564
975,76	-20,25897
976,01	-23,95897
976,25	-10,65897
976,50	-14,75897
976,74	-4,82564
976,98	-0,69231
977,23	-5,37564
977,47	-5,57564
977,71	-10,19231
977,96	-18,55897
978,20	-37,40897
978,44	-50,55897
978,69	-25,72564
978,93	-13,94231
979,17	-4,60897
979,42	-13,55897
979,66	-14,85897
979,90	-6,17564
980,15	17,24103
980,39	21,44103
980,64	4,44103
980,88	-2,39231
981,12	-1,09231
981,37	-1,19231
981,61	-10,94231
981,85	-24,20897
982,10	-14,67564
982,34	-39,47564
982,58	-28,05897
982,83	-44,32564
983,07	-37,44231
983,31	-40,32564
983,56	-39,47564
983,80	-28,94231
984,04	-26,74231
984,29	-4,24231
984,53	-2,49231
984,77	-3,95897
985,02	-4,22564
985,26	-23,80897
985,50	-4,95897
985,75	-17,25897
985,99	0,95769
986,23	-21,52564
986,48	-19,04231
986,72	-21,14231
986,96	-3,15897
987,20	-0,37564
987,45	-5,49231
987,69	-30,22564
987,93	-22,45897
988,18	-5,89231
988,42	7,79103
988,66	3,50769
988,91	-13,55897
989,15	-17,84231
989,39	-28,02564
989,64	-31,82564
989,88	-27,45897
990,12	-25,09231
990,37	-14,59231
990,61	-17,44231
990,85	-24,22564
991,10	-35,89231
991,34	-35,65897
991,58	-29,97564
991,82	-27,22564
992,07	-31,09231
992,31	-24,44231
992,55	-31,69231
992,80	-33,47564
993,04	-24,65897
993,28	2,97436
993,53	5,79103
993,77	-6,24231
994,01	-32,05897
994,25	-34,05897
994,50	-29,25897
994,74	-14,30897
994,98	-15,34231
995,23	-19,74231
995,47	-17,00897
995,71	-20,42564
995,95	-18,47564
996,20	-8,82564
996,44	2,39103
996,68	-3,40897
996,93	-23,77564
997,17	-25,14231
997,41	-17,47564
997,65	-24,74231
997,90	-33,57564
998,14	-39,67564
998,38	-24,35897
998,63	-22,02564
998,87	-22,05897
999,11	-34,74231
999,35	-31,25897
999,60	-35,15897
999,84	-27,99231
1000,08	-3,99231
1000,32	5,87436
1000,57	8,40769
1000,81	6,77436
1001,05	8,05769
1001,30	15,65769
1001,54	-2,45897
1001,78	11,17436
1002,02	6,39103
1002,27	11,05769
1002,51	-13,04231
1002,75	-13,79231
1002,99	-26,24231
1003,24	-29,27564
1003,48	-27,22564
1003,72	-37,80897
1003,96	-26,10897
1004,21	-17,94231
1004,45	6,00769
1004,69	7,95769
1004,93	-1,09231
1005,18	-3,17564
1005,42	2,45769
1005,66	-8,79231
1005,90	-20,80897
1006,15	-39,82564
1006,39	-21,45897
1006,63	-0,79231
1006,87	14,29103
1007,12	4,47436
1007,36	1,34103
1007,60	5,05769
1007,84	-2,70897
1008,09	-10,64231
1008,33	-26,47564
1008,57	-15,39231
1008,81	-9,69231
1009,06	-7,89231
1009,30	-11,40897
1009,54	-9,64231
1009,78	-2,55897
1010,03	-1,24231
1010,27	-18,64231
1010,51	-17,17564
1010,75	-20,84231
1010,99	-5,79231
1011,24	-6,42564
1011,48	22,27436
1011,72	15,57436
1011,96	24,44103
1012,21	2,35769
1012,45	0,72436
1012,69	-8,30897
1012,93	-18,15897
1013,18	-13,65897
1013,42	-14,79231
1013,66	-6,47564
1013,90	-17,34231
1014,14	-18,55897
1014,39	-12,95897
1014,63	-8,57564
1014,87	1,87436
1015,11	-12,24231
1015,35	-27,89231
1015,60	-17,14231
1015,84	-6,90897
1016,08	-1,02564
1016,32	-17,57564
1016,57	-27,12564
1016,81	-20,45897
1017,05	-17,25897
1017,29	-8,24231
1017,53	-9,00897
1017,78	-12,04231
1018,02	-24,47564
1018,26	-13,59231
1018,50	-21,72564
1018,74	-2,14231
1018,99	-16,74231
1019,23	-20,79231
1019,47	-36,30897
1019,71	-24,82564
1019,95	-9,49231
1020,20	-8,70897
1020,44	-18,49231
1020,68	-21,87564
1020,92	-5,79231
1021,16	-3,24231
1021,41	-3,57564
1021,65	-25,32564
1021,89	-27,25897
1022,13	-34,99231
1022,37	-34,40897
1022,61	-38,97564
1022,86	-42,15897
1023,10	-19,32564
1023,34	-15,54231
1023,58	-4,62564
1023,82	-30,62564
1024,07	-24,92564
1024,31	-15,37564
1024,55	-6,59231
1024,79	-1,00897
1025,03	-22,55897
1025,27	-15,29231
1025,52	-32,54231
1025,76	-29,60897
1026,00	-21,22564
1026,24	-17,49231
1026,48	-18,07564
1026,73	-25,09231
1026,97	0,30769
1027,21	9,95769
1027,45	10,82436
1027,69	-7,29231
1027,93	-2,05897
1028,18	-1,92564
1028,42	4,24103
1028,66	1,64103
1028,90	4,47436
1029,14	1,15769
1029,38	-13,55897
1029,62	-8,40897
1029,87	-7,15897
1030,11	8,79103
1030,35	-8,49231
1030,59	-11,42564
1030,83	-23,69231
1031,07	-26,02564
1031,32	-34,45897
1031,56	-12,75897
1031,80	2,24103
1032,04	18,20769
1032,28	-3,87564
1032,52	-5,14231
1032,76	-7,42564
1033,01	-8,49231
1033,25	-6,39231
1033,49	-11,25897
1033,73	-9,40897
1033,97	-25,74231
1034,21	-34,75897
1034,45	-39,82564
1034,70	-43,59231
1034,94	-31,24231
1035,18	56,47436
1035,42	65,32436
1035,66	78,82436
1035,90	6,92436
1036,14	-7,82564
1036,39	-11,15897
1036,63	-24,27564
1036,87	15,69103
1037,11	2,70769
1037,35	7,92436
1037,59	-0,14231
1037,83	14,72436
1038,07	41,24103
1038,32	22,15769
1038,56	8,64103
1038,80	10,69103
1039,04	26,07436
1039,28	35,34103
1039,52	11,24103
1039,76	-5,40897
1040,00	-6,42564
1040,25	-21,00897
1040,49	-16,80897
1040,73	-19,52564
1040,97	-10,84231
1041,21	1,72436
1041,45	5,80769
1041,69	23,50769
1041,93	-0,89231
1042,17	-9,00897
1042,42	-29,92564
1042,66	-24,09231
1042,90	-13,42564
1043,14	-20,22564
1043,38	-6,84231
1043,62	-19,02564
1043,86	-8,74231
1044,10	-6,20897
1044,34	17,75769
1044,59	21,67436
1044,83	14,97436
1045,07	-4,82564
1045,31	-2,20897
1045,55	-9,52564
1045,79	-31,87564
1046,03	-24,84231
1046,27	-7,19231
1046,51	12,24103
1046,75	-4,97564
1047,00	-14,70897
1047,24	-9,79231
1047,48	-5,30897
1047,72	-5,50897
1047,96	-14,89231
1048,20	-2,49231
1048,44	3,20769
1048,68	2,80769
1048,92	-9,20897
1049,16	-28,72564
1049,40	-26,49231
1049,64	-29,54231
1049,89	-6,82564
1050,13	-2,55897
1050,37	25,02436
1050,61	23,69103
1050,85	34,20769
1051,09	17,94103
1051,33	15,72436
1051,57	18,42436
1051,81	13,97436
1052,05	16,09103
1052,29	22,70769
1052,53	12,69103
1052,77	30,55769
1053,02	15,75769
1053,26	32,20769
1053,50	15,02436
1053,74	8,87436
1053,98	5,10769
1054,22	-8,65897
1054,46	-1,60897
1054,70	3,49103
1054,94	1,97436
1055,18	6,35769
1055,42	17,45769
1055,66	27,09103
1055,90	15,39103
1056,14	9,52436
1056,38	28,42436
1056,62	33,85769
1056,86	39,00769
1057,11	27,79103
1057,35	26,50769
1057,59	1,95769
1057,83	13,95769
1058,07	31,05769
1058,31	71,85769
1058,55	70,44103
1058,79	58,52436
1059,03	26,30769
1059,27	25,35769
1059,51	26,27436
1059,75	38,57436
1059,99	28,05769
1060,23	36,25769
1060,47	60,39103
1060,71	81,80769
1060,95	63,89103
1061,19	42,19103
1061,43	34,95769
1061,67	68,45769
1061,91	79,90769
1062,15	75,02436
1062,39	63,52436
1062,64	77,39103
1062,88	87,59103
1063,12	104,75769
1063,36	139,29103
1063,60	237,07436
1063,84	546,84103
1064,08	1397,19103
1064,32	2798,94103
1064,56	3823,79103
1064,80	3603,00769
1065,04	2698,84103
1065,28	1667,34103
1065,52	1235,30769
1065,76	794,60769
1066,00	620,44103
1066,24	478,12436
1066,48	421,59103
1066,72	360,19103
1066,96	317,64103
1067,20	260,47436
1067,44	226,85769
1067,68	198,37436
1067,92	175,25769
1068,16	161,29103
1068,40	154,94103
1068,64	155,55769
1068,88	143,49103
1069,12	120,30769
1069,36	122,20769
1069,60	104,52436
1069,84	133,75769
1070,08	119,20769
1070,32	132,32436
1070,56	104,77436
1070,80	99,59103
1071,04	134,52436
1071,28	130,70769
1071,52	135,37436
1071,76	81,72436
1072,00	84,30769
1072,24	65,77436
1072,48	63,82436
1072,72	55,42436
1072,96	67,79103
1073,20	48,09103
1073,44	56,29103
1073,68	47,39103
1073,92	60,70769
1074,16	38,05769
1074,40	29,64103
1074,64	16,75769
1074,88	16,54103
1075,12	22,99103
1075,36	24,50769
1075,60	31,09103
1075,84	18,57436
1076,08	17,89103
1076,32	7,85769
1076,56	1,47436
1076,80	0,30769
1077,04	-14,10897
1077,28	-13,90897
1077,52	-27,57564
1077,76	-30,30897
1078,00	-21,32564
1078,24	9,47436
1078,48	22,05769
1078,71	13,44103
1078,95	-2,69231
1079,19	-15,17564
1079,43	-31,62564
1079,67	-35,59231
1079,91	-15,42564
1080,15	-2,99231
1080,39	-5,29231
1080,63	-6,45897
1080,87	-4,82564
1081,11	-3,70897
1081,35	-7,87564
1081,59	5,27436
1081,83	3,37436
1082,07	-8,57564
1082,31	-15,22564
1082,55	-16,97564
1082,79	-13,82564
1083,03	-10,75897
1083,27	-22,29231
1083,51	-15,34231
1083,75	-21,39231
1083,99	5,34103
1084,22	5,12436
1084,46	-0,57564
1084,70	2,72436
1084,94	-4,04231
1085,18	-2,05897
1085,42	-30,55897
1085,66	-24,80897
1085,90	-27,79231
1086,14	-2,52564
1086,38	14,10769
1086,62	6,85769
1086,86	9,64103
1087,10	-6,69231
1087,34	4,77436
1087,58	-16,39231
1087,82	-20,40897
1088,06	-10,44231
1088,29	9,17436
1088,53	3,10769
1088,77	-12,60897
1089,01	-13,27564
1089,25	-6,12564
1089,49	2,24103
1089,73	-12,97564
1089,97	-6,47564
1090,21	-13,09231
1090,45	-6,85897
1090,69	-17,20897
1090,93	-17,79231
1091,17	-30,84231
1091,40	-4,90897
1091,64	-10,44231
1091,88	-4,84231
1092,12	-31,49231
1092,36	-20,87564
1092,60	-21,14231
1092,84	-6,65897
1093,08	1,42436
1093,32	8,99103
1093,56	7,84103
1093,80	18,27436
1094,04	11,57436
1094,27	0,94103
1094,51	-6,25897
1094,75	4,07436
1094,99	8,30769
1095,23	1,69103
1095,47	85,04103
1095,71	81,29103
1095,95	74,64103
1096,19	-16,90897
1096,43	-7,72564
1096,66	-23,09231
1096,90	-29,07564
1097,14	-31,09231
1097,38	-32,20897
1097,62	-22,74231
1097,86	-28,42564
1098,10	-9,27564
1098,34	-5,04231
1098,58	-12,20897
1098,81	-12,69231
1099,05	-12,07564
1099,29	18,40769
1099,53	27,50769
1099,77	22,34103
1100,01	-8,02564
1100,25	-15,40897
1100,49	-11,32564
1100,73	16,50769
1100,96	34,92436
1101,20	41,85769
1101,44	7,77436
1101,68	-7,17564
1101,92	-19,44231
1102,16	-6,90897
1102,40	-0,44231
1102,64	6,55769
1102,87	13,20769
1103,11	-1,34231
1103,35	-2,50897
1103,59	-13,67564
1103,83	-15,55897
1104,07	-5,22564
1104,31	-1,70897
1104,55	0,24103
1104,78	-21,30897
1105,02	-10,67564
1105,26	-19,35897
1105,50	-7,42564
1105,74	-26,85897
1105,98	-17,07564
1106,22	-5,19231
1106,45	-0,84231
1106,69	-7,55897
1106,93	-17,39231
1107,17	-15,85897
1107,41	-15,54231
1107,65	-23,57564
1107,89	-16,02564
1108,12	-11,49231
1108,36	-27,47564
1108,60	-24,39231
1108,84	-20,35897
1109,08	-10,72564
1109,32	-11,67564
1109,55	-18,15897
1109,79	4,59103
1110,03	-5,72564
1110,27	-0,44231
1110,51	-17,24231
1110,75	-24,09231
1110,99	-27,64231
1111,22	-34,70897
1111,46	-30,70897
1111,70	-35,32564
1111,94	-45,32564
1112,18	-51,29231
1112,42	-43,74231
1112,65	-25,02564
1112,89	-10,77564
1113,13	-16,97564
1113,37	-13,72564
1113,61	-9,67564
1113,85	13,52436
1114,08	4,35769
1114,32	-8,24231
1114,56	-13,30897
1114,80	-11,54231
1115,04	6,25769
1115,28	-11,84231
1115,51	-6,67564
1115,75	-6,69231
1115,99	-4,34231
1116,23	-4,30897
1116,47	-3,77564
1116,70	-4,74231
1116,94	-14,57564
1117,18	-11,05897
1117,42	-15,52564
1117,66	-2,32564
1117,90	-27,24231
1118,13	-26,89231
1118,37	-51,39231
1118,61	-45,72564
1118,85	-36,85897
1119,09	-33,50897
1119,32	-22,57564
1119,56	-18,47564
1119,80	-24,40897
1120,04	-38,57564
1120,28	-30,97564
1120,51	-21,24231
1120,75	-13,67564
1120,99	-31,79231