194,56	-210,70769
194,83	-210,70769
195,09	-201,07436
195,36	-130,00769
195,63	-61,62436
195,90	-5,32436
196,17	-18,95769
196,44	-32,52436
196,71	-22,44103
196,97	-10,40769
197,24	13,74231
197,51	-7,85769
197,78	8,54231
198,05	11,99231
198,32	25,09231
198,59	4,80897
198,86	8,64231
199,12	4,84231
199,39	11,99231
199,66	12,05897
199,93	23,35897
200,20	24,40897
200,47	3,60897
200,74	2,72564
201,00	-5,80769
201,27	5,22564
201,54	-7,47436
201,81	16,17564
202,08	-5,20769
202,35	8,34231
202,61	2,10897
202,88	52,89231
203,15	31,84231
203,42	18,25897
203,69	-14,60769
203,96	-2,30769
204,23	3,00897
204,49	-2,84103
204,76	21,99231
205,03	32,32564
205,30	35,49231
205,57	16,45897
205,84	17,90897
206,10	38,40897
206,37	47,00897
206,64	51,17564
206,91	46,00897
207,18	31,17564
207,45	27,12564
207,71	13,65897
207,98	29,87564
208,25	16,39231
208,52	10,52564
208,79	-1,49103
209,06	5,70897
209,32	16,72564
209,59	24,90897
209,86	-0,64103
210,13	5,40897
210,40	15,77564
210,67	47,40897
210,93	40,77564
211,20	14,25897
211,47	9,69231
211,74	30,44231
212,01	34,34231
212,28	46,10897
212,54	47,69231
212,81	49,74231
213,08	39,64231
213,35	31,10897
213,62	44,74231
213,88	50,85897
214,15	35,84231
214,42	25,79231
214,69	29,67564
214,96	34,65897
215,23	58,04231
215,49	43,50897
215,76	41,85897
216,03	34,64231
216,30	22,80897
216,57	10,27564
216,83	5,15897
217,10	9,30897
217,37	29,82564
217,64	51,47564
217,91	63,89231
218,17	31,95897
218,44	-12,57436
218,71	-10,92436
218,98	12,77564
219,25	47,59231
219,51	49,59231
219,78	44,77564
220,05	25,79231
220,32	11,40897
220,59	20,00897
220,85	21,40897
221,12	40,34231
221,39	52,85897
221,66	53,79231
221,93	33,25897
222,19	8,12564
222,46	22,34231
222,73	37,79231
223,00	59,44231
223,27	42,19231
223,53	36,54231
223,80	23,44231
224,07	34,44231
224,34	51,72564
224,61	49,42564
224,87	30,52564
225,14	4,40897
225,41	7,40897
225,68	31,32564
225,94	45,45897
226,21	47,87564
226,48	29,04231
226,75	28,95897
227,02	15,60897
227,28	22,44231
227,55	8,30897
227,82	17,60897
228,09	-5,39103
228,36	-6,22436
228,62	-1,12436
228,89	20,52564
229,16	28,29231
229,43	23,55897
229,69	21,89231
229,96	24,25897
230,23	17,52564
230,50	23,37564
230,76	13,59231
231,03	17,32564
231,30	19,74231
231,57	29,32564
231,84	30,04231
232,10	16,99231
232,37	15,92564
232,64	5,70897
232,91	9,50897
233,17	19,24231
233,44	28,44231
233,71	29,80897
233,98	8,99231
234,24	8,82564
234,51	27,74231
234,78	38,04231
235,05	53,37564
235,31	35,70897
235,58	32,35897
235,85	10,04231
236,12	-3,27436
236,39	19,15897
236,65	30,72564
236,92	77,49231
237,19	69,40897
237,46	102,90897
237,72	70,97564
237,99	50,97564
238,26	19,85897
238,53	40,45897
238,79	41,97564
239,06	36,40897
239,33	6,52564
239,60	1,97564
239,86	-8,30769
240,13	-12,80769
240,40	-16,80769
240,67	11,59231
240,93	25,47564
241,20	28,47564
241,47	6,82564
241,73	7,35897
242,00	13,52564
242,27	19,37564
242,54	20,05897
242,80	20,99231
243,07	26,82564
243,34	25,35897
243,61	59,29231
243,87	42,17564
244,14	36,92564
244,41	-2,74103
244,68	9,69231
244,94	14,49231
245,21	25,25897
245,48	33,45897
245,74	26,84231
246,01	38,34231
246,28	25,65897
246,55	23,97564
246,81	0,35897
247,08	5,05897
247,35	17,04231
247,62	19,15897
247,88	4,17564
248,15	8,35897
248,42	46,40897
248,68	51,57564
248,95	34,27564
249,22	4,64231
249,49	13,67564
249,75	15,94231
250,02	25,00897
250,29	18,04231
250,56	34,40897
250,82	40,99231
251,09	44,65897
251,36	51,37564
251,62	27,32564
251,89	30,92564
252,16	44,65897
252,43	71,42564
252,69	62,52564
252,96	27,89231
253,23	19,69231
253,49	26,97564
253,76	38,07564
254,03	56,02564
254,29	57,79231
254,56	55,77564
254,83	30,92564
255,10	10,62564
255,36	7,94231
255,63	17,32564
255,90	42,12564
256,16	46,84231
256,43	25,00897
256,70	28,94231
256,96	25,80897
257,23	35,89231
257,50	25,39231
257,77	33,10897
258,03	32,75897
258,30	40,90897
258,57	20,39231
258,83	25,19231
259,10	18,39231
259,37	21,77564
259,63	8,69231
259,90	21,64231
260,17	19,94231
260,43	27,29231
260,70	11,30897
260,97	33,37564
261,24	40,64231
261,50	42,62564
261,77	28,95897
262,04	16,24231
262,30	9,29231
262,57	6,44231
262,84	18,82564
263,10	44,02564
263,37	57,27564
263,64	38,25897
263,90	14,44231
264,17	1,65897
264,44	9,75897
264,70	9,57564
264,97	24,30897
265,24	46,72564
265,50	60,57564
265,77	59,34231
266,04	40,25897
266,30	27,17564
266,57	6,65897
266,84	6,65897
267,10	11,80897
267,37	42,04231
267,64	49,09231
267,90	57,40897
268,17	44,57564
268,44	32,85897
268,70	13,10897
268,97	-12,77436
269,24	-3,49103
269,50	12,95897
269,77	33,90897
270,04	44,37564
270,30	34,17564
270,57	43,72564
270,84	17,97564
271,10	31,25897
271,37	18,20897
271,64	45,62564
271,90	70,94231
272,17	73,84231
272,44	62,19231
272,70	32,97564
272,97	27,02564
273,24	18,12564
273,50	24,77564
273,77	38,64231
274,04	45,82564
274,30	35,54231
274,57	24,32564
274,84	37,49231
275,10	41,94231
275,37	41,77564
275,64	23,34231
275,90	6,75897
276,17	2,69231
276,43	11,97564
276,70	12,72564
276,97	8,29231
277,23	19,57564
277,50	20,42564
277,77	11,25897
278,03	-22,49103
278,30	-6,65769
278,57	-3,47436
278,83	6,25897
279,10	7,72564
279,37	3,17564
279,63	4,90897
279,90	13,57564
280,16	34,64231
280,43	49,80897
280,70	39,94231
280,96	56,65897
281,23	52,52564
281,50	40,75897
281,76	21,19231
282,03	22,10897
282,29	28,70897
282,56	28,29231
282,83	15,69231
283,09	3,05897
283,36	8,07564
283,63	15,17564
283,89	28,70897
284,16	30,44231
284,42	33,67564
284,69	35,04231
284,96	30,07564
285,22	25,97564
285,49	29,69231
285,76	29,60897
286,02	51,95897
286,29	56,52564
286,55	53,59231
286,82	28,19231
287,09	8,90897
287,35	24,99231
287,62	16,45897
287,88	25,37564
288,15	-1,55769
288,42	-4,39103
288,68	6,67564
288,95	18,84231
289,22	36,89231
289,48	32,20897
289,75	35,24231
290,01	39,07564
290,28	18,67564
290,55	22,39231
290,81	3,75897
291,08	25,34231
291,34	33,90897
291,61	53,30897
291,88	50,62564
292,14	22,85897
292,41	17,74231
292,67	35,79231
292,94	54,57564
293,21	50,35897
293,47	37,62564
293,74	37,27564
294,00	23,24231
294,27	5,49231
294,54	-5,22436
294,80	10,14231
295,07	31,69231
295,33	27,39231
295,60	29,30897
295,86	12,34231
296,13	7,27564
296,40	-6,75769
296,66	4,90897
296,93	44,92564
297,19	63,72564
297,46	57,62564
297,73	37,17564
297,99	22,82564
298,26	6,34231
298,52	-8,89103
298,79	-6,75769
299,05	-14,54103
299,32	4,92564
299,59	20,27564
299,85	36,69231
300,12	22,14231
300,38	4,00897
300,65	-4,69103
300,92	5,29231
301,18	8,62564
301,45	27,32564
301,71	11,90897
301,98	21,54231
302,24	29,74231
302,51	42,72564
302,78	41,39231
303,04	22,67564
303,31	25,35897
303,57	31,19231
303,84	29,25897
304,10	9,44231
304,37	5,57564
304,63	18,60897
304,90	37,20897
305,17	39,19231
305,43	27,75897
305,70	42,82564
305,96	39,10897
306,23	37,94231
306,49	30,45897
306,76	28,12564
307,03	28,12564
307,29	11,42564
307,56	22,19231
307,82	27,89231
308,09	35,17564
308,35	26,37564
308,62	39,69231
308,88	28,67564
309,15	32,44231
309,42	21,17564
309,68	27,44231
309,95	24,99231
310,21	9,24231
310,48	8,17564
310,74	5,65897
311,01	30,19231
311,27	20,92564
311,54	7,60897
311,80	-11,95769
312,07	10,07564
312,34	26,57564
312,60	17,50897
312,87	12,72564
313,13	21,04231
313,40	26,50897
313,66	28,35897
313,93	8,50897
314,19	33,57564
314,46	26,85897
314,72	40,60897
314,99	25,22564
315,25	15,80897
315,52	-0,07436
315,78	-3,85769
316,05	-2,04103
316,32	3,82564
316,58	4,37564
316,85	15,74231
317,11	17,35897
317,38	15,29231
317,64	13,80897
317,91	10,42564
318,17	8,85897
318,44	8,44231
318,70	1,04231
318,97	10,17564
319,23	28,94231
319,50	32,42564
319,76	24,79231
320,03	-1,19103
320,29	10,24231
320,56	13,82564
320,82	23,05897
321,09	21,00897
321,36	34,30897
321,62	28,60897
321,89	20,24231
322,15	2,67564
322,42	2,85897
322,68	16,64231
322,95	41,14231
323,21	53,59231
323,48	43,10897
323,74	25,59231
324,01	18,47564
324,27	10,79231
324,54	5,20897
324,80	13,95897
325,07	26,47564
325,33	41,42564
325,60	23,69231
325,86	28,49231
326,13	18,87564
326,39	28,45897
326,66	18,60897
326,92	21,60897
327,19	20,15897
327,45	17,27564
327,72	18,04231
327,98	16,02564
328,25	27,27564
328,51	18,92564
328,78	20,09231
329,04	17,04231
329,31	13,47564
329,57	4,00897
329,84	0,99231
330,10	13,09231
330,37	35,40897
330,63	32,27564
330,90	26,27564
331,16	22,39231
331,43	26,39231
331,69	41,09231
331,96	45,69231
332,22	49,59231
332,49	51,57564
332,75	35,92564
333,01	21,99231
333,28	3,29231
333,54	5,17564
333,81	30,70897
334,07	36,80897
334,34	28,97564
334,60	18,45897
334,87	25,24231
335,13	54,59231
335,40	42,55897
335,66	30,57564
335,93	8,69231
336,19	10,04231
336,46	22,40897
336,72	8,07564
336,99	7,20897
337,25	-1,14103
337,52	11,30897
337,78	27,75897
338,05	15,79231
338,31	25,99231
338,57	27,44231
338,84	26,70897
339,10	22,09231
339,37	8,07564
339,63	26,40897
339,90	27,69231
340,16	28,42564
340,43	13,57564
340,69	19,49231
340,96	9,24231
341,22	22,59231
341,49	1,70897
341,75	7,00897
342,01	4,32564
342,28	15,04231
342,54	41,89231
342,81	47,40897
343,07	56,49231
343,34	28,42564
343,60	27,25897
343,87	-2,75769
344,13	-2,95769
344,40	3,47564
344,66	18,60897
344,92	41,97564
345,19	21,52564
345,45	22,25897
345,72	23,12564
345,98	36,35897
346,25	39,99231
346,51	35,45897
346,78	33,39231
347,04	44,69231
347,30	32,49231
347,57	33,82564
347,83	22,92564
348,10	28,09231
348,36	31,82564
348,63	42,37564
348,89	41,94231
349,15	40,30897
349,42	31,14231
349,68	22,59231
349,95	16,40897
350,21	26,62564
350,48	35,39231
350,74	44,30897
351,01	30,90897
351,27	24,87564
351,53	13,49231
351,80	6,09231
352,06	12,44231
352,33	11,40897
352,59	10,19231
352,86	4,60897
353,12	15,30897
353,38	51,45897
353,65	44,37564
353,91	39,57564
354,18	31,95897
354,44	71,40897
354,70	68,17564
354,97	45,25897
355,23	22,67564
355,50	14,02564
355,76	27,44231
356,03	19,99231
356,29	46,59231
356,55	44,94231
356,82	41,42564
357,08	23,94231
357,35	21,74231
357,61	44,99231
357,87	55,87564
358,14	49,77564
358,40	28,12564
358,67	32,52564
358,93	36,94231
359,20	49,05897
359,46	43,09231
359,72	43,87564
359,99	36,17564
360,25	50,50897
360,52	64,15897
360,78	79,77564
361,04	78,30897
361,31	55,89231
361,57	28,95897
361,84	15,82564
362,10	22,62564
362,36	33,14231
362,63	40,75897
362,89	43,42564
363,16	51,12564
363,42	56,97564
363,68	52,92564
363,95	52,50897
364,21	31,95897
364,47	44,94231
364,74	46,04231
365,00	51,59231
365,27	36,59231
365,53	34,37564
365,79	47,20897
366,06	65,34231
366,32	83,45897
366,59	56,95897
366,85	48,74231
367,11	30,04231
367,38	49,79231
367,64	52,42564
367,91	52,42564
368,17	42,19231
368,43	28,39231
368,70	33,10897
368,96	31,85897
369,22	59,62564
369,49	64,60897
369,75	63,72564
370,02	51,30897
370,28	40,34231
370,54	49,29231
370,81	39,15897
371,07	39,15897
371,33	68,50897
371,60	46,37564
371,86	38,84231
372,13	3,95897
372,39	19,19231
372,65	32,49231
372,92	38,50897
373,18	60,09231
373,44	46,65897
373,71	24,42564
373,97	-4,67436
374,23	1,05897
374,50	33,29231
374,76	44,70897
375,03	47,79231
375,29	36,97564
375,55	41,39231
375,82	32,07564
376,08	26,64231
376,34	50,87564
376,61	41,10897
376,87	28,15897
377,13	-15,22436
377,40	2,22564
377,66	35,14231
377,92	70,84231
378,19	86,30897
378,45	87,50897
378,72	64,82564
378,98	58,80897
379,24	37,72564
379,51	47,52564
379,77	36,29231
380,03	6,07564
380,30	17,05897
380,56	16,89231
380,82	51,27564
381,09	36,29231
381,35	43,50897
381,61	29,15897
381,88	43,12564
382,14	50,47564
382,40	65,80897
382,67	51,00897
382,93	33,87564
383,19	20,97564
383,46	19,40897
383,72	25,57564
383,98	22,87564
384,25	38,52564
384,51	45,39231
384,77	46,59231
385,04	39,95897
385,30	23,00897
385,56	48,75897
385,83	66,92564
386,09	84,37564
386,35	79,20897
386,62	66,00897
386,88	80,57564
387,14	80,39231
387,41	67,09231
387,67	58,20897
387,93	55,67564
388,20	61,40897
388,46	50,82564
388,72	53,32564
388,99	50,95897
389,25	53,15897
389,51	37,35897
389,78	37,04231
390,04	46,57564
390,30	58,72564
390,56	56,50897
390,83	38,87564
391,09	44,40897
391,35	40,24231
391,62	52,97564
391,88	53,57564
392,14	71,12564
392,41	71,29231
392,67	49,10897
392,93	43,75897
393,20	20,70897
393,46	29,30897
393,72	7,84231
393,99	1,25897
394,25	10,05897
394,51	2,34231
394,77	29,24231
395,04	19,87564
395,30	43,12564
395,56	42,35897
395,83	35,57564
396,09	30,74231
396,35	34,10897
396,62	25,57564
396,88	41,09231
397,14	19,02564
397,40	62,05897
397,67	57,55897
397,93	58,09231
398,19	36,52564
398,46	32,00897
398,72	39,72564
398,98	32,49231
399,24	28,44231
399,51	28,15897
399,77	34,55897
400,03	23,55897
400,30	3,32564
400,56	27,25897
400,82	40,87564
401,08	45,70897
401,35	19,45897
401,61	26,49231
401,87	28,60897
402,14	38,57564
402,40	31,85897
402,66	49,20897
402,92	24,75897
403,19	17,40897
403,45	27,92564
403,71	40,90897
403,98	44,49231
404,24	30,69231
404,50	23,80897
404,76	35,74231
405,03	39,65897
405,29	51,40897
405,55	40,44231
405,81	52,67564
406,08	39,62564
406,34	38,45897
406,60	23,57564
406,87	34,60897
407,13	45,27564
407,39	39,87564
407,65	25,74231
407,92	8,20897
408,18	-2,24103
408,44	6,42564
408,70	8,79231
408,97	30,50897
409,23	39,87564
409,49	46,32564
409,75	36,30897
410,02	29,70897
410,28	19,35897
410,54	22,52564
410,80	28,70897
411,07	43,90897
411,33	57,72564
411,59	36,15897
411,85	53,12564
412,12	58,94231
412,38	75,85897
412,64	54,29231
412,90	28,42564
413,17	25,92564
413,43	18,22564
413,69	34,82564
413,95	32,27564
414,22	34,34231
414,48	6,12564
414,74	-10,35769
415,00	-12,22436
415,27	-7,25769
415,53	18,30897
415,79	17,87564
416,05	29,20897
416,32	24,35897
416,58	47,80897
416,84	61,60897
417,10	44,47564
417,37	29,90897
417,63	20,19231
417,89	35,12564
418,15	23,84231
418,41	8,12564
418,68	3,20897
418,94	16,27564
419,20	17,99231
419,46	31,27564
419,73	25,84231
419,99	44,17564
420,25	33,77564
420,51	82,57564
420,78	80,29231
421,04	62,59231
421,30	0,37564
421,56	5,00897
421,82	22,07564
422,09	47,02564
422,35	32,87564
422,61	37,07564
422,87	114,42564
423,14	101,79231
423,40	96,32564
423,66	-3,99103
423,92	19,54231
424,18	19,37564
424,45	20,82564
424,71	6,52564
424,97	11,77564
425,23	8,44231
425,49	7,12564
425,76	17,39231
426,02	39,47564
426,28	52,09231
426,54	42,45897
426,81	38,84231
427,07	33,52564
427,33	24,39231
427,59	21,77564
427,85	17,22564
428,12	29,67564
428,38	34,15897
428,64	33,67564
428,90	23,75897
429,16	21,95897
429,43	23,55897
429,69	24,39231
429,95	25,52564
430,21	35,95897
430,47	58,99231
430,74	43,64231
431,00	30,82564
431,26	-4,79103
431,52	1,87564
431,78	9,25897
432,05	34,29231
432,31	61,10897
432,57	53,60897
432,83	31,02564
433,09	6,04231
433,35	8,45897
433,62	4,90897
433,88	-3,17436
434,14	-5,92436
434,40	-4,79103
434,66	4,45897
434,93	2,05897
435,19	14,45897
435,45	8,25897
435,71	37,14231
435,97	43,20897
436,23	46,77564
436,50	34,12564
436,76	28,75897
437,02	34,62564
437,28	23,00897
437,54	34,99231
437,81	28,75897
438,07	31,52564
438,33	20,52564
438,59	10,74231
438,85	15,80897
439,11	0,07564
439,38	25,12564
439,64	14,10897
439,90	25,49231
440,16	9,70897
440,42	10,20897
440,68	17,84231
440,95	8,05897
441,21	25,02564
441,47	36,20897
441,73	41,97564
441,99	38,92564
442,25	22,20897
442,52	34,90897
442,78	20,92564
443,04	23,65897
443,30	14,72564
443,56	29,09231
443,82	33,07564
444,08	46,75897
444,35	40,90897
444,61	39,62564
444,87	10,24231
445,13	19,82564
445,39	-2,69103
445,65	12,10897
445,92	-24,30769
446,18	-7,69103
446,44	-3,09103
446,70	26,19231
446,96	38,99231
447,22	47,82564
447,48	50,35897
447,75	53,17564
448,01	63,52564
448,27	43,57564
448,53	30,37564
448,79	26,32564
449,05	45,59231
449,31	43,19231
449,58	32,57564
449,84	29,80897
450,10	43,80897
450,36	31,97564
450,62	26,75897
450,88	15,02564
451,14	11,74231
451,41	-2,55769
451,67	-13,75769
451,93	-5,05769
452,19	14,57564
452,45	39,65897
452,71	40,82564
452,97	20,02564
453,23	28,27564
453,50	29,15897
453,76	42,70897
454,02	25,27564
454,28	25,60897
454,54	29,07564
454,80	36,25897
455,06	32,75897
455,32	28,87564
455,59	7,65897
455,85	8,67564
456,11	2,79231
456,37	12,52564
456,63	13,87564
456,89	18,00897
457,15	40,55897
457,41	38,15897
457,68	52,52564
457,94	24,79231
458,20	26,89231
458,46	26,47564
458,72	39,29231
458,98	46,52564
459,24	43,64231
459,50	40,52564
459,76	31,24231
460,03	4,19231
460,29	3,44231
460,55	9,35897
460,81	25,70897
461,07	16,74231
461,33	31,99231
461,59	52,95897
461,85	42,64231
462,11	21,40897
462,37	6,40897
462,64	17,74231
462,90	8,32564
463,16	-1,30769
463,42	16,89231
463,68	24,24231
463,94	20,50897
464,20	7,74231
464,46	9,07564
464,72	30,82564
464,98	29,67564
465,24	46,34231
465,51	41,10897
465,77	47,24231
466,03	26,09231
466,29	24,20897
466,55	14,50897
466,81	22,82564
467,07	27,80897
467,33	35,17564
467,59	60,39231
467,85	50,49231
468,11	42,22564
468,38	7,85897
468,64	24,09231
468,90	19,92564
469,16	32,07564
469,42	16,62564
469,68	18,84231
469,94	28,35897
470,20	35,77564
470,46	35,10897
470,72	25,17564
470,98	6,57564
471,24	12,09231
471,50	12,25897
471,77	23,89231
472,03	29,85897
472,29	10,39231
472,55	10,35897
472,81	18,67564
473,07	29,64231
473,33	12,09231
473,59	2,30897
473,85	-0,59103
474,11	8,72564
474,37	5,59231
474,63	2,95897
474,89	24,07564
475,15	38,90897
475,41	66,99231
475,68	60,25897
475,94	48,57564
476,20	35,17564
476,46	41,35897
476,72	31,94231
476,98	35,45897
477,24	24,89231
477,50	30,24231
477,76	29,50897
478,02	39,34231
478,28	54,95897
478,54	59,65897
478,80	73,35897
479,06	85,07564
479,32	112,50897
479,58	104,80897
479,84	98,29231
480,10	72,54231
480,36	78,64231
480,63	87,50897
480,89	68,34231
481,15	64,22564
481,41	43,60897
481,67	61,49231
481,93	52,29231
482,19	47,12564
482,45	46,25897
482,71	36,70897
482,97	28,89231
483,23	19,27564
483,49	17,10897
483,75	31,62564
484,01	31,20897
484,27	26,70897
484,53	32,12564
484,79	80,15897
485,05	85,79231
485,31	81,69231
485,57	26,84231
485,83	31,19231
486,09	17,05897
486,35	20,25897
486,61	6,05897
486,87	1,47564
487,13	10,90897
487,39	26,19231
487,65	56,47564
487,91	57,20897
488,17	44,57564
488,43	11,30897
488,70	11,84231
488,96	18,72564
489,22	16,29231
489,48	4,65897
489,74	0,34231
490,00	15,49231
490,26	9,22564
490,52	28,17564
490,78	20,54231
491,04	32,54231
491,30	24,34231
491,56	37,09231
491,82	27,49231
492,08	18,57564
492,34	19,19231
492,60	29,99231
492,86	25,62564
493,12	26,82564
493,38	44,30897
493,64	73,59231
493,90	71,40897
494,16	37,77564
494,42	21,24231
494,68	22,35897
494,94	53,97564
495,20	72,87564
495,46	66,10897
495,72	49,10897
495,98	26,82564
496,24	14,12564
496,50	14,85897
496,76	35,14231
497,02	53,19231
497,28	61,20897
497,54	71,14231
497,80	74,34231
498,06	61,24231
498,32	27,04231
498,58	13,42564
498,84	8,85897
499,10	3,37564
499,36	15,52564
499,62	18,64231
499,88	37,49231
500,14	37,17564
500,40	30,87564
500,66	33,49231
500,92	43,34231
501,18	52,42564
501,44	45,00897
501,69	40,57564
501,95	60,97564
502,21	66,09231
502,47	54,35897
502,73	25,42564
502,99	22,57564
503,25	25,65897
503,51	35,54231
503,77	30,02564
504,03	32,89231
504,29	50,19231
504,55	66,10897
504,81	63,92564
505,07	43,92564
505,33	32,45897
505,59	34,40897
505,85	51,22564
506,11	54,94231
506,37	56,40897
506,63	42,47564
506,89	38,55897
507,15	48,37564
507,41	52,49231
507,67	59,62564
507,93	49,42564
508,19	46,44231
508,45	56,57564
508,71	56,15897
508,97	46,85897
509,23	31,65897
509,49	55,30897
509,74	84,59231
510,00	85,34231
510,26	74,57564
510,52	50,25897
510,78	56,74231
511,04	37,39231
511,30	60,52564
511,56	53,64231
511,82	57,77564
512,08	34,45897
512,34	53,75897
512,60	48,55897
512,86	53,59231
513,12	27,69231
513,38	21,97564
513,64	23,29231
513,90	29,19231
514,16	61,87564
514,42	75,02564
514,67	75,15897
514,93	62,62564
515,19	47,67564
515,45	50,24231
515,71	40,27564
515,97	54,32564
516,23	51,87564
516,49	49,89231
516,75	47,00897
517,01	58,42564
517,27	59,29231
517,53	51,50897
517,79	40,47564
518,05	38,42564
518,31	51,29231
518,56	62,34231
518,82	74,54231
519,08	50,92564
519,34	38,32564
519,60	25,52564
519,86	51,85897
520,12	54,90897
520,38	50,87564
520,64	53,10897
520,90	74,24231
521,16	79,69231
521,42	61,17564
521,68	29,17564
521,93	54,50897
522,19	63,15897
522,45	81,35897
522,71	56,47564
522,97	71,50897
523,23	60,70897
523,49	82,67564
523,75	73,74231
524,01	84,95897
524,27	57,84231
524,53	65,25897
524,79	68,82564
525,04	82,37564
525,30	61,45897
525,56	45,65897
525,82	29,50897
526,08	40,44231
526,34	32,30897
526,60	57,14231
526,86	43,35897
527,12	58,85897
527,38	40,27564
527,63	42,75897
527,89	37,44231
528,15	40,27564
528,41	41,37564
528,67	50,75897
528,93	64,25897
529,19	54,84231
529,45	41,17564
529,71	19,95897
529,97	29,52564
530,22	39,52564
530,48	52,40897
530,74	50,15897
531,00	47,52564
531,26	54,10897
531,52	55,64231
531,78	39,72564
532,04	35,59231
532,30	29,12564
532,55	72,49231
532,81	80,34231
533,07	79,64231
533,33	52,64231
533,59	34,15897
533,85	28,20897
534,11	53,25897
534,37	70,97564
534,62	87,49231
534,88	45,44231
535,14	22,07564
535,40	13,24231
535,66	27,67564
535,92	34,52564
536,18	43,00897
536,44	37,37564
536,69	26,20897
536,95	18,82564
537,21	24,95897
537,47	43,64231
537,73	59,40897
537,99	48,95897
538,25	36,70897
538,51	19,22564
538,76	25,25897
539,02	31,15897
539,28	50,60897
539,54	46,50897
539,80	39,57564
540,06	28,85897
540,32	50,35897
540,57	66,25897
540,83	77,67564
541,09	52,32564
541,35	36,97564
541,61	23,42564
541,87	23,15897
542,13	48,64231
542,38	64,72564
542,64	69,30897
542,90	59,07564
543,16	31,45897
543,42	43,40897
543,68	33,05897
543,94	46,09231
544,19	46,40897
544,45	59,94231
544,71	56,15897
544,97	59,82564
545,23	43,74231
545,49	43,52564
545,74	12,79231
546,00	26,44231
546,26	-0,04103
546,52	38,94231
546,78	39,44231
547,04	60,35897
547,29	42,39231
547,55	28,95897
547,81	28,60897
548,07	31,05897
548,33	24,15897
548,59	25,57564
548,84	17,67564
549,10	24,65897
549,36	14,32564
549,62	15,27564
549,88	14,49231
550,14	21,85897
550,39	16,35897
550,65	28,54231
550,91	36,95897
551,17	38,95897
551,43	29,99231
551,69	29,57564
551,94	48,74231
552,20	60,42564
552,46	63,27564
552,72	49,45897
552,98	39,19231
553,24	34,74231
553,49	31,75897
553,75	33,55897
554,01	33,52564
554,27	43,84231
554,53	55,90897
554,78	58,75897
555,04	45,67564
555,30	33,12564
555,56	19,99231
555,82	37,39231
556,07	43,19231
556,33	57,07564
556,59	45,40897
556,85	47,60897
557,11	59,32564
557,37	73,50897
557,62	53,64231
557,88	33,84231
558,14	39,32564
558,40	39,99231
558,66	43,55897
558,91	19,25897
559,17	31,20897
559,43	40,35897
559,69	35,50897
559,95	22,52564
560,20	8,34231
560,46	34,22564
560,72	49,97564
560,98	74,75897
561,24	44,74231
561,49	39,95897
561,75	22,62564
562,01	40,75897
562,27	45,32564
562,52	42,27564
562,78	39,34231
563,04	38,65897
563,30	24,30897
563,56	18,95897
563,81	23,34231
564,07	44,85897
564,33	68,42564
564,59	47,19231
564,85	29,64231
565,10	34,77564
565,36	42,85897
565,62	72,42564
565,88	32,00897
566,13	34,97564
566,39	14,60897
566,65	36,07564
566,91	52,67564
567,17	46,79231
567,42	58,37564
567,68	42,42564
567,94	54,87564
568,20	43,07564
568,45	52,55897
568,71	45,17564
568,97	31,09231
569,23	49,75897
569,49	54,55897
569,74	64,00897
570,00	18,59231
570,26	18,70897
570,52	18,85897
570,77	47,29231
571,03	66,07564
571,29	75,74231
571,55	79,24231
571,80	46,79231
572,06	26,57564
572,32	11,32564
572,58	54,14231
572,83	76,27564
573,09	67,40897
573,35	46,57564
573,61	28,05897
573,86	34,19231
574,12	12,32564
574,38	27,24231
574,64	24,17564
574,89	46,17564
575,15	68,87564
575,41	77,24231
575,67	68,87564
575,92	42,87564
576,18	53,74231
576,44	52,14231
576,70	46,25897
576,95	21,30897
577,21	13,25897
577,47	19,59231
577,73	39,55897
577,98	42,20897
578,24	34,80897
578,50	24,15897
578,76	29,59231
579,01	23,85897
579,27	18,37564
579,53	34,27564
579,79	40,10897
580,04	38,27564
580,30	5,17564
580,56	-10,07436
580,81	-9,49103
581,07	4,40897
581,33	14,30897
581,59	23,52564
581,84	40,47564
582,10	59,14231
582,36	61,62564
582,62	61,00897
582,87	62,34231
583,13	92,60897
583,39	88,84231
583,64	95,64231
583,90	64,94231
584,16	69,85897
584,42	58,14231
584,67	59,10897
584,93	56,35897
585,19	55,39231
585,45	56,22564
585,70	45,95897
585,96	53,09231
586,22	48,37564
586,47	44,67564
586,73	44,25897
586,99	40,60897
587,25	53,75897
587,50	37,42564
587,76	32,45897
588,02	23,99231
588,27	30,90897
588,53	54,20897
588,79	44,20897
589,04	27,80897
589,30	29,17564
589,56	27,84231
589,82	50,55897
590,07	38,65897
590,33	42,12564
590,59	26,74231
590,84	24,30897
591,10	30,37564
591,36	38,47564
591,61	36,60897
591,87	41,52564
592,13	32,15897
592,39	29,19231
592,64	25,44231
592,90	17,55897
593,16	14,45897
593,41	14,87564
593,67	24,52564
593,93	29,30897
594,18	38,24231
594,44	49,29231
594,70	44,72564
594,95	42,29231
595,21	49,39231
595,47	52,50897
595,73	44,82564
595,98	35,49231
596,24	37,59231
596,50	24,22564
596,75	29,60897
597,01	39,17564
597,27	46,94231
597,52	41,99231
597,78	38,30897
598,04	46,89231
598,29	27,39231
598,55	28,49231
598,81	12,55897
599,06	20,95897
599,32	3,85897
599,58	26,47564
599,83	15,65897
600,09	19,55897
600,35	5,42564
600,60	10,90897
600,86	21,79231
601,12	24,12564
601,37	33,72564
601,63	17,45897
601,89	6,74231
602,14	4,37564
602,40	8,12564
602,66	11,27564
602,91	-4,84103
603,17	10,80897
603,43	26,29231
603,68	50,00897
603,94	37,40897
604,20	28,35897
604,45	14,72564
604,71	14,80897
604,97	16,24231
605,22	21,37564
605,48	21,42564
605,74	30,89231
605,99	29,85897
606,25	28,07564
606,51	15,05897
606,76	1,02564
607,02	16,49231
607,27	10,64231
607,53	27,14231
607,79	22,84231
608,04	13,60897
608,30	4,27564
608,56	-8,15769
608,81	21,04231
609,07	23,84231
609,33	52,70897
609,58	61,70897
609,84	76,17564
610,10	61,87564
610,35	31,49231
610,61	25,42564
610,86	10,60897
611,12	18,70897
611,38	5,34231
611,63	5,25897
611,89	7,45897
612,15	22,55897
612,40	15,14231
612,66	-1,72436
612,92	-23,62436
613,17	6,12564
613,43	30,27564
613,68	44,60897
613,94	21,84231
614,20	8,15897
614,45	-4,54103
614,71	13,77564
614,97	3,25897
615,22	5,35897
615,48	-8,45769
615,73	3,00897
615,99	11,69231
616,25	15,49231
616,50	25,24231
616,76	23,55897
617,01	27,89231
617,27	5,14231
617,53	9,70897
617,78	25,70897
618,04	47,07564
618,30	54,22564
618,55	23,67564
618,81	24,90897
619,06	6,42564
619,32	12,30897
619,58	1,85897
619,83	10,77564
620,09	3,89231
620,34	5,19231
620,60	0,85897
620,86	0,24231
621,11	-0,20769
621,37	14,04231
621,62	16,50897
621,88	3,25897
622,14	-22,15769
622,39	-15,07436
622,65	-3,32436
622,90	2,29231
623,16	9,82564
623,42	13,95897
623,67	4,05897
623,93	5,24231
624,18	-0,85769
624,44	29,77564
624,70	39,45897
624,95	37,69231
625,21	31,07564
625,46	7,80897
625,72	25,30897
625,98	7,90897
626,23	20,70897
626,49	-3,42436
626,74	5,22564
627,00	5,49231
627,25	14,94231
627,51	29,94231
627,77	20,07564
628,02	7,84231
628,28	-0,02436
628,53	6,79231
628,79	22,54231
629,04	12,52564
629,30	8,89231
629,56	20,00897
629,81	14,64231
630,07	15,30897
630,32	2,57564
630,58	36,94231
630,83	34,89231
631,09	29,62564
631,35	5,70897
631,60	4,32564
631,86	24,10897
632,11	24,59231
632,37	12,57564
632,62	-7,64103
632,88	-15,75769
633,14	-8,65769
633,39	-10,07436
633,65	19,19231
633,90	36,57564
634,16	38,25897
634,41	14,60897
634,67	8,35897
634,93	24,54231
635,18	31,24231
635,44	13,34231
635,69	-2,80769
635,95	3,42564
636,20	28,65897
636,46	27,72564
636,71	22,40897
636,97	12,12564
637,22	17,50897
637,48	9,90897
637,74	8,55897
637,99	19,70897
638,25	27,64231
638,50	24,54231
638,76	23,70897
639,01	10,60897
639,27	5,07564
639,52	0,90897
639,78	12,42564
640,03	11,89231
640,29	-0,84103
640,55	0,84231
640,80	1,65897
641,06	-1,25769
641,31	13,05897
641,57	15,90897
641,82	32,40897
642,08	27,67564
642,33	31,74231
642,59	34,72564
642,84	34,00897
643,10	27,27564
643,35	15,59231
643,61	8,04231
643,87	13,50897
644,12	17,94231
644,38	5,37564
644,63	8,60897
644,89	21,34231
645,14	30,10897
645,40	25,85897
645,65	27,62564
645,91	24,20897
646,16	40,92564
646,42	39,90897
646,67	36,15897
646,93	19,52564
647,18	14,84231
647,44	19,12564
647,69	14,10897
647,95	-4,25769
648,20	-7,74103
648,46	-6,10769
648,71	1,00897
648,97	2,75897
649,22	3,09231
649,48	-0,20769
649,73	-1,64103
649,99	-6,40769
650,24	9,70897
650,50	23,17564
650,75	31,50897
651,01	27,64231
651,26	19,79231
651,52	16,85897
651,77	2,84231
652,03	5,95897
652,28	-0,69103
652,54	22,65897
652,79	41,42564
653,05	57,82564
653,30	49,95897
653,56	27,92564
653,81	27,19231
654,07	28,72564
654,32	29,40897
654,58	18,20897
654,83	21,09231
655,09	10,62564
655,34	9,15897
655,60	-2,84103
655,85	1,84231
656,11	27,67564
656,36	39,34231
656,62	36,35897
656,87	14,02564
657,13	-12,70769
657,38	0,05897
657,64	15,90897
657,89	40,42564
658,15	20,04231
658,40	-3,40769
658,66	-4,22436
658,91	-0,77436
659,17	5,12564
659,42	2,64231
659,68	12,15897
659,93	-1,60769
660,19	-10,89103
660,44	-1,64103
660,70	19,82564
660,95	23,35897
661,20	13,42564
661,46	10,49231
661,71	14,09231
661,97	7,60897
662,22	13,10897
662,48	18,57564
662,73	23,60897
662,99	28,64231
663,24	32,30897
663,50	25,90897
663,75	20,15897
664,01	-5,05769
664,26	15,07564
664,52	7,20897
664,77	28,70897
665,02	32,80897
665,28	39,72564
665,53	33,69231
665,79	33,65897
666,04	35,27564
666,30	27,30897
666,55	21,75897
666,81	4,14231
667,06	10,90897
667,32	14,22564
667,57	18,40897
667,82	17,30897
668,08	16,07564
668,33	22,44231
668,59	17,19231
668,84	25,07564
669,10	20,69231
669,35	80,05897
669,61	49,70897
669,86	63,55897
670,11	2,65897
670,37	22,70897
670,62	21,77564
670,88	34,39231
671,13	15,54231
671,39	-6,44103
671,64	-17,79103
671,90	-5,89103
672,15	5,62564
672,40	1,92564
672,66	-13,87436
672,91	-6,04103
673,17	-2,45769
673,42	9,82564
673,68	1,62564
673,93	-3,75769
674,18	1,50897
674,44	-6,84103
674,69	2,37564
674,95	7,05897
675,20	12,49231
675,46	9,55897
675,71	-5,04103
675,96	6,85897
676,22	-2,04103
676,47	6,47564
676,73	3,05897
676,98	6,32564
677,23	13,12564
677,49	19,79231
677,74	40,60897
678,00	24,82564
678,25	19,42564
678,51	20,44231
678,76	13,00897
679,01	15,20897
679,27	-2,09103
679,52	1,30897
679,78	-4,72436
680,03	2,24231
680,28	5,62564
680,54	1,07564
680,79	-15,40769
681,05	-14,07436
681,30	-20,00769
681,55	-11,04103
681,81	-9,70769
682,06	12,64231
682,32	21,32564
682,57	36,05897
682,82	23,00897
683,08	12,62564
683,33	-14,44103
683,59	-6,72436
683,84	-12,69103
684,09	-0,37436
684,35	-4,42436
684,60	12,82564
684,86	14,17564
685,11	30,14231
685,36	28,00897
685,62	41,59231
685,87	8,87564
686,13	-3,24103
686,38	-26,97436
686,63	-6,15769
686,89	13,40897
687,14	43,49231
687,40	38,35897
687,65	35,90897
687,90	20,44231
688,16	17,74231
688,41	6,79231
688,66	-3,00769
688,92	-1,34103
689,17	-12,37436
689,43	-17,95769
689,68	-16,29103
689,93	-4,07436
690,19	0,04231
690,44	-14,44103
690,69	-26,54103
690,95	-24,65769
691,20	-9,40769
691,46	-11,92436
691,71	-0,39103
691,96	4,45897
692,22	12,97564
692,47	1,54231
692,72	-11,02436
692,98	-11,62436
693,23	-3,07436
693,49	15,80897
693,74	21,60897
693,99	28,24231
694,25	20,22564
694,50	21,87564
694,75	14,00897
695,01	-7,52436
695,26	-3,59103
695,51	-3,32436
695,77	-3,04103
696,02	-10,95769
696,27	-14,39103
696,53	4,22564
696,78	13,25897
697,04	19,92564
697,29	11,54231
697,54	4,09231
697,80	-8,57436
698,05	-4,92436
698,30	-13,97436
698,56	-14,29103
698,81	-16,00769
699,06	-8,79103
699,32	-9,74103
699,57	-7,95769
699,82	6,47564
700,08	1,82564
700,33	-2,14103
700,58	-16,55769
700,84	-8,52436
701,09	-15,24103
701,34	-15,30769
701,60	-9,02436
701,85	-4,74103
702,10	1,29231
702,36	7,80897
702,61	1,82564
702,86	-8,35769
703,12	-30,70769
703,37	-24,34103
703,62	-28,70769
703,88	-27,69103
704,13	-36,24103
704,38	-31,14103
704,64	-1,95769
704,89	7,79231
705,14	30,24231
705,40	22,39231
705,65	26,40897
705,90	5,19231
706,16	-17,82436
706,41	-15,82436
706,66	-13,64103
706,92	-9,37436
707,17	-2,05769
707,42	20,84231
707,68	12,30897
707,93	-0,32436
708,18	-12,67436
708,44	17,29231
708,69	30,25897
708,94	28,75897
709,19	16,49231
709,45	22,27564
709,70	8,64231
709,95	7,52564
710,21	-17,49103
710,46	-19,40769
710,71	-0,95769
710,97	0,09231
711,22	11,24231
711,47	-14,85769
711,73	-5,82436
711,98	-8,05769
712,23	-6,00769
712,48	-15,04103
712,74	-17,79103
712,99	-19,35769
713,24	-28,42436
713,50	-28,39103
713,75	-9,20769
714,00	9,19231
714,26	2,54231
714,51	-11,72436
714,76	-14,22436
715,01	-16,39103
715,27	4,07564
715,52	3,57564
715,77	15,60897
716,03	-3,02436
716,28	-2,90769
716,53	6,64231
716,78	4,90897
717,04	8,87564
717,29	9,10897
717,54	20,35897
717,80	13,42564
718,05	8,42564
718,30	-2,19103
718,55	4,39231
718,81	-1,12436
719,06	9,94231
719,31	6,42564
719,57	-3,82436
719,82	-9,30769
720,07	-5,20769
720,32	-2,27436
720,58	2,02564
720,83	0,84231
721,08	5,24231
721,33	0,15897
721,59	10,64231
721,84	20,62564
722,09	32,09231
722,35	25,70897
722,60	14,72564
722,85	9,49231
723,10	-0,79103
723,36	3,19231
723,61	-10,02436
723,86	-0,97436
724,11	8,25897
724,37	3,10897
724,62	-4,37436
724,87	-19,74103
725,12	-16,10769
725,38	-17,17436
725,63	-15,25769
725,88	-21,69103
726,13	-20,04103
726,39	-35,90769
726,64	-15,07436
726,89	-17,29103
727,14	-8,94103
727,40	-16,20769
727,65	-8,82436
727,90	8,25897
728,15	15,15897
728,41	3,50897
728,66	4,32564
728,91	-10,89103
729,16	-2,67436
729,42	-2,85769
729,67	4,32564
729,92	-13,87436
730,17	-23,85769
730,43	-19,27436
730,68	2,99231
730,93	7,72564
731,18	5,24231
731,44	1,20897
731,69	-4,44103
731,94	-1,49103
732,19	6,77564
732,45	15,64231
732,70	28,55897
732,95	13,14231
733,20	-2,92436
733,45	-11,84103
733,71	-0,52436
733,96	-2,77436
734,21	1,39231
734,46	-2,54103
734,72	7,30897
734,97	3,32564
735,22	-3,00769
735,47	0,85897
735,72	-6,22436
735,98	-8,19103
736,23	-8,49103
736,48	-1,85769
736,73	7,34231
736,99	-0,00769
737,24	-1,40769
737,49	-7,55769
737,74	-2,27436
737,99	15,69231
738,25	19,17564
738,50	17,59231
738,75	-12,55769
739,00	-8,10769
739,25	1,25897
739,51	-0,24103
739,76	0,77564
740,01	0,95897
740,26	12,77564
740,52	17,39231
740,77	34,07564
741,02	35,19231
741,27	22,82564
741,52	4,02564
741,78	0,22564
742,03	-0,57436
742,28	-5,34103
742,53	-0,19103
742,78	12,02564
743,04	19,12564
743,29	23,70897
743,54	27,62564
743,79	13,10897
744,04	-3,29103
744,30	-7,39103
744,55	3,14231
744,80	22,90897
745,05	14,14231
745,30	9,07564
745,55	-13,12436
745,81	4,70897
746,06	8,40897
746,31	21,02564
746,56	6,42564
746,81	13,49231
747,07	19,30897
747,32	25,12564
747,57	37,89231
747,82	43,14231
748,07	59,19231
748,32	38,00897
748,58	31,14231
748,83	10,32564
749,08	21,62564
749,33	23,15897
749,58	32,07564
749,84	30,74231
750,09	20,02564
750,34	12,39231
750,59	19,24231
750,84	15,19231
751,09	35,64231
751,35	31,32564
751,60	43,92564
751,85	18,17564
752,10	-2,05769
752,35	8,15897
752,60	13,45897
752,86	25,19231
753,11	2,10897
753,36	-7,72436
753,61	-13,22436
753,86	-21,64103
754,11	-19,90769
754,37	-34,25769
754,62	-33,97436
754,87	-31,42436
755,12	-9,12436
755,37	4,70897
755,62	6,70897
755,87	-15,35769
756,13	-25,44103
756,38	-24,65769
756,63	-5,52436
756,88	19,54231
757,13	15,52564
757,38	18,95897
757,64	-8,10769
757,89	-8,54103
758,14	1,47564
758,39	3,69231
758,64	22,84231
758,89	9,92564
759,14	25,07564
759,40	19,37564
759,65	16,77564
759,90	10,44231
760,15	-1,57436
760,40	-21,02436
760,65	-27,90769
760,90	-28,04103
761,15	-15,99103
761,41	-7,92436
761,66	-11,25769
761,91	-1,82436
762,16	-12,10769
762,41	5,84231
762,66	-6,55769
762,91	0,19231
763,17	-5,47436
763,42	2,64231
763,67	10,25897
763,92	7,04231
764,17	5,30897
764,42	-9,44103
764,67	-2,92436
764,92	10,85897
765,18	15,25897
765,43	-3,04103
765,68	1,20897
765,93	10,84231
766,18	18,14231
766,43	7,47564
766,68	8,72564
766,93	3,97564
767,18	-3,84103
767,44	-5,17436
767,69	-9,10769
767,94	6,49231
768,19	-2,65769
768,44	3,04231
768,69	1,67564
768,94	15,24231
769,19	11,69231
769,44	9,04231
769,70	-11,12436
769,95	-3,57436
770,20	1,79231
770,45	21,22564
770,70	26,55897
770,95	15,19231
771,20	-5,37436
771,45	2,72564
771,70	2,84231
771,95	5,59231
772,21	4,17564
772,46	5,49231
772,71	10,22564
772,96	2,92564
773,21	1,77564
773,46	17,22564
773,71	19,65897
773,96	7,70897
774,21	-0,95769
774,46	-2,60769
774,72	10,30897
774,97	0,79231
775,22	-14,69103
775,47	-14,45769
775,72	-12,22436
775,97	5,12564
776,22	3,00897
776,47	22,65897
776,72	26,82564
776,97	31,25897
777,22	11,00897
777,47	11,19231
777,73	2,42564
777,98	16,09231
778,23	7,14231
778,48	5,62564
778,73	-9,15769
778,98	-3,90769
779,23	6,97564
779,48	15,34231
779,73	-1,72436
779,98	-12,60769
780,23	-12,60769
780,48	-6,82436
780,73	8,99231
780,98	17,22564
781,24	21,79231
781,49	3,15897
781,74	-14,12436
781,99	-17,37436
782,24	-9,49103
782,49	-5,14103
782,74	-5,59103
782,99	-3,85769
783,24	-5,45769
783,49	0,04231
783,74	-2,57436
783,99	14,57564
784,24	5,84231
784,49	3,69231
784,74	-4,84103
784,99	7,89231
785,24	-5,87436
785,49	-26,54103
785,75	-4,75769
786,00	27,94231
786,25	33,87564
786,50	6,65897
786,75	-19,20769
787,00	1,20897
787,25	1,45897
787,50	12,80897
787,75	2,35897
788,00	25,77564
788,25	2,64231
788,50	-5,90769
788,75	-27,12436
789,00	-20,72436
789,25	-25,59103
789,50	-39,00769
789,75	-36,87436
790,00	-23,07436
790,25	-16,69103
790,50	17,85897
790,75	32,24231
791,00	33,57564
791,25	21,34231
791,50	0,80897
791,75	1,02564
792,01	9,14231
792,26	12,94231
792,51	25,39231
792,76	2,02564
793,01	-3,52436
793,26	-35,60769
793,51	-29,40769
793,76	-22,39103
794,01	2,90897
794,26	1,04231
794,51	1,07564
794,76	-9,55769
795,01	-0,57436
795,26	3,92564
795,51	14,65897
795,76	5,35897
796,01	13,25897
796,26	17,54231
796,51	16,67564
796,76	2,17564
797,01	-16,74103
797,26	-8,44103
797,51	-16,27436
797,76	4,65897
798,01	0,55897
798,26	24,72564
798,51	10,60897
798,76	-5,27436
799,01	-17,65769
799,26	-24,17436
799,51	-16,50769
799,76	-18,72436
800,01	-0,62436
800,26	-6,65769
800,51	-1,37436
800,76	-9,75769
801,01	-3,37436
801,26	-12,07436
801,51	-14,69103
801,76	-13,49103
802,01	-14,97436
802,26	-8,69103
802,51	6,55897
802,76	14,64231
803,01	11,75897
803,26	-11,24103
803,51	-11,75769
803,76	-7,39103
804,01	6,64231
804,26	-4,49103
804,51	-16,30769
804,76	-24,52436
805,01	-18,70769
805,26	-20,15769
805,51	-19,95769
805,76	-25,97436
806,01	13,89231
806,26	26,65897
806,51	31,19231
806,76	-13,90769
807,01	-30,40769
807,26	-31,37436
807,51	-31,69103
807,76	-33,04103
808,01	-27,19103
808,26	-13,04103
808,50	-7,17436
808,75	-10,90769
809,00	-16,22436
809,25	-6,60769
809,50	-6,90769
809,75	-0,62436
810,00	-7,49103
810,25	-16,69103
810,50	-8,95769
810,75	-5,25769
811,00	15,59231
811,25	10,72564
811,50	24,95897
811,75	23,80897
812,00	14,42564
812,25	-1,32436
812,50	-29,04103
812,75	-31,99103
813,00	-33,44103
813,25	-19,97436
813,50	-13,40769
813,75	-20,59103
814,00	-15,12436
814,25	-16,07436
814,50	7,67564
814,74	2,89231
814,99	19,84231
815,24	-0,99103
815,49	3,92564
815,74	-9,37436
815,99	7,59231
816,24	13,50897
816,49	16,70897
816,74	28,52564
816,99	19,40897
817,24	21,12564
817,49	-20,74103
817,74	-9,55769
817,99	-29,87436
818,24	-22,84103
818,49	-24,84103
818,74	-15,37436
818,98	2,02564
819,23	-7,37436
819,48	18,72564
819,73	13,57564
819,98	29,20897
820,23	-0,02436
820,48	4,37564
820,73	-2,79103
820,98	0,54231
821,23	-14,32436
821,48	-30,34103
821,73	-33,82436
821,98	-24,47436
822,23	-21,87436
822,47	4,79231
822,72	3,92564
822,97	12,02564
823,22	0,24231
823,47	1,35897
823,72	10,40897
823,97	18,69231
824,22	33,77564
824,47	22,67564
824,72	8,49231
824,97	-8,24103
825,22	-5,70769
825,46	-5,22436
825,71	-0,77436
825,96	-5,64103
826,21	-11,19103
826,46	-17,94103
826,71	-15,55769
826,96	3,89231
827,21	-2,12436
827,46	-2,40769
827,71	-21,29103
827,96	-18,54103
828,20	-15,72436
828,45	-10,70769
828,70	-2,97436
828,95	-9,04103
829,20	-10,99103
829,45	-14,25769
829,70	-12,55769
829,95	-12,59103
830,20	-14,02436
830,45	3,57564
830,69	6,34231
830,94	5,84231
831,19	-1,04103
831,44	-15,50769
831,69	-7,50769
831,94	-16,22436
832,19	-2,79103
832,44	-17,97436
832,69	-17,22436
832,93	-14,97436
833,18	2,37564
833,43	-4,29103
833,68	-13,97436
833,93	-15,09103
834,18	-6,57436
834,43	1,24231
834,68	-6,17436
834,92	-14,95769
835,17	-11,85769
835,42	-3,07436
835,67	10,89231
835,92	-0,79103
836,17	-11,79103
836,42	-24,14103
836,67	-38,67436
836,91	-22,97436
837,16	-17,60769
837,41	-16,57436
837,66	-5,67436
837,91	10,59231
838,16	24,07564
838,41	7,79231
838,66	-14,89103
838,90	-2,69103
839,15	-9,12436
839,40	-1,02436
839,65	-17,15769
839,90	-20,45769
840,15	-12,32436
840,40	-17,02436
840,64	-4,32436
840,89	-22,32436
841,14	-5,72436
841,39	-16,37436
841,64	-14,69103
841,89	-13,67436
842,14	-26,27436
842,38	1,84231
842,63	2,89231
842,88	7,57564
843,13	-19,49103
843,38	-17,37436
843,63	-11,12436
843,87	1,52564
844,12	-15,49103
844,37	-17,55769
844,62	-23,69103
844,87	-14,54103
845,12	-2,87436
845,37	-9,24103
845,61	-14,54103
845,86	-25,39103
846,11	-18,22436
846,36	-20,52436
846,61	-9,84103
846,86	-9,07436
847,10	-0,40769
847,35	14,97564
847,60	13,97564
847,85	12,89231
848,10	-4,30769
848,35	-1,77436
848,59	4,05897
848,84	-7,50769
849,09	1,04231
849,34	-7,59103
849,59	0,02564
849,84	-24,75769
850,08	-17,20769
850,33	-24,50769
850,58	-15,47436
850,83	-10,50769
851,08	-16,24103
851,32	-22,99103
851,57	-27,65769
851,82	-0,82436
852,07	6,84231
852,32	20,79231
852,57	-3,17436
852,81	12,89231
853,06	-7,44103
853,31	9,57564
853,56	-8,24103
853,81	-8,57436
854,05	-8,15769
854,30	-12,17436
854,55	-11,85769
854,80	-23,60769
855,05	12,84231
855,29	15,44231
855,54	23,65897
855,79	-4,24103
856,04	-9,19103
856,29	-13,15769
856,53	-5,40769
856,78	-5,12436
857,03	-16,30769
857,28	-20,70769
857,53	-16,24103
857,77	3,19231
858,02	-5,54103
858,27	-7,87436
858,52	-15,59103
858,77	-23,57436
859,01	-28,55769
859,26	-27,90769
859,51	-13,84103
859,76	-21,89103
860,01	-25,00769
860,25	-32,44103
860,50	-11,74103
860,75	-10,75769
861,00	4,20897
861,25	-1,42436
861,49	2,84231
861,74	-4,04103
861,99	-16,77436
862,24	-25,87436
862,48	-28,44103
862,73	-23,57436
862,98	-25,20769
863,23	-14,55769
863,48	-1,79103
863,72	15,77564
863,97	24,27564
864,22	26,39231
864,47	4,67564
864,71	-16,44103
864,96	-12,07436
865,21	-6,94103
865,46	-11,87436
865,70	-29,35769
865,95	-41,92436
866,20	-33,57436
866,45	-13,15769
866,70	6,19231
866,94	18,84231
867,19	-6,45769
867,44	-8,55769
867,69	-16,32436
867,93	-13,65769
868,18	-10,65769
868,43	-8,70769
868,68	-0,12436
868,92	-5,70769
869,17	-18,85769
869,42	-8,40769
869,67	-11,60769
869,91	-10,44103
870,16	-28,32436
870,41	-15,40769
870,66	-5,94103
870,90	11,07564
871,15	0,69231
871,40	-11,07436
871,65	-24,50769
871,89	-13,87436
872,14	-10,12436
872,39	-10,14103
872,64	-18,50769
872,88	-19,32436
873,13	-27,34103
873,38	-34,02436
873,63	-12,80769
873,87	-5,87436
874,12	-20,67436
874,37	-46,02436
874,62	-42,94103
874,86	-26,69103
875,11	-16,04103
875,36	-15,40769
875,60	-24,47436
875,85	-18,57436
876,10	-11,00769
876,35	4,94231
876,59	-2,25769
876,84	-10,50769
877,09	-7,45769
877,34	-1,37436
877,58	-6,22436
877,83	-14,27436
878,08	-20,40769
878,32	-21,02436
878,57	-28,45769
878,82	-17,35769
879,07	-18,37436
879,31	-10,59103
879,56	-15,49103
879,81	-13,72436
880,06	-20,99103
880,30	-32,40769
880,55	-7,80769
880,80	-0,17436
881,04	4,02564
881,29	9,02564
881,54	18,54231
881,79	14,39231
882,03	-20,97436
882,28	-15,37436
882,53	-7,49103
882,77	10,12564
883,02	-4,12436
883,27	-2,04103
883,51	-14,24103
883,76	-6,55769
884,01	0,49231
884,26	-3,45769
884,50	-11,67436
884,75	-33,54103
885,00	-26,94103
885,24	-25,39103
885,49	-18,00769
885,74	-0,40769
885,98	-17,34103
886,23	-23,55769
886,48	-35,14103
886,73	-9,57436
886,97	3,82564
887,22	-8,42436
887,47	-27,25769
887,71	-39,82436
887,96	-38,75769
888,21	-25,67436
888,45	-16,20769
888,70	0,60897
888,95	-12,40769
889,19	-18,84103
889,44	-27,39103
889,69	-16,77436
889,93	-30,45769
890,18	-20,47436
890,43	-16,07436
890,67	2,02564
890,92	-19,65769
891,17	-9,27436
891,42	1,17564
891,66	29,25897
891,91	20,44231
892,16	17,75897
892,40	17,57564
892,65	13,04231
892,90	2,40897
893,14	-9,77436
893,39	-10,67436
893,64	-13,24103
893,88	-31,72436
894,13	-17,07436
894,38	-6,52436
894,62	-1,45769
894,87	-23,59103
895,12	-38,69103
895,36	-31,49103
895,61	-28,77436
895,86	-24,52436
896,10	-30,79103
896,35	-33,12436
896,60	-45,37436
896,84	-46,15769
897,09	-41,00769
897,33	-23,62436
897,58	-22,79103
897,83	-19,40769
898,07	-24,80769
898,32	-18,09103
898,57	-17,15769
898,81	-5,27436
899,06	6,25897
899,31	32,42564
899,55	30,95897
899,80	8,00897
900,05	-22,67436
900,29	-29,59103
900,54	-4,15769
900,79	-6,77436
901,03	-9,99103
901,28	-21,70769
901,52	-4,89103
901,77	11,04231
902,02	21,39231
902,26	-1,82436
902,51	-17,04103
902,76	-46,64103
903,00	-28,75769
903,25	-32,55769
903,50	-15,29103
903,74	-27,15769
903,99	-29,67436
904,23	-27,32436
904,48	-23,30769
904,73	-3,80769
904,97	-1,59103
905,22	7,82564
905,47	-5,49103
905,71	-1,25769
905,96	-7,12436
906,20	4,95897
906,45	-0,95769
906,70	-0,77436
906,94	-6,45769
907,19	-8,40769
907,44	-18,14103
907,68	-29,54103
907,93	-29,99103
908,17	-42,45769
908,42	-31,34103
908,67	-41,47436
908,91	-12,77436
909,16	-5,24103
909,40	-4,64103
909,65	-21,97436
909,90	-30,27436
910,14	-26,20769
910,39	-34,97436
910,63	-29,57436
910,88	-16,02436
911,13	16,00897
911,37	13,05897
911,62	0,40897
911,86	-19,75769
912,11	-20,70769
912,36	-10,57436
912,60	-8,35769
912,85	3,70897
913,09	0,87564
913,34	12,64231
913,59	-14,64103
913,83	-9,97436
914,08	-24,27436
914,32	1,25897
914,57	-0,30769
914,82	9,82564
915,06	2,02564
915,31	-4,20769
915,55	-4,85769
915,80	4,20897
916,05	-3,70769
916,29	-19,84103
916,54	-36,20769
916,78	-19,04103
917,03	-0,62436
917,27	0,17564
917,52	-14,12436
917,77	-14,12436
918,01	-9,55769
918,26	-13,50769
918,50	-26,94103
918,75	-31,22436
919,00	-28,00769
919,24	-28,77436
919,49	-37,45769
919,73	-32,35769
919,98	-33,84103
920,22	-22,75769
920,47	-24,72436
920,72	-28,45769
920,96	-33,12436
921,21	-33,00769
921,45	-23,30769
921,70	-27,34103
921,94	-19,39103
922,19	-12,10769
922,43	-9,95769
922,68	11,87564
922,93	11,25897
923,17	9,90897
923,42	-28,00769
923,66	-30,00769
923,91	-30,60769
924,15	-17,74103
924,40	-18,52436
924,64	-18,25769
924,89	-22,65769
925,14	-23,05769
925,38	-21,69103
925,63	-6,69103
925,87	-2,05769
926,12	11,24231
926,36	-6,20769
926,61	-18,60769
926,85	52,05897
927,10	49,70897
927,35	48,72564
927,59	-22,90769
927,84	-29,32436
928,08	-17,30769
928,33	-29,75769
928,57	-18,87436
928,82	-13,67436
929,06	-6,50769
929,31	-3,07436
929,55	-11,25769
929,80	-6,52436
930,04	-9,84103
930,29	-12,25769
930,54	-15,82436
930,78	-17,39103
931,03	-25,60769
931,27	-16,84103
931,52	-14,82436
931,76	-8,00769
932,01	-30,99103
932,25	-35,12436
932,50	-17,49103
932,74	-10,19103
932,99	12,12564
933,23	-7,92436
933,48	0,05897
933,72	-13,09103
933,97	-17,67436
934,21	7,22564
934,46	18,70897
934,70	39,10897
934,95	12,57564
935,19	-16,10769
935,44	-33,30769
935,68	-33,55769
935,93	-18,34103
936,18	-11,54103
936,42	-14,69103
936,67	-22,15769
936,91	-12,74103
937,16	13,04231
937,40	9,29231
937,65	-14,97436
937,89	-39,77436
938,14	-38,84103
938,38	-26,69103
938,63	-16,62436
938,87	-13,15769
939,12	-6,94103
939,36	11,15897
939,61	19,35897
939,85	8,35897
940,10	-25,94103
940,34	-27,75769
940,59	-23,07436
940,83	-25,70769
941,08	-18,84103
941,32	-13,12436
941,57	8,72564
941,81	-10,34103
942,06	-14,85769
942,30	-22,82436
942,55	-8,29103
942,79	-21,65769
943,03	-20,05769
943,28	-16,44103
943,52	18,89231
943,77	3,75897
944,01	-15,82436
944,26	-47,57436
944,50	-47,42436
944,75	-16,92436
944,99	2,82564
945,24	9,07564
945,48	8,90897
945,73	55,72564
945,97	53,00897
946,22	33,87564
946,46	-22,85769
946,71	-6,64103
946,95	-6,14103
947,20	-17,49103
947,44	-31,25769
947,69	-26,09103
947,93	-21,10769
948,17	-25,32436
948,42	-37,64103
948,66	-29,29103
948,91	-34,04103
949,15	-37,40769
949,40	-46,29103
949,64	-29,80769
949,89	-20,99103
950,13	-18,05769
950,38	-34,92436
950,62	-30,49103
950,87	-24,47436
951,11	-0,84103
951,35	-7,67436
951,60	-7,65769
951,84	-21,34103
952,09	-19,70769
952,33	-20,15769
952,58	-10,77436
952,82	-23,04103
953,07	-32,27436
953,31	-30,25769
953,56	-14,60769
953,80	-10,49103
954,04	-38,30769
954,29	-58,44103
954,53	-66,27436
954,78	-56,90769
955,02	-44,95769
955,27	-40,32436
955,51	-34,65769
955,76	-31,95769
956,00	-26,47436
956,24	-31,25769
956,49	-23,79103
956,73	-18,07436
956,98	-13,74103
957,22	3,19231
957,47	11,07564
957,71	3,69231
957,95	-5,54103
958,20	-7,32436
958,44	15,55897
958,69	-0,20769
958,93	-6,37436
959,18	-16,07436
959,42	-0,14103
959,66	-9,44103
959,91	-22,05769
960,15	-40,49103
960,40	-37,37436
960,64	-30,75769
960,89	-15,10769
961,13	91,12564
961,37	107,67564
961,62	109,57564
961,86	11,04231
962,11	7,40897
962,35	-13,67436
962,59	-17,52436
962,84	-43,20769
963,08	-24,12436
963,33	-23,70769
963,57	-11,82436
963,81	-25,82436
964,06	-26,34103
964,30	-8,69103
964,55	-21,12436
964,79	7,49231
965,04	8,42564
965,28	14,69231
965,52	-12,79103
965,77	-29,22436
966,01	-18,05769
966,26	-19,95769
966,50	-11,95769
966,74	-4,19103
966,99	4,65897
967,23	2,34231
967,48	-9,50769
967,72	-18,45769
967,96	-31,04103
968,21	-22,25769
968,45	-25,55769
968,69	-15,79103
968,94	-4,35769
969,18	-11,10769
969,43	-23,50769
969,67	-34,82436
969,91	-16,37436
970,16	-3,12436
970,40	-8,75769
970,65	-16,55769
970,89	-35,50769
971,13	-31,50769
971,38	-32,62436
971,62	5,09231
971,86	1,94231
972,11	8,29231
972,35	-17,74103
972,60	-7,32436
972,84	0,44231
973,08	1,32564
973,33	-12,67436
973,57	-15,49103
973,81	-2,74103
974,06	-1,30769
974,30	-19,49103
974,55	-20,12436
974,79	-8,10769
975,03	3,19231
975,28	-2,79103
975,52	-22,47436
975,76	-21,60769
976,01	-24,42436
976,25	-11,24103
976,50	-13,14103
976,74	-3,62436
976,98	0,70897
977,23	-7,70769
977,47	-8,05769
977,71	-13,27436
977,96	-22,22436
978,20	-40,94103
978,44	-52,65769
978,69	-25,35769
978,93	-13,54103
979,17	-3,54103
979,42	-12,80769
979,66	-14,89103
979,90	-7,27436
980,15	14,44231
980,39	18,95897
980,64	3,20897
980,88	-1,34103
981,12	0,72564
981,37	-0,99103
981,61	-11,52436
981,85	-25,64103
982,10	-17,60769
982,34	-41,34103
982,58	-30,17436
982,83	-44,74103
983,07	-38,74103
983,31	-39,79103
983,56	-39,30769
983,80	-30,49103
984,04	-30,02436
984,29	-7,80769
984,53	-5,99103
984,77	-8,12436
985,02	-7,75769
985,26	-25,85769
985,50	-5,04103
985,75	-19,09103
985,99	-0,17436
986,23	-20,82436
986,48	-16,29103
986,72	-19,24103
986,96	-4,82436
987,20	-2,85769
987,45	-7,77436
987,69	-31,10769
987,93	-22,05769
988,18	-6,20769
988,42	7,19231
988,66	1,79231
988,91	-13,07436
989,15	-19,17436
989,39	-30,12436
989,64	-37,45769
989,88	-32,54103
990,12	-27,59103
990,37	-15,42436
990,61	-15,19103
990,85	-22,05769
991,10	-34,87436
991,34	-37,49103
991,58	-33,02436
991,82	-31,45769
992,07	-33,74103
992,31	-26,55769
992,55	-33,55769
992,80	-37,70769
993,04	-30,50769
993,28	-0,72436
993,53	3,80897
993,77	-6,24103
994,01	-33,95769
994,25	-36,57436
994,50	-31,82436
994,74	-15,45769
994,98	-16,87436
995,23	-20,44103
995,47	-17,27436
995,71	-18,35769
995,95	-18,79103
996,20	-9,54103
996,44	0,14231
996,68	-2,89103
996,93	-22,05769
997,17	-24,05769
997,41	-18,27436
997,65	-24,75769
997,90	-34,02436
998,14	-40,92436
998,38	-26,34103
998,63	-22,75769
998,87	-22,80769
999,11	-36,65769
999,35	-32,90769
999,60	-36,22436
999,84	-29,44103
1000,08	-7,99103
1000,32	3,89231
1000,57	6,07564
1000,81	7,32564
1001,05	6,77564
1001,30	16,37564
1001,54	-2,67436
1001,78	11,62564
1002,02	5,60897
1002,27	10,25897
1002,51	-12,54103
1002,75	-13,72436
1002,99	-26,37436
1003,24	-31,22436
1003,48	-28,84103
1003,72	-40,20769
1003,96	-29,15769
1004,21	-24,07436
1004,45	2,52564
1004,69	1,70897
1004,93	-2,25769
1005,18	-7,45769
1005,42	1,09231
1005,66	-11,72436
1005,90	-20,90769
1006,15	-39,74103
1006,39	-22,95769
1006,63	-3,92436
1006,87	12,05897
1007,12	4,37564
1007,36	1,05897
1007,60	5,62564
1007,84	-2,25769
1008,09	-8,55769
1008,33	-25,64103
1008,57	-15,04103
1008,81	-10,17436
1009,06	-9,45769
1009,30	-12,19103
1009,54	-9,47436
1009,78	0,57564
1010,03	2,09231
1010,27	-15,24103
1010,51	-14,65769
1010,75	-17,25769
1010,99	-3,79103
1011,24	-4,44103
1011,48	21,32564
1011,72	15,75897
1011,96	24,25897
1012,21	3,54231
1012,45	-1,15769
1012,69	-8,40769
1012,93	-16,47436
1013,18	-8,82436
1013,42	-13,77436
1013,66	-7,42436
1013,90	-19,70769
1014,14	-19,32436
1014,39	-12,80769
1014,63	-6,50769
1014,87	3,74231
1015,11	-11,07436
1015,35	-29,79103
1015,60	-17,77436
1015,84	-7,04103
1016,08	1,95897
1016,32	-16,24103
1016,57	-27,87436
1016,81	-22,57436
1017,05	-20,49103
1017,29	-10,42436
1017,53	-11,34103
1017,78	-12,95769
1018,02	-25,12436
1018,26	-13,60769
1018,50	-21,24103
1018,74	-1,54103
1018,99	-13,99103
1019,23	-19,64103
1019,47	-34,89103
1019,71	-23,84103
1019,95	-8,20769
1020,20	-9,30769
1020,44	-20,70769
1020,68	-24,35769
1020,92	-4,64103
1021,16	-3,57436
1021,41	-3,10769
1021,65	-28,97436
1021,89	-32,25769
1022,13	-41,62436
1022,37	-37,87436
1022,61	-41,50769
1022,86	-43,12436
1023,10	-22,54103
1023,34	-15,92436
1023,58	-6,34103
1023,82	-31,94103
1024,07	-27,59103
1024,31	-17,42436
1024,55	-9,02436
1024,79	-3,47436
1025,03	-24,97436
1025,27	-15,70769
1025,52	-33,47436
1025,76	-31,34103
1026,00	-24,42436
1026,24	-20,20769
1026,48	-18,52436
1026,73	-24,99103
1026,97	0,22564
1027,21	9,52564
1027,45	10,64231
1027,69	-9,94103
1027,93	-4,07436
1028,18	-4,94103
1028,42	4,40897
1028,66	0,60897
1028,90	4,77564
1029,14	-0,20769
1029,38	-12,54103
1029,62	-8,39103
1029,87	-6,00769
1030,11	9,10897
1030,35	-7,57436
1030,59	-9,44103
1030,83	-24,05769
1031,07	-26,02436
1031,32	-35,47436
1031,56	-11,77436
1031,80	2,59231
1032,04	17,69231
1032,28	-5,39103
1032,52	-7,45769
1032,76	-9,22436
1033,01	-11,27436
1033,25	-9,30769
1033,49	-15,79103
1033,73	-13,85769
1033,97	-29,95769
1034,21	-37,30769
1034,45	-40,80769
1034,70	-43,67436
1034,94	-29,87436
1035,18	58,17564
1035,42	66,95897
1035,66	79,09231
1035,90	5,65897
1036,14	-8,39103
1036,39	-12,74103
1036,63	-26,62436
1036,87	11,69231
1037,11	0,62564
1037,35	6,59231
1037,59	-1,15769
1037,83	12,87564
1038,07	41,72564
1038,32	22,00897
1038,56	9,12564
1038,80	9,95897
1039,04	27,60897
1039,28	37,50897
1039,52	10,52564
1039,76	-6,94103
1040,00	-9,82436
1040,25	-23,17436
1040,49	-18,69103
1040,73	-20,40769
1040,97	-9,24103
1041,21	2,44231
1041,45	6,57564
1041,69	24,77564
1041,93	1,69231
1042,17	-6,92436
1042,42	-28,64103
1042,66	-22,25769
1042,90	-11,04103
1043,14	-19,62436
1043,38	-5,97436
1043,62	-18,52436
1043,86	-8,60769
1044,10	-7,75769
1044,34	16,64231
1044,59	21,42564
1044,83	14,97564
1045,07	-6,12436
1045,31	-3,99103
1045,55	-11,65769
1045,79	-34,14103
1046,03	-27,55769
1046,27	-10,57436
1046,51	9,49231
1046,75	-6,82436
1047,00	-16,54103
1047,24	-9,79103
1047,48	-4,52436
1047,72	-2,29103
1047,96	-12,09103
1048,20	-1,00769
1048,44	3,94231
1048,68	3,94231
1048,92	-7,60769
1049,16	-28,24103
1049,40	-28,29103
1049,64	-31,64103
1049,89	-9,80769
1050,13	-4,79103
1050,37	22,74231
1050,61	22,75897
1050,85	32,84231
1051,09	18,29231
1051,33	16,42564
1051,57	19,97564
1051,81	13,80897
1052,05	12,90897
1052,29	19,25897
1052,53	10,44231
1052,77	30,55897
1053,02	15,95897
1053,26	34,14231
1053,50	17,85897
1053,74	11,39231
1053,98	6,90897
1054,22	-8,87436
1054,46	0,45897
1054,70	4,54231
1054,94	4,04231
1055,18	4,60897
1055,42	17,34231
1055,66	28,44231
1055,90	20,87564
1056,14	13,64231
1056,38	34,25897
1056,62	36,40897
1056,86	41,47564
1057,11	27,92564
1057,35	28,59231
1057,59	5,20897
1057,83	17,69231
1058,07	34,92564
1058,31	75,85897
1058,55	75,49231
1058,79	62,19231
1059,03	29,79231
1059,27	26,49231
1059,51	28,20897
1059,75	38,57564
1059,99	30,12564
1060,23	38,74231
1060,47	62,67564
1060,71	82,95897
1060,95	64,55897
1061,19	44,12564
1061,43	36,67564
1061,67	70,62564
1061,91	82,79231
1062,15	76,57564
1062,39	62,47564
1062,64	75,15897
1062,88	87,27564
1063,12	108,34231
1063,36	141,75897
1063,60	245,39231
1063,84	569,70897
1064,08	1484,10897
1064,32	3025,62564
1064,56	4151,24231
1064,80	3901,39231
1065,04	2884,35897
1065,28	1743,20897
1065,52	1284,95897
1065,76	817,60897
1066,00	638,89231
1066,24	491,29231
1066,48	434,77564
1066,72	374,89231
1066,96	334,27564
1067,20	275,15897
1067,44	243,35897
1067,68	213,40897
1067,92	188,22564
1068,16	169,95897
1068,40	165,20897
1068,64	164,60897
1068,88	154,49231
1069,12	130,44231
1069,36	132,29231
1069,60	112,09231
1069,84	138,32564
1070,08	122,40897
1070,32	135,65897
1070,56	108,54231
1070,80	103,75897
1071,04	137,07564
1071,28	134,20897
1071,52	139,19231
1071,76	84,85897
1072,00	87,07564
1072,24	66,90897
1072,48	65,45897
1072,72	56,55897
1072,96	69,07564
1073,20	50,09231
1073,44	57,05897
1073,68	50,12564
1073,92	62,70897
1074,16	39,25897
1074,40	30,75897
1074,64	16,17564
1074,88	15,59231
1075,12	23,54231
1075,36	24,94231
1075,60	32,80897
1075,84	16,72564
1076,08	19,32564
1076,32	8,35897
1076,56	2,24231
1076,80	-1,34103
1077,04	-13,70769
1077,28	-14,55769
1077,52	-28,15769
1077,76	-30,84103
1078,00	-19,87436
1078,24	12,59231
1078,48	24,20897
1078,71	16,69231
1078,95	-1,14103
1079,19	-14,22436
1079,43	-32,09103
1079,67	-35,50769
1079,91	-16,30769
1080,15	-5,47436
1080,39	-7,12436
1080,63	-9,57436
1080,87	-7,87436
1081,11	-9,14103
1081,35	-12,32436
1081,59	0,15897
1081,83	0,39231
1082,07	-11,60769
1082,31	-17,87436
1082,55	-21,04103
1082,79	-16,57436
1083,03	-11,10769
1083,27	-21,82436
1083,51	-14,45769
1083,75	-21,10769
1083,99	6,45897
1084,22	5,29231
1084,46	-0,64103
1084,70	1,09231
1084,94	-5,77436
1085,18	-5,80769
1085,42	-31,64103
1085,66	-25,55769
1085,90	-27,02436
1086,14	-5,49103
1086,38	13,02564
1086,62	6,82564
1086,86	11,50897
1087,10	-6,64103
1087,34	2,84231
1087,58	-17,64103
1087,82	-22,24103
1088,06	-10,42436
1088,29	10,99231
1088,53	4,25897
1088,77	-13,02436
1089,01	-16,39103
1089,25	-8,99103
1089,49	0,40897
1089,73	-14,02436
1089,97	-2,17436
1090,21	-9,27436
1090,45	-2,82436
1090,69	-14,67436
1090,93	-18,27436
1091,17	-31,69103
1091,40	-10,50769
1091,64	-12,99103
1091,88	-9,09103
1092,12	-34,14103
1092,36	-24,19103
1092,60	-22,39103
1092,84	-6,89103
1093,08	0,17564
1093,32	9,62564
1093,56	6,67564
1093,80	18,37564
1094,04	10,17564
1094,27	1,54231
1094,51	-5,02436
1094,75	4,29231
1094,99	9,30897
1095,23	2,99231
1095,47	86,64231
1095,71	79,34231
1095,95	73,94231
1096,19	-17,39103
1096,43	-8,35769
1096,66	-25,62436
1096,90	-31,67436
1097,14	-33,00769
1097,38	-33,67436
1097,62	-24,09103
1097,86	-26,99103
1098,10	-7,39103
1098,34	-4,24103
1098,58	-12,20769
1098,81	-13,45769
1099,05	-12,97436
1099,29	15,57564
1099,53	26,17564
1099,77	21,55897
1100,01	-8,69103
1100,25	-15,95769
1100,49	-12,77436
1100,73	18,85897
1100,96	35,87564
1101,20	45,44231
1101,44	6,87564
1101,68	-6,84103
1101,92	-20,94103
1102,16	-8,47436
1102,40	-2,27436
1102,64	4,05897
1102,87	12,00897
1103,11	-3,97436
1103,35	-4,85769
1103,59	-13,70769
1103,83	-14,97436
1104,07	-3,42436
1104,31	-0,39103
1104,55	1,89231
1104,78	-21,84103
1105,02	-10,52436
1105,26	-21,05769
1105,50	-8,15769
1105,74	-30,22436
1105,98	-18,32436
1106,22	-5,02436
1106,45	0,50897
1106,69	-7,52436
1106,93	-18,22436
1107,17	-15,69103
1107,41	-13,55769
1107,65	-22,14103
1107,89	-16,62436
1108,12	-12,84103
1108,36	-28,29103
1108,60	-25,42436
1108,84	-23,15769
1109,08	-12,52436
1109,32	-13,95769
1109,55	-18,64103
1109,79	3,14231
1110,03	-7,09103
1110,27	-2,20769
1110,51	-17,87436
1110,75	-24,09103
1110,99	-26,27436
1111,22	-34,94103
1111,46	-29,20769
1111,70	-36,74103
1111,94	-47,05769
1112,18	-51,19103
1112,42	-43,92436
1112,65	-22,74103
1112,89	-9,82436
1113,13	-16,52436
1113,37	-12,97436
1113,61	-10,44103
1113,85	17,00897
1114,08	4,79231
1114,32	-8,99103
1114,56	-15,67436
1114,80	-11,79103
1115,04	6,15897
1115,28	-11,22436
1115,51	-7,45769
1115,75	-6,45769
1115,99	-4,37436
1116,23	-3,87436
1116,47	-4,40769
1116,70	-6,45769
1116,94	-18,19103
1117,18	-12,40769
1117,42	-18,04103
1117,66	-3,52436
1117,90	-30,87436
1118,13	-29,14103
1118,37	-52,55769
1118,61	-44,07436
1118,85	-35,14103
1119,09	-32,90769
1119,32	-22,40769
1119,56	-18,72436
1119,80	-23,22436
1120,04	-39,00769
1120,28	-30,67436
1120,51	-24,05769
1120,75	-15,67436
1120,99	-35,05769