194,56	-191,96538
194,83	-191,96538
195,09	-189,99872
195,36	-127,59872
195,63	-64,41538
195,90	-6,74872
196,17	-18,39872
196,44	-30,33205
196,71	-19,58205
196,97	-6,29872
197,24	15,98462
197,51	-6,86538
197,78	5,96795
198,05	8,36795
198,32	22,91795
198,59	5,90128
198,86	6,78462
199,12	-1,04872
199,39	4,95128
199,66	8,31795
199,93	26,21795
200,20	26,90128
200,47	4,20128
200,74	1,36795
201,00	-5,18205
201,27	5,48462
201,54	-10,69872
201,81	12,93462
202,08	-7,48205
202,35	6,36795
202,61	-0,08205
202,88	51,60128
203,15	32,83462
203,42	18,88462
203,69	-15,18205
203,96	-4,69872
204,23	-0,96538
204,49	-6,09872
204,76	23,26795
205,03	35,68462
205,30	40,18462
205,57	17,51795
205,84	18,31795
206,10	38,80128
206,37	46,26795
206,64	50,15128
206,91	45,08462
207,18	31,11795
207,45	26,53462
207,71	11,83462
207,98	28,38462
208,25	14,23462
208,52	6,96795
208,79	-4,16538
209,06	4,03462
209,32	16,33462
209,59	22,68462
209,86	-3,84872
210,13	2,11795
210,40	10,46795
210,67	42,40128
210,93	35,91795
211,20	12,75128
211,47	6,60128
211,74	27,81795
212,01	30,60128
212,28	43,76795
212,54	45,41795
212,81	49,05128
213,08	39,48462
213,35	29,60128
213,62	42,31795
213,88	50,41795
214,15	37,91795
214,42	26,91795
214,69	30,16795
214,96	35,60128
215,23	61,95128
215,49	45,51795
215,76	44,58462
216,03	35,31795
216,30	25,00128
216,57	9,98462
216,83	5,55128
217,10	12,26795
217,37	32,66795
217,64	53,83462
217,91	64,33462
218,17	33,28462
218,44	-12,04872
218,71	-10,74872
218,98	10,70128
219,25	43,28462
219,51	44,96795
219,78	42,55128
220,05	27,20128
220,32	20,01795
220,59	25,11795
220,85	25,75128
221,12	36,01795
221,39	53,01795
221,66	54,05128
221,93	33,90128
222,19	6,56795
222,46	18,95128
222,73	36,33462
223,00	58,16795
223,27	42,83462
223,53	38,11795
223,80	31,21795
224,07	41,95128
224,34	56,58462
224,61	49,40128
224,87	30,55128
225,14	3,00128
225,41	6,33462
225,68	29,46795
225,94	44,76795
226,21	48,63462
226,48	31,13462
226,75	30,91795
227,02	15,16795
227,28	23,96795
227,55	9,81795
227,82	18,31795
228,09	-7,21538
228,36	-7,74872
228,62	-1,73205
228,89	20,35128
229,16	30,00128
229,43	25,50128
229,69	23,71795
229,96	25,33462
230,23	17,90128
230,50	25,25128
230,76	14,63462
231,03	19,55128
231,30	19,85128
231,57	29,80128
231,84	26,30128
232,10	15,30128
232,37	15,31795
232,64	8,35128
232,91	11,56795
233,17	18,75128
233,44	28,58462
233,71	29,48462
233,98	11,16795
234,24	9,91795
234,51	30,60128
234,78	41,93462
235,05	57,21795
235,31	37,91795
235,58	32,03462
235,85	9,53462
236,12	-5,18205
236,39	17,16795
236,65	29,76795
236,92	79,35128
237,19	74,13462
237,46	104,20128
237,72	70,95128
237,99	48,40128
238,26	16,93462
238,53	37,18462
238,79	37,45128
239,06	36,16795
239,33	6,81795
239,60	3,05128
239,86	-9,48205
240,13	-10,64872
240,40	-13,49872
240,67	16,76795
240,93	26,10128
241,20	29,33462
241,47	6,11795
241,73	6,60128
242,00	12,73462
242,27	20,16795
242,54	21,41795
242,80	21,05128
243,07	27,36795
243,34	26,11795
243,61	61,06795
243,87	43,15128
244,14	41,08462
244,41	2,66795
244,68	12,06795
244,94	12,51795
245,21	22,21795
245,48	31,00128
245,74	26,08462
246,01	36,85128
246,28	26,81795
246,55	24,16795
246,81	-0,36538
247,08	6,46795
247,35	18,00128
247,62	23,70128
247,88	3,90128
248,15	9,48462
248,42	44,00128
248,68	50,11795
248,95	33,00128
249,22	4,25128
249,49	14,45128
249,75	16,11795
250,02	24,95128
250,29	18,28462
250,56	34,45128
250,82	43,66795
251,09	48,23462
251,36	54,81795
251,62	27,05128
251,89	30,08462
252,16	41,31795
252,43	69,20128
252,69	62,56795
252,96	31,90128
253,23	23,68462
253,49	26,83462
253,76	35,95128
254,03	54,23462
254,29	57,95128
254,56	56,78462
254,83	31,85128
255,10	9,43462
255,36	6,45128
255,63	18,41795
255,90	43,78462
256,16	46,26795
256,43	21,23462
256,70	25,88462
256,96	24,36795
257,23	36,53462
257,50	27,16795
257,77	34,41795
258,03	32,41795
258,30	38,73462
258,57	18,56795
258,83	22,85128
259,10	15,03462
259,37	20,03462
259,63	7,58462
259,90	21,66795
260,17	18,11795
260,43	28,05128
260,70	14,21795
260,97	37,05128
261,24	42,06795
261,50	42,46795
261,77	29,38462
262,04	15,81795
262,30	7,66795
262,57	2,60128
262,84	14,41795
263,10	41,33462
263,37	56,05128
263,64	36,35128
263,90	12,60128
264,17	0,00128
264,44	9,43462
264,70	9,58462
264,97	25,00128
265,24	48,91795
265,50	61,91795
265,77	58,36795
266,04	40,06795
266,30	26,91795
266,57	6,85128
266,84	5,31795
267,10	7,31795
267,37	38,45128
267,64	45,23462
267,90	56,81795
268,17	46,75128
268,44	36,61795
268,70	17,03462
268,97	-11,03205
269,24	-1,71538
269,50	13,36795
269,77	33,38462
270,04	40,73462
270,30	30,73462
270,57	38,63462
270,84	15,10128
271,10	29,66795
271,37	19,40128
271,64	47,60128
271,90	74,55128
272,17	76,70128
272,44	64,50128
272,70	32,31795
272,97	26,23462
273,24	17,88462
273,50	23,96795
273,77	37,00128
274,04	42,61795
274,30	35,83462
274,57	25,68462
274,84	39,01795
275,10	38,60128
275,37	38,26795
275,64	19,21795
275,90	5,21795
276,17	2,61795
276,43	15,31795
276,70	15,80128
276,97	8,70128
277,23	16,80128
277,50	20,13462
277,77	14,41795
278,03	-20,13205
278,30	-6,66538
278,57	-4,39872
278,83	6,55128
279,10	9,95128
279,37	4,00128
279,63	4,36795
279,90	11,75128
280,16	32,20128
280,43	50,35128
280,70	40,33462
280,96	59,11795
281,23	54,53462
281,50	41,75128
281,76	19,10128
282,03	17,28462
282,29	24,00128
282,56	24,38462
282,83	13,10128
283,09	3,26795
283,36	10,85128
283,63	17,16795
283,89	27,93462
284,16	27,81795
284,42	30,85128
284,69	35,16795
284,96	29,70128
285,22	26,51795
285,49	27,00128
285,76	28,80128
286,02	49,50128
286,29	57,18462
286,55	54,06795
286,82	30,56795
287,09	9,40128
287,35	22,86795
287,62	17,21795
287,88	23,86795
288,15	-0,41538
288,42	-4,64872
288,68	6,88462
288,95	20,10128
289,22	38,83462
289,48	34,58462
289,75	35,40128
290,01	37,41795
290,28	18,16795
290,55	24,25128
290,81	6,11795
291,08	27,56795
291,34	34,23462
291,61	53,16795
291,88	50,40128
292,14	23,58462
292,41	18,55128
292,67	39,36795
292,94	59,80128
293,21	55,96795
293,47	40,65128
293,74	37,40128
294,00	23,63462
294,27	4,78462
294,54	-6,81538
294,80	5,61795
295,07	30,06795
295,33	27,56795
295,60	32,70128
295,86	14,26795
296,13	7,45128
296,40	-7,43205
296,66	5,46795
296,93	46,96795
297,19	66,51795
297,46	56,86795
297,73	38,00128
297,99	23,45128
298,26	11,26795
298,52	-4,89872
298,79	-3,76538
299,05	-12,99872
299,32	8,03462
299,59	23,65128
299,85	41,70128
300,12	25,83462
300,38	8,30128
300,65	-1,49872
300,92	9,20128
301,18	12,21795
301,45	31,05128
301,71	13,53462
301,98	24,53462
302,24	33,75128
302,51	47,98462
302,78	47,18462
303,04	27,25128
303,31	31,18462
303,57	36,41795
303,84	36,31795
304,10	16,33462
304,37	13,16795
304,63	27,28462
304,90	46,26795
305,17	48,75128
305,43	34,38462
305,70	48,40128
305,96	44,68462
306,23	45,40128
306,49	36,36795
306,76	34,76795
307,03	34,85128
307,29	22,36795
307,56	33,03462
307,82	40,50128
308,09	45,83462
308,35	37,71795
308,62	48,21795
308,88	35,76795
309,15	38,45128
309,42	27,61795
309,68	36,35128
309,95	32,35128
310,21	19,88462
310,48	19,95128
310,74	21,26795
311,01	45,10128
311,27	35,40128
311,54	22,08462
311,80	4,98462
312,07	28,61795
312,34	47,43462
312,60	40,26795
312,87	38,75128
313,13	48,95128
313,40	50,71795
313,66	50,81795
313,93	27,50128
314,19	51,81795
314,46	46,00128
314,72	58,05128
314,99	42,15128
315,25	28,95128
315,52	12,85128
315,78	9,36795
316,05	12,53462
316,32	19,28462
316,58	18,80128
316,85	29,10128
317,11	31,68462
317,38	29,68462
317,64	27,33462
317,91	22,20128
318,17	23,30128
318,44	24,05128
318,70	14,63462
318,97	21,85128
319,23	36,90128
319,50	44,16795
319,76	37,21795
320,03	16,63462
320,29	28,33462
320,56	33,91795
320,82	44,00128
321,09	43,76795
321,36	57,23462
321,62	49,95128
321,89	37,80128
322,15	21,68462
322,42	24,76795
322,68	39,58462
322,95	61,81795
323,21	73,81795
323,48	64,31795
323,74	49,71795
324,01	42,36795
324,27	34,06795
324,54	25,00128
324,80	33,51795
325,07	47,05128
325,33	59,71795
325,60	40,78462
325,86	45,13462
326,13	39,85128
326,39	51,13462
326,66	42,03462
326,92	44,13462
327,19	43,60128
327,45	41,60128
327,72	44,28462
327,98	40,20128
328,25	51,98462
328,51	42,76795
328,78	44,01795
329,04	39,73462
329,31	36,80128
329,57	26,98462
329,84	24,85128
330,10	35,28462
330,37	60,00128
330,63	56,28462
330,90	54,68462
331,16	49,46795
331,43	55,40128
331,69	67,51795
331,96	73,25128
332,22	75,40128
332,49	78,91795
332,75	65,13462
333,01	51,61795
333,28	34,28462
333,54	31,98462
333,81	59,83462
334,07	64,30128
334,34	57,56795
334,60	46,23462
334,87	52,90128
335,13	84,53462
335,40	75,01795
335,66	63,00128
335,93	41,80128
336,19	42,41795
336,46	55,90128
336,72	42,86795
336,99	43,21795
337,25	34,93462
337,52	44,85128
337,78	60,21795
338,05	50,25128
338,31	63,28462
338,57	65,43462
338,84	64,56795
339,10	61,15128
339,37	49,36795
339,63	67,58462
339,90	68,56795
340,16	70,05128
340,43	57,78462
340,69	63,88462
340,96	52,26795
341,22	65,86795
341,49	40,93462
341,75	47,23462
342,01	42,45128
342,28	61,15128
342,54	89,80128
342,81	98,03462
343,07	104,75128
343,34	78,58462
343,60	77,41795
343,87	50,71795
344,13	50,26795
344,40	58,56795
344,66	74,21795
344,92	97,68462
345,19	78,16795
345,45	81,35128
345,72	83,23462
345,98	97,25128
346,25	100,11795
346,51	94,38462
346,78	91,31795
347,04	105,23462
347,30	93,86795
347,57	95,61795
347,83	78,60128
348,10	87,45128
348,36	93,15128
348,63	109,13462
348,89	106,10128
349,15	105,03462
349,42	94,76795
349,68	87,40128
349,95	82,65128
350,21	96,45128
350,48	106,40128
350,74	115,38462
351,01	103,55128
351,27	99,66795
351,53	87,93462
351,80	79,85128
352,06	86,10128
352,33	89,31795
352,59	89,70128
352,86	88,51795
353,12	99,41795
353,38	138,65128
353,65	131,78462
353,91	132,90128
354,18	130,10128
354,44	173,26795
354,70	170,33462
354,97	148,66795
355,23	129,61795
355,50	129,61795
355,76	150,40128
356,03	151,93462
356,29	181,03462
356,55	179,86795
356,82	173,60128
357,08	153,58462
357,35	147,18462
357,61	169,93462
357,87	181,13462
358,14	180,53462
358,40	163,38462
358,67	173,63462
358,93	186,45128
359,20	208,63462
359,46	208,11795
359,72	204,03462
359,99	182,88462
360,25	186,55128
360,52	193,71795
360,78	205,96795
361,04	205,36795
361,31	184,80128
361,57	162,45128
361,84	147,20128
362,10	151,20128
362,36	158,33462
362,63	167,95128
362,89	172,38462
363,16	181,25128
363,42	186,76795
363,68	182,53462
363,95	186,43462
364,21	166,60128
364,47	173,33462
364,74	166,18462
365,00	162,41795
365,27	146,76795
365,53	142,16795
365,79	156,01795
366,06	172,73462
366,32	185,90128
366,59	157,28462
366,85	145,41795
367,11	126,65128
367,38	142,00128
367,64	142,91795
367,91	142,51795
368,17	130,73462
368,43	117,41795
368,70	118,66795
368,96	118,38462
369,22	145,23462
369,49	152,26795
369,75	152,66795
370,02	139,38462
370,28	129,83462
370,54	139,91795
370,81	132,40128
371,07	133,20128
371,33	162,16795
371,60	141,30128
371,86	130,78462
372,13	95,23462
372,39	108,56795
372,65	123,48462
372,92	129,00128
373,18	147,56795
373,44	135,26795
373,71	111,00128
373,97	84,81795
374,23	88,76795
374,50	125,86795
374,76	136,31795
375,03	140,68462
375,29	128,55128
375,55	134,68462
375,82	124,11795
376,08	119,18462
376,34	144,68462
376,61	137,68462
376,87	121,65128
377,13	78,75128
377,40	94,91795
377,66	131,60128
377,92	165,21795
378,19	182,41795
378,45	185,00128
378,72	166,21795
378,98	161,35128
379,24	140,40128
379,51	149,70128
379,77	139,00128
380,03	112,13462
380,30	127,68462
380,56	128,63462
380,82	164,45128
381,09	150,93462
381,35	160,20128
381,61	145,65128
381,88	153,46795
382,14	160,41795
382,40	173,08462
382,67	161,16795
382,93	143,63462
383,19	129,15128
383,46	126,55128
383,72	133,03462
383,98	130,78462
384,25	145,08462
384,51	150,23462
384,77	151,75128
385,04	144,01795
385,30	127,80128
385,56	152,31795
385,83	171,28462
386,09	188,50128
386,35	185,65128
386,62	173,95128
386,88	188,60128
387,14	190,86795
387,41	183,35128
387,67	179,45128
387,93	180,45128
388,20	187,83462
388,46	180,93462
388,72	181,33462
388,99	179,03462
389,25	178,51795
389,51	167,10128
389,78	167,48462
390,04	183,05128
390,30	204,58462
390,56	211,33462
390,83	192,88462
391,09	186,01795
391,35	169,00128
391,62	171,46795
391,88	166,83462
392,14	178,31795
392,41	175,95128
392,67	152,75128
392,93	147,40128
393,20	123,21795
393,46	127,88462
393,72	104,41795
393,99	95,51795
394,25	101,68462
394,51	93,90128
394,77	117,78462
395,04	105,85128
395,30	126,78462
395,56	128,45128
395,83	126,95128
396,09	120,78462
396,35	125,71795
396,62	118,43462
396,88	138,15128
397,14	114,41795
397,40	155,71795
397,67	150,15128
397,93	151,28462
398,19	128,71795
398,46	123,03462
398,72	133,75128
398,98	135,01795
399,24	134,78462
399,51	134,03462
399,77	134,60128
400,03	121,25128
400,30	98,01795
400,56	119,01795
400,82	131,68462
401,08	137,00128
401,35	113,31795
401,61	122,36795
401,87	129,65128
402,14	139,85128
402,40	131,45128
402,66	145,20128
402,92	116,46795
403,19	107,46795
403,45	114,61795
403,71	129,80128
403,98	136,98462
404,24	125,31795
404,50	122,16795
404,76	136,55128
405,03	148,75128
405,29	165,81795
405,55	160,15128
405,81	178,50128
406,08	171,40128
406,34	176,58462
406,60	164,63462
406,87	186,60128
407,13	206,88462
407,39	203,23462
407,65	173,98462
407,92	138,95128
408,18	118,53462
408,44	122,93462
408,70	124,33462
408,97	141,28462
409,23	148,46795
409,49	150,58462
409,75	138,38462
410,02	126,91795
410,28	113,53462
410,54	112,33462
410,80	119,51795
411,07	131,66795
411,33	141,95128
411,59	116,88462
411,85	134,01795
412,12	143,00128
412,38	160,10128
412,64	138,18462
412,90	110,81795
413,17	108,05128
413,43	101,21795
413,69	118,03462
413,95	116,76795
414,22	117,26795
414,48	90,13462
414,74	73,38462
415,00	71,33462
415,27	77,03462
415,53	97,00128
415,79	96,20128
416,05	105,78462
416,32	103,03462
416,58	127,93462
416,84	141,41795
417,10	127,40128
417,37	109,86795
417,63	96,75128
417,89	110,90128
418,15	100,86795
418,41	89,63462
418,68	83,80128
418,94	98,48462
419,20	96,70128
419,46	112,06795
419,73	105,56795
419,99	125,65128
420,25	111,65128
420,51	158,90128
420,78	154,75128
421,04	138,10128
421,30	75,51795
421,56	80,46795
421,82	96,45128
422,09	121,08462
422,35	108,80128
422,61	113,10128
422,87	190,86795
423,14	176,43462
423,40	174,85128
423,66	75,56795
423,92	100,23462
424,18	96,83462
424,45	98,20128
424,71	83,88462
424,97	90,11795
425,23	85,71795
425,49	84,26795
425,76	92,70128
426,02	117,00128
426,28	130,06795
426,54	121,25128
426,81	117,21795
427,07	111,68462
427,33	103,55128
427,59	99,80128
427,85	93,76795
428,12	102,50128
428,38	107,43462
428,64	106,76795
428,90	97,65128
429,16	95,08462
429,43	95,85128
429,69	99,01795
429,95	101,70128
430,21	116,36795
430,47	143,26795
430,74	129,33462
431,00	119,23462
431,26	84,23462
431,52	94,45128
431,78	104,26795
432,05	134,28462
432,31	164,53462
432,57	152,18462
432,83	122,70128
433,09	90,11795
433,35	89,50128
433,62	85,46795
433,88	75,08462
434,14	74,13462
434,40	73,43462
434,66	86,01795
434,93	83,28462
435,19	93,68462
435,45	86,78462
435,71	113,33462
435,97	122,08462
436,23	122,35128
436,50	112,00128
436,76	106,66795
437,02	115,30128
437,28	104,03462
437,54	116,15128
437,81	108,63462
438,07	108,10128
438,33	96,50128
438,59	86,88462
438,85	92,46795
439,11	74,76795
439,38	100,71795
439,64	90,26795
439,90	103,20128
440,16	87,75128
440,42	90,90128
440,68	99,50128
440,95	89,85128
441,21	106,23462
441,47	118,31795
441,73	124,28462
441,99	120,58462
442,25	105,00128
442,52	118,53462
442,78	108,48462
443,04	113,03462
443,30	105,18462
443,56	119,91795
443,82	121,50128
444,08	135,91795
444,35	131,60128
444,61	132,08462
444,87	101,26795
445,13	109,76795
445,39	85,16795
445,65	99,25128
445,92	60,16795
446,18	77,78462
446,44	83,45128
446,70	112,50128
446,96	124,36795
447,22	135,93462
447,48	142,50128
447,75	148,20128
448,01	157,33462
448,27	138,03462
448,53	126,46795
448,79	125,36795
449,05	146,60128
449,31	149,33462
449,58	145,96795
449,84	142,93462
450,10	148,83462
450,36	126,36795
450,62	115,21795
450,88	103,40128
451,14	100,03462
451,41	84,61795
451,67	70,25128
451,93	74,90128
452,19	92,85128
452,45	116,05128
452,71	118,61795
452,97	97,96795
453,23	105,90128
453,50	107,40128
453,76	121,68462
454,02	105,16795
454,28	104,41795
454,54	107,38462
454,80	113,85128
455,06	109,91795
455,32	104,56795
455,59	85,96795
455,85	87,85128
456,11	85,05128
456,37	94,61795
456,63	95,70128
456,89	98,61795
457,15	120,78462
457,41	118,10128
457,68	131,75128
457,94	105,41795
458,20	106,45128
458,46	106,10128
458,72	119,41795
458,98	130,26795
459,24	132,08462
459,50	129,66795
459,76	122,03462
460,03	96,93462
460,29	100,11795
460,55	106,98462
460,81	126,15128
461,07	118,78462
461,33	135,73462
461,59	156,65128
461,85	145,43462
462,11	124,06795
462,37	104,45128
462,64	113,71795
462,90	105,48462
463,16	97,00128
463,42	114,01795
463,68	120,08462
463,94	115,15128
464,20	101,81795
464,46	96,80128
464,72	117,70128
464,98	114,35128
465,24	133,25128
465,51	125,58462
465,77	131,86795
466,03	111,46795
466,29	110,58462
466,55	100,40128
466,81	106,25128
467,07	111,21795
467,33	118,90128
467,59	143,80128
467,85	134,05128
468,11	128,18462
468,38	93,75128
468,64	109,56795
468,90	100,66795
469,16	111,40128
469,42	95,46795
469,68	96,95128
469,94	108,43462
470,20	115,28462
470,46	115,83462
470,72	103,90128
470,98	86,81795
471,24	96,75128
471,50	98,25128
471,77	109,76795
472,03	112,51795
472,29	94,96795
472,55	94,80128
472,81	106,41795
473,07	118,28462
473,33	102,83462
473,59	92,58462
473,85	87,56795
474,11	97,15128
474,37	91,15128
474,63	90,00128
474,89	112,58462
475,15	131,73462
475,41	162,31795
475,68	158,06795
475,94	151,11795
476,20	139,00128
476,46	144,86795
476,72	136,21795
476,98	145,76795
477,24	140,11795
477,50	153,66795
477,76	162,40128
478,02	192,96795
478,28	230,63462
478,54	257,80128
478,80	289,55128
479,06	314,91795
479,32	352,71795
479,58	363,21795
479,84	386,25128
480,10	372,13462
480,36	359,41795
480,63	323,51795
480,89	276,03462
481,15	256,23462
481,41	229,16795
481,67	241,50128
481,93	223,75128
482,19	208,83462
482,45	193,38462
482,71	174,81795
482,97	162,36795
483,23	150,16795
483,49	147,18462
483,75	157,51795
484,01	155,41795
484,27	147,05128
484,53	150,65128
484,79	198,98462
485,05	204,68462
485,31	204,76795
485,57	149,90128
485,83	156,96795
486,09	143,10128
486,35	145,98462
486,61	130,98462
486,87	128,20128
487,13	139,31795
487,39	156,26795
487,65	184,50128
487,91	187,81795
488,17	176,98462
488,43	145,03462
488,70	145,28462
488,96	153,75128
489,22	151,80128
489,48	143,16795
489,74	141,15128
490,00	159,81795
490,26	155,18462
490,52	176,55128
490,78	172,88462
491,04	186,01795
491,30	178,23462
491,56	188,78462
491,82	178,01795
492,08	165,70128
492,34	169,10128
492,60	181,93462
492,86	182,00128
493,12	182,68462
493,38	202,48462
493,64	231,71795
493,90	232,93462
494,16	202,88462
494,42	191,28462
494,68	194,13462
494,94	227,88462
495,20	251,55128
495,46	251,51795
495,72	234,00128
495,98	210,41795
496,24	196,20128
496,50	201,73462
496,76	223,66795
497,02	243,53462
497,28	252,10128
497,54	264,98462
497,80	268,25128
498,06	256,28462
498,32	221,71795
498,58	211,03462
498,84	209,78462
499,10	209,53462
499,36	224,15128
499,62	230,45128
499,88	251,01795
500,14	249,58462
500,40	243,55128
500,66	247,58462
500,92	260,85128
501,18	268,95128
501,44	259,61795
501,69	251,48462
501,95	271,13462
502,21	273,35128
502,47	259,73462
502,73	228,25128
502,99	224,73462
503,25	231,00128
503,51	239,01795
503,77	230,41795
504,03	229,86795
504,29	247,18462
504,55	264,41795
504,81	261,83462
505,07	242,95128
505,33	233,78462
505,59	236,33462
505,85	253,66795
506,11	258,75128
506,37	265,10128
506,63	253,50128
506,89	251,28462
507,15	258,38462
507,41	259,95128
507,67	263,01795
507,93	253,36795
508,19	250,95128
508,45	262,53462
508,71	261,45128
508,97	253,18462
509,23	234,16795
509,49	257,00128
509,74	283,51795
510,00	285,25128
510,26	271,01795
510,52	250,75128
510,78	261,16795
511,04	247,76795
511,30	273,03462
511,56	266,26795
511,82	271,35128
512,08	246,10128
512,34	270,40128
512,60	264,10128
512,86	273,45128
513,12	247,13462
513,38	248,98462
513,64	256,83462
513,90	267,08462
514,16	304,96795
514,42	322,76795
514,67	329,71795
514,93	321,28462
515,19	306,73462
515,45	306,00128
515,71	290,30128
515,97	296,83462
516,23	286,41795
516,49	277,73462
516,75	271,13462
517,01	280,31795
517,27	278,08462
517,53	265,80128
517,79	253,55128
518,05	251,15128
518,31	262,50128
518,56	271,45128
518,82	281,55128
519,08	261,40128
519,34	248,41795
519,60	235,18462
519,86	255,58462
520,12	256,10128
520,38	250,13462
520,64	252,63462
520,90	276,40128
521,16	286,13462
521,42	275,50128
521,68	252,83462
521,93	295,55128
522,19	325,50128
522,45	368,25128
522,71	360,46795
522,97	385,88462
523,23	386,83462
523,49	429,88462
523,75	444,33462
524,01	447,46795
524,27	389,51795
524,53	354,88462
524,79	338,71795
525,04	338,10128
525,30	310,18462
525,56	288,35128
525,82	266,45128
526,08	271,76795
526,34	258,85128
526,60	285,41795
526,86	274,65128
527,12	286,88462
527,38	261,31795
527,63	258,41795
527,89	251,88462
528,15	253,15128
528,41	251,18462
528,67	255,76795
528,93	265,81795
529,19	254,21795
529,45	239,90128
529,71	221,55128
529,97	230,13462
530,22	245,28462
530,48	259,88462
530,74	261,23462
531,00	258,23462
531,26	266,36795
531,52	272,81795
531,78	260,83462
532,04	259,73462
532,30	250,21795
532,55	290,36795
532,81	291,56795
533,07	289,60128
533,33	261,55128
533,59	242,26795
533,85	234,20128
534,11	257,51795
534,37	276,43462
534,62	292,11795
534,88	248,15128
535,14	222,63462
535,40	215,86795
535,66	232,03462
535,92	241,76795
536,18	247,61795
536,44	243,05128
536,69	232,95128
536,95	229,08462
537,21	237,03462
537,47	256,41795
537,73	272,53462
537,99	262,61795
538,25	251,25128
538,51	232,60128
538,76	236,98462
539,02	241,36795
539,28	259,81795
539,54	254,96795
539,80	246,71795
540,06	235,13462
540,32	256,73462
540,57	273,71795
540,83	287,55128
541,09	263,61795
541,35	247,98462
541,61	236,90128
541,87	234,66795
542,13	258,30128
542,38	271,68462
542,64	277,25128
542,90	268,16795
543,16	235,90128
543,42	243,65128
543,68	227,90128
543,94	241,46795
544,19	238,68462
544,45	252,91795
544,71	249,18462
544,97	253,18462
545,23	236,30128
545,49	233,76795
545,74	206,55128
546,00	221,41795
546,26	194,81795
546,52	232,00128
546,78	229,26795
547,04	251,53462
547,29	233,01795
547,55	220,96795
547,81	217,86795
548,07	216,36795
548,33	208,28462
548,59	209,95128
548,84	205,65128
549,10	210,75128
549,36	200,53462
549,62	201,10128
549,88	203,21795
550,14	209,95128
550,39	202,96795
550,65	216,50128
550,91	225,86795
551,17	230,61795
551,43	224,00128
551,69	224,18462
551,94	243,38462
552,20	251,36795
552,46	255,85128
552,72	244,38462
552,98	234,61795
553,24	227,83462
553,49	224,20128
553,75	229,18462
554,01	233,90128
554,27	241,86795
554,53	253,76795
554,78	255,36795
555,04	246,15128
555,30	237,76795
555,56	227,16795
555,82	245,18462
556,07	252,85128
556,33	271,65128
556,59	268,90128
556,85	271,85128
557,11	284,83462
557,37	295,91795
557,62	279,08462
557,88	261,58462
558,14	270,45128
558,40	271,50128
558,66	273,91795
558,91	250,21795
559,17	259,08462
559,43	267,30128
559,69	259,95128
559,95	248,55128
560,20	232,83462
560,46	253,71795
560,72	265,15128
560,98	285,35128
561,24	254,55128
561,49	249,56795
561,75	231,65128
562,01	248,11795
562,27	250,60128
562,52	247,18462
562,78	244,48462
563,04	242,83462
563,30	229,21795
563,56	223,01795
563,81	228,83462
564,07	251,86795
564,33	282,80128
564,59	271,81795
564,85	263,36795
565,10	272,81795
565,36	285,45128
565,62	314,38462
565,88	277,26795
566,13	285,58462
566,39	270,75128
566,65	291,80128
566,91	298,11795
567,17	283,73462
567,42	288,10128
567,68	264,81795
567,94	273,43462
568,20	256,10128
568,45	263,55128
568,71	252,21795
568,97	236,73462
569,23	254,45128
569,49	257,58462
569,74	265,53462
570,00	220,90128
570,26	222,38462
570,52	222,95128
570,77	252,13462
571,03	273,36795
571,29	287,45128
571,55	290,38462
571,80	256,23462
572,06	232,85128
572,32	218,28462
572,58	264,60128
572,83	289,13462
573,09	281,90128
573,35	259,36795
573,61	238,11795
573,86	239,90128
574,12	218,28462
574,38	231,68462
574,64	228,60128
574,89	247,48462
575,15	273,56795
575,41	283,31795
575,67	276,26795
575,92	250,15128
576,18	260,96795
576,44	262,03462
576,70	257,88462
576,95	235,91795
577,21	225,90128
577,47	229,15128
577,73	244,93462
577,98	244,91795
578,24	239,25128
578,50	228,76795
578,76	235,58462
579,01	223,48462
579,27	216,81795
579,53	230,75128
579,79	235,91795
580,04	231,21795
580,30	195,03462
580,56	179,50128
580,81	180,36795
581,07	193,08462
581,33	199,16795
581,59	204,33462
581,84	221,20128
582,10	244,71795
582,36	254,30128
582,62	262,15128
582,87	275,91795
583,13	320,65128
583,39	330,03462
583,64	346,15128
583,90	318,43462
584,16	333,58462
584,42	332,35128
584,67	335,15128
584,93	320,55128
585,19	301,18462
585,45	291,38462
585,70	273,03462
585,96	273,16795
586,22	264,50128
586,47	256,38462
586,73	255,93462
586,99	252,73462
587,25	265,50128
587,50	245,03462
587,76	235,65128
588,02	223,90128
588,27	230,81795
588,53	253,03462
588,79	244,03462
589,04	228,88462
589,30	228,61795
589,56	229,73462
589,82	248,25128
590,07	235,75128
590,33	233,96795
590,59	216,90128
590,84	215,06795
591,10	222,08462
591,36	231,85128
591,61	228,65128
591,87	236,30128
592,13	229,76795
592,39	228,65128
592,64	221,06795
592,90	210,76795
593,16	207,10128
593,41	206,45128
593,67	214,25128
593,93	215,88462
594,18	223,16795
594,44	236,68462
594,70	237,70128
594,95	241,03462
595,21	252,93462
595,47	258,81795
595,73	255,71795
595,98	245,15128
596,24	248,66795
596,50	232,98462
596,75	235,83462
597,01	235,91795
597,27	236,18462
597,52	224,23462
597,78	208,23462
598,04	210,35128
598,29	183,85128
598,55	187,20128
598,81	168,50128
599,06	176,68462
599,32	156,65128
599,58	175,60128
599,83	162,10128
600,09	166,56795
600,35	151,31795
600,60	155,30128
600,86	164,36795
601,12	167,26795
601,37	174,88462
601,63	157,25128
601,89	144,73462
602,14	142,40128
602,40	146,56795
602,66	150,06795
602,91	133,48462
603,17	144,13462
603,43	157,21795
603,68	181,75128
603,94	169,78462
604,20	159,31795
604,45	144,43462
604,71	146,46795
604,97	150,10128
605,22	153,53462
605,48	153,86795
605,74	162,66795
605,99	162,76795
606,25	160,13462
606,51	146,23462
606,76	130,88462
607,02	145,73462
607,27	139,56795
607,53	152,95128
607,79	148,10128
608,04	137,06795
608,30	132,16795
608,56	117,23462
608,81	144,58462
609,07	143,50128
609,33	173,28462
609,58	182,86795
609,84	196,43462
610,10	178,61795
610,35	148,38462
610,61	140,40128
610,86	128,30128
611,12	134,61795
611,38	125,01795
611,63	122,48462
611,89	123,86795
612,15	137,00128
612,40	129,76795
612,66	111,35128
612,92	87,88462
613,17	116,98462
613,43	142,56795
613,68	157,60128
613,94	135,85128
614,20	122,35128
614,45	110,76795
614,71	128,11795
614,97	117,36795
615,22	117,91795
615,48	105,95128
615,73	119,46795
615,99	127,93462
616,25	130,36795
616,50	139,03462
616,76	136,01795
617,01	140,65128
617,27	118,33462
617,53	122,63462
617,78	139,06795
618,04	159,25128
618,30	167,55128
618,55	134,73462
618,81	134,91795
619,06	117,88462
619,32	122,16795
619,58	114,53462
619,83	121,08462
620,09	118,85128
620,34	117,58462
620,60	113,48462
620,86	112,85128
621,11	114,58462
621,37	132,18462
621,62	134,06795
621,88	118,46795
622,14	93,53462
622,39	102,46795
622,65	114,41795
622,90	116,56795
623,16	120,31795
623,42	125,98462
623,67	118,63462
623,93	121,73462
624,18	115,50128
624,44	143,46795
624,70	151,10128
624,95	151,06795
625,21	146,28462
625,46	125,71795
625,72	142,81795
625,98	127,76795
626,23	141,68462
626,49	120,41795
626,74	138,66795
627,00	146,05128
627,25	162,25128
627,51	172,96795
627,77	163,66795
628,02	150,38462
628,28	146,83462
628,53	154,33462
628,79	169,16795
629,04	151,85128
629,30	142,38462
629,56	149,25128
629,81	145,98462
630,07	146,91795
630,32	134,48462
630,58	167,58462
630,83	165,63462
631,09	159,80128
631,35	134,83462
631,60	131,95128
631,86	148,03462
632,11	147,20128
632,37	132,93462
632,62	111,65128
632,88	104,90128
633,14	109,48462
633,39	108,15128
633,65	129,61795
633,90	146,93462
634,16	145,93462
634,41	124,66795
634,67	118,35128
634,93	136,11795
635,18	142,36795
635,44	123,96795
635,69	107,30128
635,95	113,01795
636,20	137,10128
636,46	137,75128
636,71	132,41795
636,97	124,91795
637,22	128,56795
637,48	121,66795
637,74	118,78462
637,99	128,51795
638,25	135,48462
638,50	132,35128
638,76	133,51795
639,01	124,13462
639,27	119,86795
639,52	117,15128
639,78	125,93462
640,03	125,00128
640,29	112,13462
640,55	114,36795
640,80	116,58462
641,06	112,00128
641,31	126,00128
641,57	127,83462
641,82	145,15128
642,08	140,65128
642,33	146,71795
642,59	153,88462
642,84	154,83462
643,10	147,65128
643,35	135,60128
643,61	130,60128
643,87	140,78462
644,12	142,96795
644,38	126,83462
644,63	125,93462
644,89	136,78462
645,14	147,21795
645,40	141,15128
645,65	143,30128
645,91	136,43462
646,16	149,90128
646,42	146,86795
646,67	142,31795
646,93	130,00128
647,18	124,56795
647,44	128,95128
647,69	121,48462
647,95	105,50128
648,20	100,96795
648,46	102,05128
648,71	107,61795
648,97	110,50128
649,22	109,61795
649,48	107,63462
649,73	105,65128
649,99	103,10128
650,24	118,95128
650,50	131,41795
650,75	139,68462
651,01	134,80128
651,26	129,05128
651,52	122,38462
651,77	110,75128
652,03	114,05128
652,28	112,40128
652,54	132,76795
652,79	150,93462
653,05	166,51795
653,30	162,83462
653,56	141,73462
653,81	141,58462
654,07	142,95128
654,32	147,05128
654,58	139,06795
654,83	144,50128
655,09	135,28462
655,34	133,53462
655,60	121,70128
655,85	127,15128
656,11	153,85128
656,36	166,98462
656,62	163,68462
656,87	142,80128
657,13	118,71795
657,38	130,61795
657,64	145,26795
657,89	166,56795
658,15	145,10128
658,40	118,85128
658,66	112,96795
658,91	117,43462
659,17	120,98462
659,42	115,45128
659,68	117,46795
659,93	102,95128
660,19	97,43462
660,44	107,68462
660,70	128,23462
660,95	128,61795
661,20	117,16795
661,46	111,81795
661,71	114,41795
661,97	108,50128
662,22	113,28462
662,48	115,53462
662,73	119,93462
662,99	124,33462
663,24	128,83462
663,50	120,66795
663,75	116,75128
664,01	92,63462
664,26	112,93462
664,52	104,15128
664,77	123,46795
665,02	127,86795
665,28	134,35128
665,53	129,01795
665,79	129,06795
666,04	133,28462
666,30	126,61795
666,55	121,91795
666,81	102,50128
667,06	110,00128
667,32	112,13462
667,57	116,45128
667,82	112,36795
668,08	111,23462
668,33	114,45128
668,59	109,65128
668,84	116,11795
669,10	112,30128
669,35	170,68462
669,61	141,41795
669,86	155,90128
670,11	94,76795
670,37	113,73462
670,62	111,25128
670,88	126,18462
671,13	107,03462
671,39	87,06795
671,64	73,10128
671,90	83,86795
672,15	94,93462
672,40	91,90128
672,66	76,18462
672,91	78,36795
673,17	78,45128
673,42	90,56795
673,68	82,88462
673,93	76,95128
674,18	81,43462
674,44	74,66795
674,69	83,96795
674,95	87,78462
675,20	92,65128
675,46	90,33462
675,71	74,21795
675,96	86,58462
676,22	76,88462
676,47	86,71795
676,73	82,28462
676,98	85,41795
677,23	91,28462
677,49	98,11795
677,74	117,56795
678,00	102,20128
678,25	95,98462
678,51	98,95128
678,76	90,70128
679,01	92,98462
679,27	73,53462
679,52	78,21795
679,78	74,50128
680,03	82,15128
680,28	82,58462
680,54	72,90128
680,79	56,41795
681,05	59,85128
681,30	56,20128
681,55	65,53462
681,81	66,21795
682,06	87,35128
682,32	97,73462
682,57	111,33462
682,82	97,68462
683,08	82,96795
683,33	56,91795
683,59	67,38462
683,84	61,06795
684,09	70,45128
684,35	63,91795
684,60	79,93462
684,86	82,33462
685,11	98,83462
685,36	97,41795
685,62	110,38462
685,87	76,48462
686,13	66,01795
686,38	43,60128
686,63	63,11795
686,89	82,28462
687,14	114,50128
687,40	111,86795
687,65	111,43462
687,90	93,55128
688,16	90,71795
688,41	78,31795
688,66	69,90128
688,92	70,16795
689,17	61,80128
689,43	55,01795
689,68	59,68462
689,93	70,00128
690,19	76,06795
690,44	60,66795
690,69	49,65128
690,95	48,10128
691,20	62,16795
691,46	54,86795
691,71	66,00128
691,96	69,78462
692,22	80,53462
692,47	68,41795
692,72	56,33462
692,98	55,90128
693,23	64,53462
693,49	80,81795
693,74	85,70128
693,99	91,18462
694,25	83,06795
694,50	84,85128
694,75	78,01795
695,01	58,00128
695,26	59,18462
695,51	56,81795
695,77	55,66795
696,02	49,01795
696,27	47,21795
696,53	66,00128
696,78	74,91795
697,04	83,06795
697,29	72,50128
697,54	63,46795
697,80	48,26795
698,05	54,16795
698,30	46,01795
698,56	47,53462
698,81	46,53462
699,06	54,70128
699,32	53,83462
699,57	55,58462
699,82	70,46795
700,08	65,15128
700,33	58,30128
700,58	41,70128
700,84	45,98462
701,09	40,01795
701,34	40,96795
701,60	51,26795
701,85	55,81795
702,10	61,86795
702,36	67,91795
702,61	61,81795
702,86	50,13462
703,12	25,16795
703,37	30,91795
703,62	27,73462
703,88	30,11795
704,13	23,26795
704,38	27,36795
704,64	55,26795
704,89	63,43462
705,14	85,06795
705,40	78,68462
705,65	81,61795
705,90	60,26795
706,16	37,16795
706,41	39,68462
706,66	42,85128
706,92	46,26795
707,17	52,05128
707,42	73,91795
707,68	63,51795
707,93	52,15128
708,18	40,73462
708,44	70,96795
708,69	81,88462
708,94	77,71795
709,19	66,26795
709,45	72,15128
709,70	61,26795
709,95	61,03462
710,21	38,88462
710,46	34,76795
710,71	51,20128
710,97	50,40128
711,22	62,63462
711,47	37,00128
711,73	45,51795
711,98	40,76795
712,23	42,30128
712,48	37,36795
712,74	35,43462
712,99	35,13462
713,24	21,15128
713,50	24,18462
713,75	44,65128
714,00	61,83462
714,26	54,45128
714,51	38,53462
714,76	39,60128
715,01	35,33462
715,27	55,23462
715,52	52,38462
715,77	65,98462
716,03	48,33462
716,28	49,88462
716,53	60,96795
716,78	59,71795
717,04	63,88462
717,29	62,10128
717,54	72,16795
717,80	63,40128
718,05	57,13462
718,30	46,76795
718,55	54,81795
718,81	52,51795
719,06	63,01795
719,31	58,83462
719,57	45,08462
719,82	39,51795
720,07	44,35128
720,32	47,38462
720,58	52,80128
720,83	49,81795
721,08	54,68462
721,33	46,28462
721,59	56,35128
721,84	66,56795
722,09	79,90128
722,35	72,35128
722,60	61,06795
722,85	55,00128
723,10	46,06795
723,36	48,90128
723,61	35,61795
723,86	46,10128
724,11	55,46795
724,37	50,98462
724,62	43,38462
724,87	27,40128
725,12	31,00128
725,38	28,33462
725,63	30,13462
725,88	20,53462
726,13	21,30128
726,39	7,20128
726,64	31,80128
726,89	30,21795
727,14	36,38462
727,40	29,11795
727,65	35,85128
727,90	52,75128
728,15	54,96795
728,41	43,61795
728,66	46,81795
728,91	34,05128
729,16	43,71795
729,42	42,88462
729,67	51,11795
729,92	29,68462
730,17	18,38462
730,43	21,40128
730,68	46,38462
730,93	52,56795
731,18	49,06795
731,44	43,36795
731,69	35,46795
731,94	37,71795
732,19	46,08462
732,45	56,18462
732,70	73,30128
732,95	57,81795
733,20	40,05128
733,45	29,45128
733,71	40,81795
733,96	41,03462
734,21	42,33462
734,46	36,18462
734,72	44,08462
734,97	41,33462
735,22	39,81795
735,47	40,68462
735,72	34,68462
735,98	30,90128
736,23	33,45128
736,48	39,18462
736,73	45,51795
736,99	37,93462
737,24	36,36795
737,49	33,53462
737,74	38,83462
737,99	57,66795
738,25	59,20128
738,50	57,63462
738,75	28,06795
739,00	32,78462
739,25	40,70128
739,51	38,30128
739,76	37,76795
740,01	37,66795
740,26	50,93462
740,52	56,01795
740,77	77,41795
741,02	75,76795
741,27	64,33462
741,52	42,26795
741,78	40,58462
742,03	41,81795
742,28	37,40128
742,53	43,40128
742,78	55,81795
743,04	66,90128
743,29	73,48462
743,54	78,16795
743,79	65,05128
744,04	46,86795
744,30	42,03462
744,55	48,40128
744,80	68,58462
745,05	61,01795
745,30	58,41795
745,55	40,00128
745,81	60,83462
746,06	66,10128
746,31	77,40128
746,56	61,86795
746,81	69,56795
747,07	75,95128
747,32	82,48462
747,57	94,53462
747,82	100,00128
748,07	111,65128
748,32	88,91795
748,58	77,83462
748,83	59,73462
749,08	69,11795
749,33	72,56795
749,58	81,08462
749,84	84,56795
750,09	80,15128
750,34	81,55128
750,59	93,10128
750,84	90,26795
751,09	107,88462
751,35	103,66795
751,60	117,51795
751,85	94,35128
752,10	73,58462
752,35	78,35128
752,60	76,65128
752,86	79,58462
753,11	49,86795
753,36	35,56795
753,61	29,01795
753,86	22,46795
754,11	23,03462
754,37	6,25128
754,62	4,00128
754,87	2,68462
755,12	27,80128
755,37	41,95128
755,62	46,45128
755,87	22,08462
756,13	11,13462
756,38	11,45128
756,63	30,18462
756,88	55,81795
757,13	51,68462
757,38	53,25128
757,64	23,88462
757,89	22,63462
758,14	34,65128
758,39	34,11795
758,64	52,86795
758,89	37,16795
759,14	57,26795
759,40	51,78462
759,65	49,90128
759,90	40,78462
760,15	28,31795
760,40	9,21795
760,65	1,13462
760,90	1,36795
761,15	12,08462
761,41	21,75128
761,66	18,83462
761,91	28,56795
762,16	15,45128
762,41	30,08462
762,66	19,31795
762,91	26,60128
763,17	22,90128
763,42	27,30128
763,67	36,86795
763,92	35,03462
764,17	35,73462
764,42	19,40128
764,67	22,78462
764,92	35,75128
765,18	40,21795
765,43	23,91795
765,68	27,98462
765,93	39,35128
766,18	46,71795
766,43	36,70128
766,68	37,73462
766,93	33,43462
767,18	25,68462
767,44	21,96795
767,69	15,25128
767,94	31,06795
768,19	21,40128
768,44	25,73462
768,69	23,66795
768,94	37,35128
769,19	38,83462
769,44	37,45128
769,70	18,45128
769,95	23,90128
770,20	27,76795
770,45	46,23462
770,70	51,08462
770,95	38,96795
771,20	22,13462
771,45	30,16795
771,70	30,66795
771,95	29,86795
772,21	30,46795
772,46	32,76795
772,71	41,80128
772,96	33,66795
773,21	33,66795
773,46	44,76795
773,71	47,53462
773,96	36,11795
774,21	30,16795
774,46	28,88462
774,72	40,85128
774,97	33,80128
775,22	21,60128
775,47	24,98462
775,72	28,31795
775,97	49,41795
776,22	55,80128
776,47	88,11795
776,72	102,46795
776,97	110,60128
777,22	89,60128
777,47	87,21795
777,73	79,40128
777,98	93,28462
778,23	81,71795
778,48	73,36795
778,73	48,55128
778,98	44,40128
779,23	51,63462
779,48	54,30128
779,73	37,71795
779,98	20,70128
780,23	20,10128
780,48	22,10128
780,73	36,65128
780,98	45,13462
781,24	46,98462
781,49	28,35128
781,74	8,80128
781,99	7,78462
782,24	13,46795
782,49	17,41795
782,74	16,91795
782,99	20,40128
783,24	21,28462
783,49	24,96795
783,74	19,95128
783,99	35,76795
784,24	28,90128
784,49	27,66795
784,74	18,16795
784,99	27,78462
785,24	15,21795
785,49	-5,78205
785,75	16,43462
786,00	45,16795
786,25	51,78462
786,50	25,78462
786,75	3,21795
787,00	22,31795
787,25	22,11795
787,50	32,90128
787,75	24,15128
788,00	46,28462
788,25	23,36795
788,50	11,41795
788,75	-8,08205
789,00	-2,08205
789,25	-7,16538
789,50	-20,89872
789,75	-18,59872
790,00	-1,83205
790,25	6,18462
790,50	41,46795
790,75	54,73462
791,00	52,81795
791,25	41,46795
791,50	22,41795
791,75	24,51795
792,01	30,53462
792,26	33,33462
792,51	43,95128
792,76	20,31795
793,01	18,26795
793,26	-11,14872
793,51	-3,71538
793,76	-0,58205
794,01	26,36795
794,26	27,00128
794,51	27,50128
794,76	14,98462
795,01	24,15128
795,26	29,93462
795,51	41,18462
795,76	30,13462
796,01	37,26795
796,26	39,40128
796,51	36,88462
796,76	21,40128
797,01	2,70128
797,26	11,05128
797,51	1,80128
797,76	23,28462
798,01	20,80128
798,26	44,61795
798,51	30,55128
798,76	13,68462
799,01	2,98462
799,26	-4,96538
799,51	0,91795
799,76	-2,51538
800,01	15,40128
800,26	9,58462
800,51	14,45128
800,76	5,33462
801,01	12,21795
801,26	5,78462
801,51	1,30128
801,76	1,28462
802,01	-2,19872
802,26	6,66795
802,51	24,15128
802,76	32,11795
803,01	28,91795
803,26	4,70128
803,51	3,00128
803,76	6,45128
804,01	20,71795
804,26	11,73462
804,51	1,53462
804,76	-7,94872
805,01	-2,36538
805,26	-2,98205
805,51	-1,24872
805,76	-9,73205
806,01	27,53462
806,26	40,16795
806,51	44,38462
806,76	0,45128
807,01	-15,08205
807,26	-13,24872
807,51	-15,89872
807,76	-17,49872
808,01	-10,91538
808,26	5,48462
808,50	10,70128
808,75	6,18462
809,00	-0,14872
809,25	8,10128
809,50	6,90128
809,75	13,25128
810,00	7,78462
810,25	1,66795
810,50	11,28462
810,75	13,70128
811,00	31,15128
811,25	22,63462
811,50	37,41795
811,75	37,18462
812,00	32,08462
812,25	15,73462
812,50	-15,14872
812,75	-20,41538
813,00	-20,56538
813,25	-5,14872
813,50	-0,18205
813,75	-6,51538
814,00	-1,91538
814,25	0,40128
814,50	20,65128
814,74	16,90128
814,99	32,56795
815,24	13,38462
815,49	16,61795
815,74	2,48462
815,99	21,53462
816,24	28,36795
816,49	32,51795
816,74	42,66795
816,99	32,85128
817,24	35,86795
817,49	-3,76538
817,74	12,81795
817,99	-3,23205
818,24	6,16795
818,49	7,08462
818,74	18,00128
818,98	34,93462
819,23	23,05128
819,48	46,35128
819,73	40,00128
819,98	55,35128
820,23	24,90128
820,48	30,43462
820,73	25,71795
820,98	33,26795
821,23	19,55128
821,48	5,41795
821,73	4,46795
821,98	15,73462
822,23	19,55128
822,47	42,00128
822,72	38,80128
822,97	43,56795
823,22	30,71795
823,47	28,90128
823,72	35,50128
823,97	42,21795
824,22	56,43462
824,47	44,08462
824,72	29,33462
824,97	13,21795
825,22	15,66795
825,46	14,76795
825,71	15,95128
825,96	12,71795
826,21	6,71795
826,46	-0,21538
826,71	-2,51538
826,96	14,33462
827,21	12,40128
827,46	11,13462
827,71	-5,81538
827,96	-7,79872
828,20	-2,34872
828,45	2,90128
828,70	12,36795
828,95	3,25128
829,20	1,96795
829,45	-2,16538
829,70	0,70128
829,95	-3,11538
830,20	-6,86538
830,45	9,73462
830,69	12,86795
830,94	14,65128
831,19	9,50128
831,44	-4,76538
831,69	0,06795
831,94	-8,74872
832,19	6,55128
832,44	-8,36538
832,69	-7,86538
832,93	-7,89872
833,18	13,95128
833,43	8,88462
833,68	1,30128
833,93	-1,26538
834,18	6,01795
834,43	14,20128
834,68	6,48462
834,92	-1,83205
835,17	0,75128
835,42	9,80128
835,67	22,41795
835,92	11,58462
836,17	0,73462
836,42	-12,26538
836,67	-28,61538
836,91	-14,28205
837,16	-5,41538
837,41	-3,48205
837,66	9,38462
837,91	24,36795
838,16	36,78462
838,41	20,35128
838,66	-6,59872
838,90	6,71795
839,15	0,48462
839,40	12,18462
839,65	-3,39872
839,90	-9,39872
840,15	-0,93205
840,40	-8,84872
840,64	5,76795
840,89	-12,21538
841,14	5,21795
841,39	-5,36538
841,64	-7,74872
841,89	-5,14872
842,14	-18,16538
842,38	15,26795
842,63	17,81795
842,88	23,38462
843,13	-5,94872
843,38	-5,06538
843,63	2,56795
843,87	19,48462
844,12	5,06795
844,37	5,26795
844,62	-1,93205
844,87	6,18462
845,12	16,95128
845,37	10,13462
845,61	4,56795
845,86	-10,86538
846,11	-6,24872
846,36	-10,08205
846,61	0,03462
846,86	1,30128
847,10	10,78462
847,35	25,28462
847,60	22,68462
847,85	19,71795
848,10	4,66795
848,35	8,26795
848,59	15,13462
848,84	3,70128
849,09	11,30128
849,34	3,03462
849,59	11,71795
849,84	-12,54872
850,08	-4,21538
850,33	-13,86538
850,58	-6,64872
850,83	-5,18205
851,08	-11,33205
851,32	-16,58205
851,57	-19,38205
851,82	9,31795
852,07	16,48462
852,32	28,38462
852,57	2,75128
852,81	20,25128
853,06	0,86795
853,31	18,11795
853,56	-0,39872
853,81	-0,79872
854,05	-0,26538
854,30	-3,89872
854,55	-2,53205
854,80	-12,66538
855,05	21,78462
855,29	24,90128
855,54	30,86795
855,79	5,06795
856,04	1,15128
856,29	0,70128
856,53	8,53462
856,78	9,48462
857,03	-2,14872
857,28	-6,11538
857,53	-5,71538
857,77	15,16795
858,02	4,51795
858,27	5,55128
858,52	-5,59872
858,77	-10,84872
859,01	-17,66538
859,26	-17,18205
859,51	-3,06538
859,76	-10,46538
860,01	-10,41538
860,25	-18,43205
860,50	0,55128
860,75	-2,38205
861,00	9,40128
861,25	6,16795
861,49	10,53462
861,74	6,51795
861,99	-7,21538
862,24	-13,99872
862,48	-17,21538
862,73	-11,53205
862,98	-11,56538
863,23	-0,76538
863,48	12,03462
863,72	29,65128
863,97	39,31795
864,22	38,40128
864,47	13,81795
864,71	-8,51538
864,96	-0,93205
865,21	6,60128
865,46	3,28462
865,70	-14,09872
865,95	-27,33205
866,20	-20,86538
866,45	-0,58205
866,70	17,41795
866,94	34,53462
867,19	12,50128
867,44	17,11795
867,69	11,35128
867,93	15,15128
868,18	18,96795
868,43	18,23462
868,68	25,86795
868,92	18,15128
869,17	3,81795
869,42	15,01795
869,67	9,00128
869,91	8,91795
870,16	-13,76538
870,41	-2,98205
870,66	7,65128
870,90	26,58462
871,15	18,60128
871,40	5,90128
871,65	-11,01538
871,89	-5,06538
872,14	-3,26538
872,39	-1,84872
872,64	-7,36538
872,88	-9,14872
873,13	-16,78205
873,38	-26,01538
873,63	-3,93205
873,87	1,58462
874,12	-11,71538
874,37	-36,73205
874,62	-33,36538
874,86	-14,44872
875,11	-5,39872
875,36	-5,01538
875,60	-15,51538
875,85	-8,24872
876,10	-0,68205
876,35	13,86795
876,59	5,85128
876,84	-4,88205
877,09	-1,76538
877,34	5,15128
877,58	2,65128
877,83	-5,81538
878,08	-12,83205
878,32	-13,36538
878,57	-21,73205
878,82	-9,46538
879,07	-10,88205
879,31	-4,94872
879,56	-11,76538
879,81	-11,88205
880,06	-16,73205
880,30	-27,29872
880,55	0,71795
880,80	9,28462
881,04	14,45128
881,29	17,46795
881,54	25,35128
881,79	21,43462
882,03	-15,08205
882,28	-9,24872
882,53	-2,89872
882,77	16,16795
883,02	3,71795
883,27	5,41795
883,51	-8,44872
883,76	-3,51538
884,01	4,63462
884,26	2,11795
884,50	-5,21538
884,75	-28,16538
885,00	-22,39872
885,24	-22,08205
885,49	-13,64872
885,74	4,81795
885,98	-10,23205
886,23	-18,59872
886,48	-31,01538
886,73	-4,16538
886,97	10,63462
887,22	0,28462
887,47	-20,53205
887,71	-32,74872
887,96	-33,81538
888,21	-21,21538
888,45	-11,29872
888,70	7,68462
888,95	-5,38205
889,19	-11,88205
889,44	-21,91538
889,69	-10,61538
889,93	-25,99872
890,18	-15,23205
890,43	-11,99872
890,67	7,53462
890,92	-15,19872
891,17	-5,01538
891,42	4,15128
891,66	30,98462
891,91	23,61795
892,16	18,91795
892,40	20,35128
892,65	16,90128
892,90	10,80128
893,14	-1,28205
893,39	-4,01538
893,64	-9,64872
893,88	-28,58205
894,13	-13,64872
894,38	-1,83205
894,62	3,11795
894,87	-20,96538
895,12	-37,81538
895,36	-30,79872
895,61	-25,86538
895,86	-18,89872
896,10	-24,16538
896,35	-28,61538
896,60	-41,63205
896,84	-41,76538
897,09	-33,86538
897,33	-16,11538
897,58	-16,46538
897,83	-16,91538
898,07	-22,16538
898,32	-16,36538
898,57	-13,11538
898,81	-3,39872
899,06	8,18462
899,31	34,10128
899,55	32,61795
899,80	10,33462
900,05	-19,13205
900,29	-26,84872
900,54	-1,01538
900,79	-3,54872
901,03	-6,08205
901,28	-18,56538
901,52	-3,33205
901,77	12,96795
902,02	21,56795
902,26	-2,16538
902,51	-17,16538
902,76	-44,13205
903,00	-25,18205
903,25	-28,08205
903,50	-14,13205
903,74	-24,94872
903,99	-28,08205
904,23	-20,98205
904,48	-16,51538
904,73	4,86795
904,97	7,71795
905,22	18,21795
905,47	3,51795
905,71	7,26795
905,96	-1,23205
906,20	10,71795
906,45	1,40128
906,70	3,55128
906,94	-1,63205
907,19	-3,63205
907,44	-13,89872
907,68	-27,21538
907,93	-23,61538
908,17	-37,09872
908,42	-24,24872
908,67	-36,91538
908,91	-9,73205
909,16	-2,69872
909,40	-3,51538
909,65	-20,86538
909,90	-28,76538
910,14	-23,49872
910,39	-31,46538
910,63	-27,04872
910,88	-13,06538
911,13	19,53462
911,37	16,86795
911,62	2,55128
911,86	-18,36538
912,11	-18,16538
912,36	-6,01538
912,60	-3,88205
912,85	7,00128
913,09	3,55128
913,34	17,03462
913,59	-10,63205
913,83	-5,08205
914,08	-21,21538
914,32	2,93462
914,57	1,23462
914,82	13,76795
915,06	7,10128
915,31	1,35128
915,55	2,96795
915,80	11,73462
916,05	1,15128
916,29	-18,23205
916,54	-33,44872
916,78	-12,16538
917,03	4,53462
917,27	5,56795
917,52	-12,48205
917,77	-11,36538
918,01	-6,86538
918,26	-11,56538
918,50	-24,93205
918,75	-29,16538
919,00	-23,41538
919,24	-21,83205
919,49	-32,98205
919,73	-27,64872
919,98	-32,16538
920,22	-17,38205
920,47	-22,63205
920,72	-25,99872
920,96	-32,79872
921,21	-30,94872
921,45	-19,38205
921,70	-24,04872
921,94	-15,48205
922,19	-10,99872
922,43	-6,94872
922,68	13,86795
922,93	15,13462
923,17	10,65128
923,42	-25,31538
923,66	-27,48205
923,91	-25,43205
924,15	-14,69872
924,40	-18,34872
924,64	-19,98205
924,89	-24,24872
925,14	-22,64872
925,38	-20,59872
925,63	-3,96538
925,87	2,65128
926,12	15,98462
926,36	-0,21538
926,61	-12,31538
926,85	59,86795
927,10	53,31795
927,35	51,01795
927,59	-21,84872
927,84	-23,73205
928,08	-12,11538
928,33	-21,36538
928,57	-11,53205
928,82	-5,39872
929,06	-0,08205
929,31	2,56795
929,55	-6,76538
929,80	-2,28205
930,04	-4,94872
930,29	-8,81538
930,54	-13,14872
930,78	-17,03205
931,03	-23,96538
931,27	-15,49872
931,52	-14,44872
931,76	-6,81538
932,01	-28,91538
932,25	-31,93205
932,50	-14,24872
932,74	-7,48205
932,99	15,91795
933,23	-6,08205
933,48	1,41795
933,72	-12,99872
933,97	-16,26538
934,21	9,31795
934,46	23,68462
934,70	46,01795
934,95	19,58462
935,19	-10,59872
935,44	-28,43205
935,68	-29,46538
935,93	-12,98205
936,18	-7,41538
936,42	-9,34872
936,67	-18,86538
936,91	-12,46538
937,16	12,91795
937,40	9,50128
937,65	-14,96538
937,89	-37,73205
938,14	-37,31538
938,38	-21,76538
938,63	-13,64872
938,87	-9,73205
939,12	-2,81538
939,36	18,21795
939,61	25,51795
939,85	13,41795
940,10	-24,66538
940,34	-22,96538
940,59	-20,18205
940,83	-24,06538
941,08	-20,09872
941,32	-13,24872
941,57	8,01795
941,81	-9,73205
942,06	-14,09872
942,30	-19,36538
942,55	-7,39872
942,79	-21,21538
943,03	-17,74872
943,28	-10,19872
943,52	26,43462
943,77	9,38462
944,01	-14,21538
944,26	-47,26538
944,50	-48,68205
944,75	-17,38205
944,99	2,61795
945,24	11,13462
945,48	12,75128
945,73	60,60128
945,97	54,01795
946,22	32,91795
946,46	-24,89872
946,71	-5,23205
946,95	-3,56538
947,20	-14,48205
947,44	-30,19872
947,69	-24,84872
947,93	-19,09872
948,17	-21,39872
948,42	-34,31538
948,66	-26,54872
948,91	-34,04872
949,15	-38,01538
949,40	-46,23205
949,64	-28,81538
949,89	-20,33205
950,13	-19,09872
950,38	-33,91538
950,62	-27,19872
950,87	-18,41538
951,11	1,66795
951,35	-7,83205
951,60	-9,71538
951,84	-21,09872
952,09	-19,88205
952,33	-21,69872
952,58	-10,51538
952,82	-19,69872
953,07	-28,63205
953,31	-29,31538
953,56	-16,61538
953,80	-12,33205
954,04	-40,09872
954,29	-57,78205
954,53	-65,91538
954,78	-56,13205
955,02	-45,73205
955,27	-39,09872
955,51	-32,79872
955,76	-30,96538
956,00	-27,69872
956,24	-32,24872
956,49	-25,68205
956,73	-19,44872
956,98	-14,61538
957,22	4,05128
957,47	13,55128
957,71	5,80128
957,95	-2,04872
958,20	-5,63205
958,44	14,53462
958,69	-3,21538
958,93	-9,34872
959,18	-17,88205
959,42	-2,34872
959,66	-9,84872
959,91	-21,08205
960,15	-38,78205
960,40	-37,63205
960,64	-30,93205
960,89	-14,31538
961,13	91,31795
961,37	107,68462
961,62	109,01795
961,86	10,96795
962,11	7,18462
962,35	-13,54872
962,59	-16,06538
962,84	-41,23205
963,08	-22,88205
963,33	-21,53205
963,57	-11,11538
963,81	-24,64872
964,06	-27,09872
964,30	-10,84872
964,55	-25,46538
964,79	3,70128
965,04	4,98462
965,28	15,45128
965,52	-10,89872
965,77	-24,86538
966,01	-15,44872
966,26	-16,36538
966,50	-12,33205
966,74	-6,09872
966,99	0,23462
967,23	3,16795
967,48	-6,48205
967,72	-16,23205
967,96	-30,79872
968,21	-19,94872
968,45	-21,21538
968,69	-12,36538
968,94	-1,18205
969,18	-7,79872
969,43	-20,16538
969,67	-35,24872
969,91	-18,94872
970,16	-4,61538
970,40	-9,76538
970,65	-16,08205
970,89	-35,18205
971,13	-31,29872
971,38	-32,38205
971,62	4,65128
971,86	0,65128
972,11	6,75128
972,35	-18,49872
972,60	-7,06538
972,84	1,38462
973,08	1,23462
973,33	-10,29872
973,57	-12,38205
973,81	-0,28205
974,06	-2,01538
974,30	-21,08205
974,55	-20,14872
974,79	-5,29872
975,03	5,01795
975,28	-1,26538
975,52	-21,59872
975,76	-20,44872
976,01	-23,03205
976,25	-10,24872
976,50	-12,23205
976,74	-2,36538
976,98	0,68462
977,23	-5,84872
977,47	-7,13205
977,71	-11,04872
977,96	-19,53205
978,20	-37,61538
978,44	-50,18205
978,69	-24,73205
978,93	-12,93205
979,17	-4,19872
979,42	-13,64872
979,66	-15,53205
979,90	-5,58205
980,15	16,81795
980,39	19,53462
980,64	3,05128
980,88	-1,91538
981,12	0,60128
981,37	-0,29872
981,61	-11,29872
981,85	-24,89872
982,10	-15,33205
982,34	-38,24872
982,58	-27,26538
982,83	-43,86538
983,07	-38,38205
983,31	-41,38205
983,56	-39,54872
983,80	-29,91538
984,04	-27,81538
984,29	-7,36538
984,53	-4,88205
984,77	-4,98205
985,02	-4,76538
985,26	-24,01538
985,50	-5,14872
985,75	-18,56538
985,99	0,98462
986,23	-21,81538
986,48	-19,01538
986,72	-24,38205
986,96	-6,64872
987,20	-3,61538
987,45	-9,09872
987,69	-33,41538
987,93	-23,11538
988,18	-5,89872
988,42	7,91795
988,66	2,01795
988,91	-13,48205
989,15	-18,39872
989,39	-29,56538
989,64	-36,64872
989,88	-33,06538
990,12	-27,06538
990,37	-13,89872
990,61	-12,99872
990,85	-23,01538
991,10	-35,01538
991,34	-36,88205
991,58	-29,63205
991,82	-28,39872
992,07	-31,21538
992,31	-25,26538
992,55	-31,36538
992,80	-35,69872
993,04	-29,89872
993,28	-1,13205
993,53	1,35128
993,77	-8,73205
994,01	-36,76538
994,25	-36,06538
994,50	-30,38205
994,74	-11,21538
994,98	-15,23205
995,23	-18,46538
995,47	-16,29872
995,71	-16,68205
995,95	-16,76538
996,20	-8,44872
996,44	0,41795
996,68	-4,98205
996,93	-26,84872
997,17	-26,61538
997,41	-17,09872
997,65	-22,43205
997,90	-32,36538
998,14	-41,51538
998,38	-26,31538
998,63	-23,46538
998,87	-22,63205
999,11	-38,36538
999,35	-35,01538
999,60	-38,11538
999,84	-27,89872
1000,08	-4,53205
1000,32	5,56795
1000,57	7,41795
1000,81	6,00128
1001,05	7,13462
1001,30	14,71795
1001,54	-3,66538
1001,78	8,63462
1002,02	3,76795
1002,27	9,01795
1002,51	-14,71538
1002,75	-14,91538
1002,99	-28,53205
1003,24	-28,48205
1003,48	-28,58205
1003,72	-38,06538
1003,96	-28,28205
1004,21	-23,74872
1004,45	1,85128
1004,69	2,31795
1004,93	0,36795
1005,18	-4,24872
1005,42	2,71795
1005,66	-9,16538
1005,90	-18,83205
1006,15	-36,84872
1006,39	-20,29872
1006,63	-0,33205
1006,87	13,21795
1007,12	3,53462
1007,36	0,11795
1007,60	5,63462
1007,84	-1,13205
1008,09	-8,69872
1008,33	-25,34872
1008,57	-15,58205
1008,81	-10,39872
1009,06	-11,01538
1009,30	-12,43205
1009,54	-11,44872
1009,78	-2,58205
1010,03	-3,28205
1010,27	-18,66538
1010,51	-15,68205
1010,75	-17,29872
1010,99	-4,88205
1011,24	-5,49872
1011,48	21,28462
1011,72	16,55128
1011,96	25,11795
1012,21	3,81795
1012,45	0,33462
1012,69	-8,54872
1012,93	-17,11538
1013,18	-11,28205
1013,42	-13,93205
1013,66	-5,34872
1013,90	-17,09872
1014,14	-16,78205
1014,39	-11,59872
1014,63	-6,58205
1014,87	3,11795
1015,11	-12,23205
1015,35	-28,86538
1015,60	-17,64872
1015,84	-7,51538
1016,08	0,73462
1016,32	-17,44872
1016,57	-28,68205
1016,81	-23,46538
1017,05	-20,44872
1017,29	-10,99872
1017,53	-11,53205
1017,78	-15,09872
1018,02	-27,54872
1018,26	-18,18205
1018,50	-24,66538
1018,74	-3,13205
1018,99	-14,51538
1019,23	-19,24872
1019,47	-34,56538
1019,71	-23,98205
1019,95	-8,96538
1020,20	-10,43205
1020,44	-20,81538
1020,68	-23,58205
1020,92	-5,68205
1021,16	-3,74872
1021,41	-5,64872
1021,65	-28,39872
1021,89	-33,03205
1022,13	-40,13205
1022,37	-38,84872
1022,61	-38,88205
1022,86	-41,19872
1023,10	-17,14872
1023,34	-13,09872
1023,58	-3,59872
1023,82	-31,44872
1024,07	-26,66538
1024,31	-15,88205
1024,55	-7,39872
1024,79	-3,41538
1025,03	-25,39872
1025,27	-17,89872
1025,52	-34,74872
1025,76	-31,73205
1026,00	-25,56538
1026,24	-20,44872
1026,48	-19,13205
1026,73	-21,64872
1026,97	4,75128
1027,21	12,60128
1027,45	14,11795
1027,69	-5,83205
1027,93	0,00128
1028,18	-5,36538
1028,42	-0,68205
1028,66	-2,51538
1028,90	2,81795
1029,14	0,81795
1029,38	-12,44872
1029,62	-5,23205
1029,87	-4,88205
1030,11	10,86795
1030,35	-8,39872
1030,59	-8,31538
1030,83	-23,39872
1031,07	-25,41538
1031,32	-35,23205
1031,56	-12,53205
1031,80	2,31795
1032,04	17,85128
1032,28	-3,21538
1032,52	-5,88205
1032,76	-10,31538
1033,01	-11,94872
1033,25	-6,91538
1033,49	-11,48205
1033,73	-9,64872
1033,97	-27,63205
1034,21	-35,76538
1034,45	-41,51538
1034,70	-44,98205
1034,94	-31,54872
1035,18	55,85128
1035,42	66,56795
1035,66	81,70128
1035,90	9,63462
1036,14	-7,68205
1036,39	-12,89872
1036,63	-25,89872
1036,87	13,95128
1037,11	-0,83205
1037,35	5,48462
1037,59	-1,36538
1037,83	17,13462
1038,07	42,88462
1038,32	24,36795
1038,56	8,93462
1038,80	10,18462
1039,04	24,23462
1039,28	34,43462
1039,52	10,00128
1039,76	-7,44872
1040,00	-10,11538
1040,25	-25,06538
1040,49	-19,89872
1040,73	-23,21538
1040,97	-12,06538
1041,21	1,53462
1041,45	7,21795
1041,69	26,20128
1041,93	2,95128
1042,17	-4,24872
1042,42	-27,18205
1042,66	-22,09872
1042,90	-12,23205
1043,14	-20,29872
1043,38	-7,73205
1043,62	-18,94872
1043,86	-10,63205
1044,10	-7,26538
1044,34	14,53462
1044,59	22,38462
1044,83	13,16795
1045,07	-8,09872
1045,31	-7,13205
1045,55	-14,09872
1045,79	-33,84872
1046,03	-26,89872
1046,27	-8,29872
1046,51	9,71795
1046,75	-6,63205
1047,00	-17,69872
1047,24	-10,96538
1047,48	-6,71538
1047,72	-4,14872
1047,96	-14,36538
1048,20	-1,69872
1048,44	3,51795
1048,68	4,05128
1048,92	-8,49872
1049,16	-27,79872
1049,40	-26,54872
1049,64	-28,23205
1049,89	-5,96538
1050,13	0,08462
1050,37	25,80128
1050,61	25,18462
1050,85	35,05128
1051,09	20,91795
1051,33	17,75128
1051,57	21,06795
1051,81	17,40128
1052,05	18,26795
1052,29	26,26795
1052,53	15,73462
1052,77	36,15128
1053,02	19,66795
1053,26	35,71795
1053,50	18,81795
1053,74	13,98462
1053,98	10,98462
1054,22	-2,38205
1054,46	4,46795
1054,70	8,90128
1054,94	7,90128
1055,18	9,26795
1055,42	22,91795
1055,66	31,20128
1055,90	24,98462
1056,14	18,16795
1056,38	40,13462
1056,62	42,56795
1056,86	47,71795
1057,11	35,30128
1057,35	35,98462
1057,59	13,46795
1057,83	25,11795
1058,07	42,23462
1058,31	82,31795
1058,55	82,06795
1058,79	69,78462
1059,03	37,71795
1059,27	36,43462
1059,51	39,78462
1059,75	51,80128
1059,99	42,13462
1060,23	49,88462
1060,47	72,70128
1060,71	95,03462
1060,95	78,83462
1061,19	61,80128
1061,43	55,08462
1061,67	88,96795
1061,91	99,45128
1062,15	95,93462
1062,39	84,50128
1062,64	101,46795
1062,88	114,11795
1063,12	136,90128
1063,36	173,55128
1063,60	293,56795
1063,84	692,10128
1064,08	1808,66795
1064,32	3658,66795
1064,56	4964,55128
1064,80	4652,90128
1065,04	3460,66795
1065,28	2128,63462
1065,52	1587,60128
1065,76	1000,96795
1066,00	787,53462
1066,24	599,95128
1066,48	531,36795
1066,72	454,21795
1066,96	406,38462
1067,20	338,18462
1067,44	296,15128
1067,68	256,41795
1067,92	225,11795
1068,16	204,11795
1068,40	197,53462
1068,64	194,33462
1068,88	184,75128
1069,12	159,33462
1069,36	161,26795
1069,60	140,30128
1069,84	165,35128
1070,08	151,25128
1070,32	163,73462
1070,56	138,00128
1070,80	132,05128
1071,04	163,90128
1071,28	158,81795
1071,52	157,13462
1071,76	103,26795
1072,00	103,53462
1072,24	85,40128
1072,48	82,66795
1072,72	74,30128
1072,96	83,56795
1073,20	62,11795
1073,44	65,45128
1073,68	57,98462
1073,92	69,96795
1074,16	47,71795
1074,40	39,10128
1074,64	24,73462
1074,88	23,16795
1075,12	29,01795
1075,36	28,53462
1075,60	35,98462
1075,84	22,41795
1076,08	22,35128
1076,32	11,23462
1076,56	2,80128
1076,80	1,45128
1077,04	-11,79872
1077,28	-8,84872
1077,52	-22,14872
1077,76	-26,61538
1078,00	-19,13205
1078,24	14,70128
1078,48	28,36795
1078,71	20,90128
1078,95	3,05128
1079,19	-10,94872
1079,43	-28,41538
1079,67	-33,13205
1079,91	-13,58205
1080,15	-1,23205
1080,39	-3,74872
1080,63	-5,59872
1080,87	-5,04872
1081,11	-5,18205
1081,35	-8,48205
1081,59	3,01795
1081,83	2,70128
1082,07	-10,81538
1082,31	-16,58205
1082,55	-18,16538
1082,79	-12,26538
1083,03	-8,14872
1083,27	-19,59872
1083,51	-16,11538
1083,75	-21,23205
1083,99	4,75128
1084,22	6,31795
1084,46	1,33462
1084,70	2,91795
1084,94	-5,06538
1085,18	-4,56538
1085,42	-30,94872
1085,66	-23,29872
1085,90	-25,83205
1086,14	-2,13205
1086,38	15,25128
1086,62	6,48462
1086,86	8,83462
1087,10	-8,19872
1087,34	3,66795
1087,58	-15,71538
1087,82	-22,59872
1088,06	-11,13205
1088,29	9,28462
1088,53	5,48462
1088,77	-11,83205
1089,01	-15,01538
1089,25	-9,39872
1089,49	0,66795
1089,73	-13,26538
1089,97	-3,61538
1090,21	-12,96538
1090,45	-6,59872
1090,69	-18,79872
1090,93	-19,31538
1091,17	-33,51538
1091,40	-11,06538
1091,64	-16,13205
1091,88	-11,83205
1092,12	-34,14872
1092,36	-25,26538
1092,60	-23,16538
1092,84	-8,89872
1093,08	0,65128
1093,32	6,88462
1093,56	6,08462
1093,80	17,98462
1094,04	12,06795
1094,27	-0,71538
1094,51	-5,93205
1094,75	5,68462
1094,99	13,98462
1095,23	6,00128
1095,47	88,86795
1095,71	82,11795
1095,95	77,70128
1096,19	-13,98205
1096,43	-5,84872
1096,66	-24,41538
1096,90	-29,98205
1097,14	-30,86538
1097,38	-31,54872
1097,62	-24,33205
1097,86	-28,33205
1098,10	-8,59872
1098,34	-3,03205
1098,58	-10,49872
1098,81	-12,48205
1099,05	-10,29872
1099,29	18,38462
1099,53	28,30128
1099,77	20,75128
1100,01	-8,89872
1100,25	-15,19872
1100,49	-10,79872
1100,73	17,28462
1100,96	34,26795
1101,20	44,71795
1101,44	10,58462
1101,68	-3,46538
1101,92	-18,28205
1102,16	-7,89872
1102,40	-3,56538
1102,64	0,66795
1102,87	8,91795
1103,11	-5,01538
1103,35	-6,46538
1103,59	-16,84872
1103,83	-18,69872
1104,07	-4,76538
1104,31	-0,26538
1104,55	2,30128
1104,78	-21,53205
1105,02	-13,11538
1105,26	-23,48205
1105,50	-8,43205
1105,74	-27,64872
1105,98	-14,91538
1106,22	-3,98205
1106,45	0,40128
1106,69	-9,41538
1106,93	-22,36538
1107,17	-21,23205
1107,41	-20,31538
1107,65	-26,26538
1107,89	-18,76538
1108,12	-14,08205
1108,36	-29,08205
1108,60	-24,98205
1108,84	-18,51538
1109,08	-10,93205
1109,32	-12,89872
1109,55	-20,18205
1109,79	3,85128
1110,03	-6,36538
1110,27	-2,71538
1110,51	-19,48205
1110,75	-26,26538
1110,99	-28,11538
1111,22	-36,88205
1111,46	-30,58205
1111,70	-36,43205
1111,94	-47,31538
1112,18	-54,48205
1112,42	-46,81538
1112,65	-26,64872
1112,89	-11,44872
1113,13	-20,49872
1113,37	-16,39872
1113,61	-13,11538
1113,85	14,41795
1114,08	5,25128
1114,32	-6,41538
1114,56	-12,31538
1114,80	-9,79872
1115,04	6,00128
1115,28	-12,06538
1115,51	-5,54872
1115,75	-4,06538
1115,99	-0,08205
1116,23	-2,63205
1116,47	-3,78205
1116,70	-7,59872
1116,94	-18,59872
1117,18	-15,23205
1117,42	-19,74872
1117,66	-4,54872
1117,90	-28,94872
1118,13	-27,14872
1118,37	-52,89872
1118,61	-44,91538
1118,85	-35,16538
1119,09	-30,78205
1119,32	-20,94872
1119,56	-20,88205
1119,80	-27,49872
1120,04	-42,66538
1120,28	-30,89872
1120,51	-21,58205
1120,75	-12,71538
1120,99	-32,04038