194,56	-203,03077
194,83	-203,03077
195,09	-198,94744
195,36	-131,63077
195,63	-65,68077
195,90	-5,78077
196,17	-16,3141
196,44	-29,8141
196,71	-19,54744
196,97	-9,2141
197,24	17,35256
197,51	-6,6141
197,78	8,00256
198,05	8,60256
198,32	24,05256
198,59	5,15256
198,86	5,5859
199,12	-0,74744
199,39	6,21923
199,66	9,40256
199,93	22,55256
200,20	23,2859
200,47	2,8359
200,74	0,85256
201,00	-5,24744
201,27	2,55256
201,54	-11,6641
201,81	9,4859
202,08	-9,1141
202,35	6,71923
202,61	1,16923
202,88	52,35256
203,15	32,7859
203,42	20,95256
203,69	-12,28077
203,96	-3,4141
204,23	-2,33077
204,49	-7,08077
204,76	20,7859
205,03	33,91923
205,30	36,40256
205,57	14,45256
205,84	16,0859
206,10	39,75256
206,37	50,31923
206,64	54,8359
206,91	47,6859
207,18	34,1359
207,45	29,05256
207,71	13,8359
207,98	26,36923
208,25	12,11923
208,52	5,65256
208,79	-4,4141
209,06	3,96923
209,32	16,0859
209,59	23,6859
209,86	-2,69744
210,13	3,16923
210,40	13,66923
210,67	46,3859
210,93	42,6859
211,20	17,71923
211,47	11,40256
211,74	30,00256
212,01	32,41923
212,28	46,7359
212,54	47,80256
212,81	51,2859
213,08	41,71923
213,35	32,90256
213,62	46,15256
213,88	51,91923
214,15	39,4359
214,42	26,6359
214,69	28,1859
214,96	33,0359
215,23	60,46923
215,49	51,75256
215,76	49,01923
216,03	40,51923
216,30	23,70256
216,57	9,9859
216,83	5,65256
217,10	13,05256
217,37	33,86923
217,64	54,8859
217,91	67,41923
218,17	35,85256
218,44	-8,6141
218,71	-10,59744
218,98	10,96923
219,25	43,31923
219,51	44,70256
219,78	41,00256
220,05	25,36923
220,32	12,91923
220,59	19,11923
220,85	20,05256
221,12	36,8859
221,39	53,51923
221,66	51,45256
221,93	30,51923
222,19	5,0359
222,46	20,3359
222,73	37,66923
223,00	60,51923
223,27	44,30256
223,53	40,7859
223,80	32,76923
224,07	43,41923
224,34	57,46923
224,61	48,31923
224,87	29,21923
225,14	1,9859
225,41	6,45256
225,68	30,51923
225,94	46,9359
226,21	49,9859
226,48	31,5359
226,75	31,51923
227,02	16,35256
227,28	25,1359
227,55	10,46923
227,82	19,6859
228,09	-5,1641
228,36	-8,34744
228,62	-1,8141
228,89	20,56923
229,16	31,51923
229,43	25,8859
229,69	23,46923
229,96	25,90256
230,23	16,31923
230,50	24,56923
230,76	11,80256
231,03	18,5359
231,30	17,5859
231,57	29,26923
231,84	27,0359
232,10	14,66923
232,37	14,85256
232,64	5,76923
232,91	9,60256
233,17	19,45256
233,44	29,45256
233,71	30,46923
233,98	8,01923
234,24	9,00256
234,51	30,5859
234,78	40,85256
235,05	53,35256
235,31	34,5359
235,58	29,76923
235,85	10,00256
236,12	-4,2641
236,39	21,8859
236,65	32,4359
236,92	80,50256
237,19	71,95256
237,46	105,60256
237,72	72,71923
237,99	49,7859
238,26	18,46923
238,53	36,5859
238,79	38,85256
239,06	32,5359
239,33	5,4859
239,60	1,51923
239,86	-9,5641
240,13	-12,59744
240,40	-16,7141
240,67	13,51923
240,93	25,9359
241,20	29,96923
241,47	6,6359
241,73	7,66923
242,00	11,35256
242,27	20,4359
242,54	19,1359
242,80	20,25256
243,07	25,45256
243,34	23,56923
243,61	60,4359
243,87	42,5859
244,14	40,8859
244,41	1,16923
244,68	10,96923
244,94	14,55256
245,21	24,81923
245,48	32,4359
245,74	25,9359
246,01	36,4859
246,28	27,65256
246,55	22,71923
246,81	-1,29744
247,08	2,01923
247,35	14,1859
247,62	17,15256
247,88	1,06923
248,15	9,65256
248,42	47,0359
248,68	53,01923
248,95	33,10256
249,22	2,25256
249,49	12,3859
249,75	15,31923
250,02	26,11923
250,29	18,01923
250,56	37,15256
250,82	45,46923
251,09	50,0359
251,36	51,01923
251,62	26,5359
251,89	30,11923
252,16	44,2859
252,43	69,7359
252,69	61,31923
252,96	29,96923
253,23	22,11923
253,49	29,26923
253,76	38,2359
254,03	55,65256
254,29	55,5359
254,56	54,6859
254,83	29,1859
255,10	9,90256
255,36	6,66923
255,63	19,7359
255,90	44,85256
256,16	47,55256
256,43	21,21923
256,70	25,8359
256,96	24,35256
257,23	36,25256
257,50	26,7359
257,77	35,6859
258,03	34,51923
258,30	40,9859
258,57	19,5859
258,83	24,0859
259,10	14,60256
259,37	18,71923
259,63	8,31923
259,90	24,25256
260,17	22,6859
260,43	31,21923
260,70	17,2859
260,97	39,40256
261,24	44,9359
261,50	44,46923
261,77	30,85256
262,04	16,8359
262,30	8,2359
262,57	3,70256
262,84	14,35256
263,10	40,60256
263,37	54,5859
263,64	36,16923
263,90	13,46923
264,17	1,45256
264,44	9,60256
264,70	9,3859
264,97	24,41923
265,24	49,6359
265,50	62,9359
265,77	60,56923
266,04	41,3359
266,30	28,9359
266,57	6,80256
266,84	5,05256
267,10	6,7359
267,37	39,2359
267,64	45,35256
267,90	56,96923
268,17	43,71923
268,44	32,80256
268,70	13,20256
268,97	-12,09744
269,24	-0,4641
269,50	15,40256
269,77	38,0359
270,04	47,30256
270,30	36,76923
270,57	42,6859
270,84	16,30256
271,10	31,15256
271,37	18,76923
271,64	46,56923
271,90	72,1359
272,17	76,56923
272,44	62,85256
272,70	32,91923
272,97	23,75256
273,24	18,46923
273,50	23,06923
273,77	38,7359
274,04	42,7359
274,30	35,75256
274,57	25,7359
274,84	40,0359
275,10	39,90256
275,37	39,5359
275,64	19,8859
275,90	4,66923
276,17	-0,69744
276,43	10,11923
276,70	10,7359
276,97	6,20256
277,23	18,16923
277,50	22,51923
277,77	16,11923
278,03	-20,3141
278,30	-8,29744
278,57	-5,18077
278,83	6,6359
279,10	12,41923
279,37	7,1359
279,63	8,65256
279,90	14,9359
280,16	34,01923
280,43	48,90256
280,70	38,8359
280,96	57,45256
281,23	52,35256
281,50	40,35256
281,76	18,8859
282,03	20,90256
282,29	29,5359
282,56	30,26923
282,83	19,45256
283,09	8,0359
283,36	12,81923
283,63	18,20256
283,89	29,90256
284,16	32,86923
284,42	36,06923
284,69	36,8859
284,96	29,46923
285,22	25,16923
285,49	29,00256
285,76	31,75256
286,02	50,96923
286,29	54,70256
286,55	49,0859
286,82	25,8359
287,09	6,9359
287,35	23,31923
287,62	16,01923
287,88	25,05256
288,15	1,1359
288,42	0,2359
288,68	11,3859
288,95	22,51923
289,22	40,16923
289,48	33,2359
289,75	35,40256
290,01	35,41923
290,28	17,11923
290,55	21,9859
290,81	6,0859
291,08	28,61923
291,34	37,70256
291,61	56,2859
291,88	51,8859
292,14	22,65256
292,41	20,31923
292,67	38,7359
292,94	57,7859
293,21	52,16923
293,47	37,9359
293,74	38,65256
294,00	24,9859
294,27	8,5359
294,54	-2,8641
294,80	12,56923
295,07	35,8859
295,33	32,5359
295,60	35,66923
295,86	19,20256
296,13	15,8359
296,40	0,5859
296,66	11,75256
296,93	51,70256
297,19	69,9859
297,46	63,41923
297,73	42,11923
297,99	28,61923
298,26	15,4359
298,52	1,95256
298,79	3,9859
299,05	-4,99744
299,32	11,86923
299,59	27,46923
299,85	44,20256
300,12	31,3359
300,38	15,5359
300,65	8,7859
300,92	19,4359
301,18	22,90256
301,45	41,7859
301,71	25,5859
301,98	37,31923
302,24	44,96923
302,51	58,30256
302,78	55,46923
303,04	37,3859
303,31	43,76923
303,57	50,7359
303,84	52,01923
304,10	32,40256
304,37	28,40256
304,63	41,3859
304,90	60,9359
305,17	64,81923
305,43	51,06923
305,70	64,46923
305,96	61,26923
306,23	63,06923
306,49	54,81923
306,76	52,46923
307,03	52,56923
307,29	40,06923
307,56	49,00256
307,82	56,0359
308,09	61,91923
308,35	57,0359
308,62	72,0359
308,88	61,41923
309,15	64,51923
309,42	50,60256
309,68	59,9859
309,95	57,95256
310,21	43,95256
310,48	42,61923
310,74	43,5359
311,01	69,91923
311,27	63,05256
311,54	50,05256
311,80	33,7359
312,07	58,90256
312,34	81,31923
312,60	75,71923
312,87	74,6859
313,13	85,36923
313,40	90,2359
313,66	87,5859
313,93	61,96923
314,19	81,2359
314,46	71,6859
314,72	84,25256
314,99	66,51923
315,25	54,81923
315,52	36,3859
315,78	33,71923
316,05	37,06923
316,32	43,1359
316,58	43,56923
316,85	54,3859
317,11	55,3359
317,38	53,4359
317,64	53,41923
317,91	51,0359
318,17	53,10256
318,44	50,56923
318,70	41,2359
318,97	49,15256
319,23	68,9859
319,50	77,01923
319,76	73,0359
320,03	49,91923
320,29	62,06923
320,56	67,45256
320,82	79,61923
321,09	79,11923
321,36	92,1359
321,62	85,80256
321,89	77,4859
322,15	59,01923
322,42	60,1359
322,68	76,60256
322,95	102,3359
323,21	117,0359
323,48	105,40256
323,74	88,25256
324,01	79,41923
324,27	70,30256
324,54	64,15256
324,80	71,7359
325,07	85,4359
325,33	98,15256
325,60	81,50256
325,86	87,56923
326,13	79,46923
326,39	88,30256
326,66	77,2859
326,92	81,71923
327,19	84,6359
327,45	81,9359
327,72	84,35256
327,98	80,11923
328,25	94,35256
328,51	84,76923
328,78	86,7859
329,04	83,7359
329,31	82,21923
329,57	74,20256
329,84	69,00256
330,10	80,76923
330,37	105,1359
330,63	104,2859
330,90	98,60256
331,16	93,91923
331,43	100,01923
331,69	115,0359
331,96	120,26923
332,22	123,8859
332,49	131,0859
332,75	119,3359
333,01	106,9359
333,28	88,36923
333,54	86,85256
333,81	112,71923
334,07	118,36923
334,34	112,85256
334,60	105,2359
334,87	112,4859
335,13	141,81923
335,40	130,00256
335,66	120,7359
335,93	102,3859
336,19	108,4859
336,46	122,16923
336,72	108,71923
336,99	107,55256
337,25	97,66923
337,52	110,25256
337,78	127,7359
338,05	119,60256
338,31	131,46923
338,57	132,46923
338,84	135,76923
339,10	131,7359
339,37	120,51923
339,63	135,2359
339,90	138,9859
340,16	139,0359
340,43	126,70256
340,69	134,25256
340,96	125,15256
341,22	139,41923
341,49	113,81923
341,75	119,7859
342,01	117,3859
342,28	136,2359
342,54	168,10256
342,81	179,21923
343,07	193,21923
343,34	169,76923
343,60	173,46923
343,87	145,45256
344,13	146,11923
344,40	154,05256
344,66	172,26923
344,92	199,6859
345,19	181,90256
345,45	185,60256
345,72	187,11923
345,98	202,60256
346,25	207,8859
346,51	203,6859
346,78	200,9359
347,04	211,76923
347,30	199,95256
347,57	201,0859
347,83	189,30256
348,10	199,5859
348,36	206,7859
348,63	221,81923
348,89	219,5359
349,15	219,9359
349,42	211,5359
349,68	207,7859
349,95	203,86923
350,21	217,3859
350,48	228,8359
350,74	240,00256
351,01	231,7859
351,27	229,26923
351,53	218,31923
351,80	209,6859
352,06	214,06923
352,33	217,41923
352,59	219,60256
352,86	222,7859
353,12	239,2859
353,38	282,31923
353,65	279,8359
353,91	284,41923
354,18	287,8859
354,44	334,9859
354,70	341,4859
354,97	325,9859
355,23	315,76923
355,50	321,61923
355,76	354,70256
356,03	365,75256
356,29	402,46923
356,55	400,46923
356,82	391,6359
357,08	365,66923
357,35	358,25256
357,61	378,86923
357,87	392,96923
358,14	395,36923
358,40	388,51923
358,67	410,90256
358,93	438,11923
359,20	474,1859
359,46	477,31923
359,72	461,50256
359,99	421,0859
360,25	407,06923
360,52	406,20256
360,78	414,71923
361,04	413,01923
361,31	394,55256
361,57	372,85256
361,84	357,4859
362,10	358,1359
362,36	361,16923
362,63	370,35256
362,89	375,7859
363,16	388,0359
363,42	393,55256
363,68	390,70256
363,95	394,2359
364,21	374,20256
364,47	376,1359
364,74	361,81923
365,00	350,21923
365,27	326,85256
365,53	317,36923
365,79	324,3359
366,06	337,40256
366,32	346,60256
366,59	314,6859
366,85	299,4859
367,11	278,4359
367,38	293,01923
367,64	291,15256
367,91	288,71923
368,17	277,25256
368,43	264,61923
368,70	266,90256
368,96	265,35256
369,22	293,1859
369,49	302,51923
369,75	306,7359
370,02	296,60256
370,28	283,6359
370,54	288,85256
370,81	278,60256
371,07	282,11923
371,33	314,46923
371,60	293,11923
371,86	281,9859
372,13	246,0859
372,39	262,65256
372,65	275,56923
372,92	281,31923
373,18	297,16923
373,44	282,10256
373,71	257,16923
373,97	230,61923
374,23	237,10256
374,50	270,8359
374,76	281,9359
375,03	286,6359
375,29	277,4359
375,55	281,1859
375,82	273,41923
376,08	267,8359
376,34	296,5859
376,61	288,81923
376,87	278,26923
377,13	237,3359
377,40	256,40256
377,66	290,9359
377,92	323,9859
378,19	341,36923
378,45	344,55256
378,72	326,51923
378,98	323,3359
379,24	306,45256
379,51	319,71923
379,77	310,0359
380,03	283,56923
380,30	300,45256
380,56	305,4359
380,82	346,86923
381,09	337,30256
381,35	346,00256
381,61	324,76923
381,88	326,80256
382,14	329,0359
382,40	343,26923
382,67	333,1359
382,93	315,3359
383,19	300,76923
383,46	296,4859
383,72	303,45256
383,98	302,50256
384,25	314,36923
384,51	319,05256
384,77	317,50256
385,04	313,86923
385,30	298,71923
385,56	323,15256
385,83	341,56923
386,09	361,55256
386,35	363,5859
386,62	354,75256
386,88	371,46923
387,14	372,21923
387,41	366,50256
387,67	368,86923
387,93	379,65256
388,20	394,05256
388,46	387,66923
388,72	389,36923
388,99	387,66923
389,25	388,11923
389,51	380,2359
389,78	386,3359
390,04	409,61923
390,30	440,61923
390,56	456,81923
390,83	436,2359
391,09	412,86923
391,35	375,75256
391,62	367,3359
391,88	358,91923
392,14	368,95256
392,41	361,65256
392,67	334,4359
392,93	321,96923
393,20	297,0359
393,46	299,66923
393,72	275,5859
393,99	262,8859
394,25	266,6859
394,51	254,90256
394,77	276,4859
395,04	263,6359
395,30	285,2859
395,56	287,30256
395,83	282,85256
396,09	274,55256
396,35	279,41923
396,62	275,0859
396,88	298,8359
397,14	276,85256
397,40	318,16923
397,67	314,5859
397,93	317,70256
398,19	298,01923
398,46	293,55256
398,72	304,25256
398,98	298,95256
399,24	294,60256
399,51	294,7859
399,77	298,91923
400,03	287,5859
400,30	262,5859
400,56	287,2859
400,82	298,61923
401,08	302,3359
401,35	275,1359
401,61	284,4859
401,87	291,56923
402,14	303,91923
402,40	297,00256
402,66	310,0359
402,92	279,55256
403,19	267,8359
403,45	275,5359
403,71	289,0859
403,98	300,0359
404,24	293,71923
404,50	297,16923
404,76	319,01923
405,03	336,8859
405,29	364,20256
405,55	369,10256
405,81	399,2359
406,08	403,3359
406,34	412,21923
406,60	408,86923
406,87	443,20256
407,13	482,41923
407,39	477,46923
407,65	429,41923
407,92	364,7359
408,18	326,6359
408,44	323,55256
408,70	320,36923
408,97	335,71923
409,23	339,25256
409,49	335,6359
409,75	314,71923
410,02	295,16923
410,28	276,9359
410,54	273,16923
410,80	277,15256
411,07	287,4359
411,33	298,0359
411,59	270,25256
411,85	285,95256
412,12	292,81923
412,38	309,91923
412,64	289,40256
412,90	264,8859
413,17	268,41923
413,43	263,95256
413,69	278,5359
413,95	271,81923
414,22	267,60256
414,48	235,66923
414,74	216,36923
415,00	213,05256
415,27	218,55256
415,53	240,6359
415,79	240,45256
416,05	249,7859
416,32	246,00256
416,58	270,8359
416,84	285,90256
417,10	268,45256
417,37	251,85256
417,63	239,45256
417,89	258,96923
418,15	247,7359
418,41	236,05256
418,68	228,7859
418,94	243,55256
419,20	243,55256
419,46	258,00256
419,73	250,55256
419,99	266,45256
420,25	250,75256
420,51	296,30256
420,78	292,16923
421,04	274,80256
421,30	214,75256
421,56	222,3359
421,82	240,1859
422,09	263,4359
422,35	248,21923
422,61	250,80256
422,87	327,3359
423,14	314,9859
423,40	313,40256
423,66	217,35256
423,92	241,61923
424,18	240,0859
424,45	239,51923
424,71	226,4359
424,97	233,81923
425,23	231,6359
425,49	229,61923
425,76	237,80256
426,02	259,46923
426,28	270,96923
426,54	259,3859
426,81	253,9859
427,07	247,01923
427,33	235,41923
427,59	233,3859
427,85	228,1359
428,12	242,11923
428,38	244,80256
428,64	243,4359
428,90	232,00256
429,16	228,9859
429,43	233,15256
429,69	235,65256
429,95	242,1859
430,21	257,90256
430,47	288,76923
430,74	278,40256
431,00	270,25256
431,26	240,15256
431,52	255,0859
431,78	271,01923
432,05	307,35256
432,31	342,26923
432,57	327,60256
432,83	291,51923
433,09	249,26923
433,35	245,40256
433,62	236,3359
433,88	223,70256
434,14	217,8359
434,40	217,40256
434,66	227,46923
434,93	225,76923
435,19	236,00256
435,45	230,41923
435,71	256,45256
435,97	265,10256
436,23	266,06923
436,50	256,01923
436,76	248,81923
437,02	255,41923
437,28	243,36923
437,54	255,0859
437,81	246,51923
438,07	246,56923
438,33	235,15256
438,59	225,31923
438,85	230,15256
439,11	212,0859
439,38	239,06923
439,64	228,06923
439,90	242,15256
440,16	229,01923
440,42	232,7859
440,68	241,65256
440,95	229,66923
441,21	248,6359
441,47	260,91923
441,73	270,1359
441,99	265,71923
442,25	250,70256
442,52	266,15256
442,78	256,5359
443,04	265,51923
443,30	258,91923
443,56	274,4359
443,82	277,5859
444,08	297,70256
444,35	300,65256
444,61	300,9859
444,87	266,1859
445,13	269,6859
445,39	244,61923
445,65	255,7359
445,92	214,2359
446,18	229,3359
446,44	233,9359
446,70	265,4359
446,96	278,7359
447,22	293,55256
447,48	303,60256
447,75	311,4359
448,01	325,86923
448,27	306,81923
448,53	301,21923
448,79	301,61923
449,05	326,66923
449,31	334,45256
449,58	336,96923
449,84	331,0859
450,10	323,80256
450,36	284,55256
450,62	267,05256
450,88	253,06923
451,14	246,4859
451,41	228,35256
451,67	210,7359
451,93	217,65256
452,19	232,85256
452,45	255,65256
452,71	254,80256
452,97	233,5359
453,23	240,46923
453,50	243,46923
453,76	257,80256
454,02	242,6859
454,28	239,25256
454,54	243,11923
454,80	248,76923
455,06	246,2359
455,32	242,2859
455,59	225,21923
455,85	227,40256
456,11	225,41923
456,37	233,7859
456,63	235,16923
456,89	237,0359
457,15	261,46923
457,41	262,2859
457,68	278,6859
457,94	251,30256
458,20	255,8359
458,46	257,8859
458,72	274,5359
458,98	287,6859
459,24	288,06923
459,50	292,91923
459,76	288,95256
460,03	269,5859
460,29	270,4359
460,55	279,1359
460,81	300,06923
461,07	299,05256
461,33	321,50256
461,59	343,9359
461,85	329,0359
462,11	299,25256
462,37	274,65256
462,64	282,45256
462,90	272,41923
463,16	265,50256
463,42	280,9859
463,68	283,9859
463,94	276,21923
464,20	259,7359
464,46	253,5859
464,72	274,36923
464,98	273,50256
465,24	295,05256
465,51	286,51923
465,77	293,51923
466,03	270,36923
466,29	268,30256
466,55	254,71923
466,81	260,31923
467,07	265,75256
467,33	271,90256
467,59	295,4859
467,85	284,80256
468,11	277,61923
468,38	244,4359
468,64	260,8359
468,90	254,36923
469,16	266,56923
469,42	248,8859
469,68	251,7859
469,94	263,46923
470,20	271,71923
470,46	270,5359
470,72	257,25256
470,98	239,06923
471,24	246,5859
471,50	247,20256
471,77	260,5359
472,03	264,10256
472,29	246,81923
472,55	245,7859
472,81	259,7359
473,07	270,50256
473,33	254,65256
473,59	244,35256
473,85	244,76923
474,11	259,00256
474,37	256,96923
474,63	256,6359
474,89	281,70256
475,15	301,3859
475,41	335,26923
475,68	333,10256
475,94	330,1859
476,20	321,61923
476,46	334,40256
476,72	331,31923
476,98	347,26923
477,24	346,85256
477,50	370,4859
477,76	403,45256
478,02	465,8859
478,28	537,75256
478,54	589,95256
478,80	643,05256
479,06	690,75256
479,32	749,35256
479,58	791,56923
479,84	857,01923
480,10	852,25256
480,36	810,16923
480,63	717,9859
480,89	632,6359
481,15	589,26923
481,41	543,5359
481,67	542,45256
481,93	514,11923
482,19	483,0859
482,45	450,1859
482,71	416,86923
482,97	395,05256
483,23	378,30256
483,49	370,81923
483,75	379,20256
484,01	377,41923
484,27	368,3359
484,53	370,01923
484,79	413,51923
485,05	422,01923
485,31	424,15256
485,57	372,5859
485,83	378,1859
486,09	365,31923
486,35	372,9859
486,61	359,51923
486,87	359,05256
487,13	367,1859
487,39	385,20256
487,65	413,31923
487,91	416,8859
488,17	405,81923
488,43	376,6859
488,70	378,81923
488,96	392,3359
489,22	396,1359
489,48	393,86923
489,74	394,41923
490,00	411,9859
490,26	408,7359
490,52	433,3359
490,78	436,85256
491,04	453,3859
491,30	444,9359
491,56	451,5359
491,82	438,80256
492,08	427,95256
492,34	432,41923
492,60	447,21923
492,86	452,15256
493,12	457,70256
493,38	481,11923
493,64	513,71923
493,90	518,85256
494,16	497,91923
494,42	491,75256
494,68	499,9859
494,94	536,61923
495,20	562,71923
495,46	568,31923
495,72	556,95256
495,98	538,55256
496,24	528,71923
496,50	531,75256
496,76	556,76923
497,02	576,5359
497,28	591,01923
497,54	605,6359
497,80	612,50256
498,06	604,0859
498,32	573,30256
498,58	571,9359
498,84	575,25256
499,10	580,70256
499,36	595,6859
499,62	612,71923
499,88	639,70256
500,14	644,4859
500,40	637,80256
500,66	642,40256
500,92	656,0859
501,18	663,45256
501,44	654,06923
501,69	647,90256
501,95	662,1359
502,21	658,55256
502,47	639,4859
502,73	607,00256
502,99	598,90256
503,25	598,86923
503,51	605,4859
503,77	599,50256
504,03	595,41923
504,29	608,10256
504,55	624,10256
504,81	621,30256
505,07	604,2859
505,33	593,96923
505,59	601,26923
505,85	620,1859
506,11	625,50256
506,37	628,2359
506,63	610,3859
506,89	610,00256
507,15	616,31923
507,41	616,1359
507,67	615,66923
507,93	603,2359
508,19	603,90256
508,45	608,96923
508,71	607,16923
508,97	596,01923
509,23	582,41923
509,49	608,3859
509,74	638,2859
510,00	640,80256
510,26	628,26923
510,52	606,3859
510,78	619,7859
511,04	605,4359
511,30	634,30256
511,56	624,0859
511,82	628,61923
512,08	605,71923
512,34	632,45256
512,60	631,96923
512,86	647,00256
513,12	630,50256
513,38	644,6859
513,64	661,41923
513,90	682,61923
514,16	725,95256
514,42	749,55256
514,67	762,01923
514,93	753,9359
515,19	739,40256
515,45	731,76923
515,71	710,41923
515,97	703,65256
516,23	685,31923
516,49	672,46923
516,75	662,70256
517,01	664,4359
517,27	654,01923
517,53	637,66923
517,79	620,70256
518,05	614,55256
518,31	624,5359
518,56	630,80256
518,82	636,0359
519,08	611,0359
519,34	597,7859
519,60	585,35256
519,86	606,46923
520,12	604,66923
520,38	598,21923
520,64	599,4859
520,90	622,4859
521,16	635,36923
521,42	635,61923
521,68	640,8359
521,93	715,65256
522,19	783,25256
522,45	855,5859
522,71	872,86923
522,97	909,25256
523,23	922,25256
523,49	999,91923
523,75	1051,26923
524,01	1044,41923
524,27	935,90256
524,53	840,31923
524,79	792,50256
525,04	770,0859
525,30	724,4359
525,56	686,51923
525,82	652,56923
526,08	648,50256
526,34	635,06923
526,60	659,30256
526,86	646,7359
527,12	653,46923
527,38	623,40256
527,63	617,05256
527,89	606,06923
528,15	605,01923
528,41	598,56923
528,67	601,41923
528,93	612,35256
529,19	601,41923
529,45	587,61923
529,71	566,4359
529,97	579,2859
530,22	596,05256
530,48	615,35256
530,74	617,05256
531,00	620,86923
531,26	634,06923
531,52	644,56923
531,78	635,10256
532,04	629,31923
532,30	620,40256
532,55	655,96923
532,81	657,40256
533,07	649,4359
533,33	617,80256
533,59	594,60256
533,85	582,5859
534,11	604,9859
534,37	620,45256
534,62	637,36923
534,88	593,1859
535,14	569,66923
535,40	560,66923
535,66	576,76923
535,92	584,85256
536,18	595,80256
536,44	592,9359
536,69	586,35256
536,95	580,46923
537,21	587,65256
537,47	608,40256
537,73	625,9359
537,99	615,1359
538,25	602,55256
538,51	586,9859
538,76	591,75256
539,02	598,21923
539,28	613,01923
539,54	611,25256
539,80	600,60256
540,06	589,11923
540,32	609,70256
540,57	626,3859
540,83	639,30256
541,09	610,80256
541,35	596,70256
541,61	582,9359
541,87	584,91923
542,13	609,2859
542,38	624,8859
542,64	627,3359
542,90	612,46923
543,16	577,3859
543,42	582,80256
543,68	566,55256
543,94	576,40256
544,19	571,01923
544,45	582,7859
544,71	574,7359
544,97	576,25256
545,23	554,85256
545,49	555,66923
545,74	524,80256
546,00	538,55256
546,26	511,96923
546,52	549,76923
546,78	548,9359
547,04	564,3359
547,29	546,66923
547,55	532,00256
547,81	531,01923
548,07	529,1859
548,33	520,65256
548,59	525,26923
548,84	519,46923
549,10	527,50256
549,36	517,11923
549,62	519,60256
549,88	522,91923
550,14	532,2359
550,39	527,55256
550,65	540,36923
550,91	549,75256
551,17	555,51923
551,43	549,3359
551,69	549,05256
551,94	568,60256
552,20	577,26923
552,46	583,9859
552,72	573,26923
552,98	565,5359
553,24	559,65256
553,49	554,5359
553,75	558,01923
554,01	561,2859
554,27	573,2359
554,53	589,65256
554,78	596,61923
555,04	589,7859
555,30	586,55256
555,56	580,46923
555,82	604,71923
556,07	611,7359
556,33	628,16923
556,59	623,56923
556,85	630,75256
557,11	651,5859
557,37	667,8859
557,62	656,50256
557,88	636,60256
558,14	641,7359
558,40	639,21923
558,66	645,35256
558,91	626,30256
559,17	636,61923
559,43	643,4859
559,69	633,45256
559,95	615,61923
560,20	592,11923
560,46	609,40256
560,72	618,46923
560,98	635,61923
561,24	601,96923
561,49	593,6859
561,75	572,71923
562,01	585,66923
562,27	586,85256
562,52	582,5359
562,78	575,5859
563,04	575,2859
563,30	565,7359
563,56	568,20256
563,81	577,35256
564,07	606,86923
564,33	643,1359
564,59	644,81923
564,85	645,06923
565,10	668,70256
565,36	686,8359
565,62	721,5359
565,88	688,0859
566,13	704,0359
566,39	692,25256
566,65	706,45256
566,91	702,20256
567,17	677,9859
567,42	679,00256
567,68	649,2359
567,94	651,75256
568,20	624,81923
568,45	624,46923
568,71	606,11923
568,97	584,4859
569,23	598,80256
569,49	600,56923
569,74	608,90256
570,00	564,3359
570,26	565,66923
570,52	569,4359
570,77	598,80256
571,03	618,01923
571,29	628,16923
571,55	634,05256
571,80	605,8859
572,06	587,7859
572,32	573,71923
572,58	614,9359
572,83	637,40256
573,09	630,25256
573,35	609,5359
573,61	586,01923
573,86	584,41923
574,12	559,70256
574,38	574,66923
574,64	570,70256
574,89	593,31923
575,15	615,01923
575,41	625,15256
575,67	618,3359
575,92	597,20256
576,18	613,60256
576,44	615,86923
576,70	610,16923
576,95	585,4859
577,21	575,9359
577,47	578,6859
577,73	589,55256
577,98	582,75256
578,24	572,3359
578,50	560,36923
578,76	568,26923
579,01	556,0859
579,27	545,66923
579,53	551,7359
579,79	549,60256
580,04	538,55256
580,30	503,16923
580,56	485,3359
580,81	486,55256
581,07	492,9859
581,33	498,6859
581,59	502,81923
581,84	519,90256
582,10	548,90256
582,36	572,45256
582,62	600,01923
582,87	635,80256
583,13	697,51923
583,39	720,70256
583,64	742,0359
583,90	726,4859
584,16	763,21923
584,42	781,16923
584,67	782,5359
584,93	745,80256
585,19	698,7359
585,45	673,31923
585,70	641,5859
585,96	635,11923
586,22	622,61923
586,47	612,2359
586,73	611,2859
586,99	605,81923
587,25	619,4359
587,50	596,61923
587,76	582,11923
588,02	565,06923
588,27	568,9359
588,53	589,0359
588,79	579,56923
589,04	561,95256
589,30	561,7859
589,56	560,0359
589,82	580,26923
590,07	563,26923
590,33	561,3859
590,59	542,61923
590,84	539,45256
591,10	542,76923
591,36	553,46923
591,61	550,70256
591,87	558,6359
592,13	548,20256
592,39	546,8359
592,64	540,60256
592,90	530,4859
593,16	526,4859
593,41	524,95256
593,67	531,0859
593,93	529,3359
594,18	536,95256
594,44	550,1359
594,70	556,85256
594,95	567,26923
595,21	586,4359
595,47	598,35256
595,73	594,90256
595,98	588,9359
596,24	593,9859
596,50	581,01923
596,75	576,90256
597,01	565,80256
597,27	548,76923
597,52	522,2859
597,78	492,51923
598,04	484,00256
598,29	450,70256
598,55	448,8359
598,81	425,7359
599,06	426,8359
599,32	402,25256
599,58	420,51923
599,83	407,20256
600,09	409,66923
600,35	390,56923
600,60	392,61923
600,86	397,96923
601,12	401,26923
601,37	406,5359
601,63	388,85256
601,89	373,30256
602,14	369,40256
602,40	370,61923
602,66	372,45256
602,91	354,7859
603,17	368,80256
603,43	378,35256
603,68	399,85256
603,94	383,7859
604,20	375,06923
604,45	359,60256
604,71	359,36923
604,97	359,86923
605,22	364,15256
605,48	365,50256
605,74	375,36923
605,99	375,7859
606,25	373,2359
606,51	360,16923
606,76	345,90256
607,02	358,36923
607,27	349,9359
607,53	361,16923
607,79	358,20256
608,04	347,01923
608,30	337,21923
608,56	319,45256
608,81	344,91923
609,07	345,20256
609,33	373,66923
609,58	382,95256
609,84	396,06923
610,10	378,11923
610,35	351,41923
610,61	342,80256
610,86	328,80256
611,12	332,56923
611,38	321,8359
611,63	321,95256
611,89	321,66923
612,15	334,6859
612,40	325,11923
612,66	306,4359
612,92	282,2859
613,17	310,7359
613,43	333,1859
613,68	348,51923
613,94	326,86923
614,20	314,10256
614,45	300,15256
614,71	318,66923
614,97	310,06923
615,22	312,6359
615,48	296,3359
615,73	309,7359
615,99	317,3859
616,25	320,21923
616,50	327,95256
616,76	323,75256
617,01	328,20256
617,27	304,86923
617,53	310,15256
617,78	329,3859
618,04	350,30256
618,30	359,90256
618,55	327,2859
618,81	325,76923
619,06	307,6359
619,32	312,25256
619,58	305,21923
619,83	313,10256
620,09	307,4359
620,34	306,61923
620,60	300,5859
620,86	302,51923
621,11	303,8359
621,37	319,70256
621,62	321,95256
621,88	307,60256
622,14	281,01923
622,39	287,31923
622,65	297,85256
622,90	305,66923
623,16	312,30256
623,42	317,85256
623,67	304,30256
623,93	304,86923
624,18	297,70256
624,44	332,3859
624,70	340,0859
624,95	339,8859
625,21	334,10256
625,46	314,9859
625,72	334,50256
625,98	319,4359
626,23	336,81923
626,49	324,5359
626,74	351,90256
627,00	366,61923
627,25	383,75256
627,51	395,21923
627,77	386,30256
628,02	377,95256
628,28	382,70256
628,53	395,6359
628,79	406,16923
629,04	378,90256
629,30	361,4359
629,56	365,11923
629,81	360,36923
630,07	362,15256
630,32	350,1359
630,58	382,3359
630,83	378,30256
631,09	373,06923
631,35	348,11923
631,60	344,41923
631,86	355,91923
632,11	350,85256
632,37	330,61923
632,62	306,81923
632,88	295,8359
633,14	300,15256
633,39	297,3359
633,65	321,7859
633,90	337,8859
634,16	336,36923
634,41	312,10256
634,67	304,76923
634,93	319,15256
635,18	324,66923
635,44	306,5359
635,69	290,6859
635,95	297,86923
636,20	322,45256
636,46	322,2859
636,71	314,55256
636,97	304,55256
637,22	309,15256
637,48	301,3859
637,74	300,65256
637,99	309,91923
638,25	321,15256
638,50	315,3359
638,76	319,4359
639,01	305,10256
639,27	302,01923
639,52	294,1359
639,78	305,4359
640,03	302,3359
640,29	290,91923
640,55	292,5859
640,80	297,65256
641,06	296,41923
641,31	310,5359
641,57	314,31923
641,82	334,65256
642,08	335,41923
642,33	346,2359
642,59	356,1859
642,84	357,3859
643,10	352,70256
643,35	340,4359
643,61	336,4359
643,87	339,56923
644,12	341,91923
644,38	324,70256
644,63	325,76923
644,89	332,80256
645,14	339,91923
645,40	329,0859
645,65	325,91923
645,91	318,76923
646,16	332,91923
646,42	331,61923
646,67	323,31923
646,93	307,11923
647,18	301,0859
647,44	304,11923
647,69	298,51923
647,95	280,56923
648,20	277,8859
648,46	278,51923
648,71	284,95256
648,97	288,40256
649,22	292,3359
649,48	291,9359
649,73	292,66923
649,99	287,7859
650,24	302,16923
650,50	311,95256
650,75	319,46923
651,01	316,4859
651,26	313,1359
651,52	307,81923
651,77	294,76923
652,03	298,70256
652,28	296,56923
652,54	322,7859
652,79	344,1359
653,05	364,4359
653,30	361,1859
653,56	339,26923
653,81	339,50256
654,07	342,0859
654,32	348,5359
654,58	344,3859
654,83	355,0359
655,09	350,6359
655,34	353,70256
655,60	345,3359
655,85	355,70256
656,11	385,56923
656,36	402,45256
656,62	400,96923
656,87	379,66923
657,13	350,8359
657,38	359,50256
657,64	369,01923
657,89	386,10256
658,15	361,06923
658,40	332,31923
658,66	324,6859
658,91	322,9359
659,17	323,15256
659,42	313,90256
659,68	312,7859
659,93	294,4359
660,19	280,86923
660,44	287,25256
660,70	302,9359
660,95	302,65256
661,20	291,35256
661,46	283,6859
661,71	285,95256
661,97	276,75256
662,22	281,21923
662,48	283,66923
662,73	285,8359
662,99	290,9359
663,24	294,10256
663,50	286,2859
663,75	279,2359
664,01	252,15256
664,26	274,15256
664,52	266,00256
664,77	287,96923
665,02	289,61923
665,28	297,96923
665,53	290,4859
665,79	290,5859
666,04	292,41923
666,30	286,05256
666,55	284,4359
666,81	267,05256
667,06	274,5359
667,32	272,5859
667,57	276,9859
667,82	276,40256
668,08	275,16923
668,33	277,76923
668,59	271,00256
668,84	276,25256
669,10	270,11923
669,35	325,15256
669,61	295,00256
669,86	310,0359
670,11	249,95256
670,37	272,01923
670,62	269,10256
670,88	283,3859
671,13	260,9359
671,39	238,60256
671,64	224,26923
671,90	235,5859
672,15	241,90256
672,40	234,2859
672,66	214,20256
672,91	220,00256
673,17	219,6859
673,42	232,9859
673,68	223,4359
673,93	215,06923
674,18	215,80256
674,44	206,70256
674,69	216,35256
674,95	219,45256
675,20	221,9359
675,46	216,6859
675,71	199,90256
675,96	211,56923
676,22	205,66923
676,47	217,0859
676,73	213,5359
676,98	213,8859
677,23	219,76923
677,49	226,50256
677,74	248,7859
678,00	231,40256
678,25	225,01923
678,51	225,1859
678,76	217,71923
679,01	219,2859
679,27	201,36923
679,52	204,95256
679,78	199,71923
680,03	203,9359
680,28	204,46923
680,54	198,1359
680,79	179,70256
681,05	180,6359
681,30	171,01923
681,55	180,16923
681,81	182,21923
682,06	204,15256
682,32	213,05256
682,57	224,7359
682,82	213,51923
683,08	201,10256
683,33	173,96923
683,59	182,45256
683,84	175,20256
684,09	187,4859
684,35	179,76923
684,60	196,2859
684,86	196,35256
685,11	213,0359
685,36	210,8859
685,62	225,7359
685,87	191,40256
686,13	183,30256
686,38	160,90256
686,63	182,16923
686,89	198,9859
687,14	231,46923
687,40	228,15256
687,65	229,3359
687,90	210,30256
688,16	210,1859
688,41	199,36923
688,66	192,01923
688,92	194,36923
689,17	185,35256
689,43	180,4359
689,68	183,86923
689,93	195,35256
690,19	198,9359
690,44	181,75256
690,69	168,00256
690,95	164,20256
691,20	175,9359
691,46	168,51923
691,71	179,10256
691,96	180,01923
692,22	185,56923
692,47	168,81923
692,72	154,85256
692,98	154,60256
693,23	165,4859
693,49	180,41923
693,74	185,3859
693,99	190,6359
694,25	183,70256
694,50	183,01923
694,75	173,3359
695,01	154,61923
695,26	160,4859
695,51	161,95256
695,77	160,31923
696,02	151,3859
696,27	148,7859
696,53	167,75256
696,78	176,06923
697,04	181,70256
697,29	172,56923
697,54	165,16923
697,80	152,00256
698,05	156,56923
698,30	147,6359
698,56	146,3359
698,81	141,76923
699,06	149,5359
699,32	148,90256
699,57	151,35256
699,82	162,91923
700,08	159,2359
700,33	154,01923
700,58	137,35256
700,84	141,26923
701,09	133,31923
701,34	136,2359
701,60	143,96923
701,85	150,60256
702,10	157,6859
702,36	162,06923
702,61	154,21923
702,86	138,60256
703,12	116,91923
703,37	122,9359
703,62	120,36923
703,88	122,0359
704,13	111,55256
704,38	116,95256
704,64	145,35256
704,89	155,9359
705,14	175,86923
705,40	167,50256
705,65	169,76923
705,90	148,7859
706,16	125,50256
706,41	128,46923
706,66	129,91923
706,92	134,91923
707,17	142,25256
707,42	163,45256
707,68	152,90256
707,93	138,21923
708,18	127,36923
708,44	155,1859
708,69	166,80256
708,94	164,35256
709,19	153,9359
709,45	158,95256
709,70	146,45256
709,95	146,65256
710,21	124,06923
710,46	120,8859
710,71	136,46923
710,97	136,3859
711,22	147,16923
711,47	121,25256
711,73	130,9359
711,98	127,95256
712,23	128,81923
712,48	121,96923
712,74	118,5859
712,99	118,2859
713,24	104,81923
713,50	104,75256
713,75	125,76923
714,00	142,9359
714,26	138,1859
714,51	124,00256
714,76	125,50256
715,01	123,21923
715,27	141,71923
715,52	139,6859
715,77	152,9359
716,03	135,16923
716,28	137,0359
716,53	145,75256
716,78	142,65256
717,04	146,56923
717,29	145,70256
717,54	156,96923
717,80	147,25256
718,05	139,7359
718,30	128,6859
718,55	136,21923
718,81	131,05256
719,06	139,4859
719,31	135,4359
719,57	126,15256
719,82	120,10256
720,07	122,51923
720,32	122,8859
720,58	127,86923
720,83	123,75256
721,08	129,0359
721,33	122,26923
721,59	133,91923
721,84	141,4859
722,09	152,36923
722,35	144,46923
722,60	135,85256
722,85	130,2859
723,10	120,75256
723,36	121,1359
723,61	109,5359
723,86	117,9859
724,11	130,21923
724,37	123,1359
724,62	117,45256
724,87	102,1859
725,12	105,31923
725,38	103,0859
725,63	103,05256
725,88	96,56923
726,13	98,01923
726,39	81,00256
726,64	101,30256
726,89	99,25256
727,14	107,85256
727,40	101,0859
727,65	105,45256
727,90	122,90256
728,15	129,0859
728,41	119,35256
728,66	118,31923
728,91	106,35256
729,16	115,16923
729,42	115,30256
729,67	119,20256
729,92	98,06923
730,17	85,7859
730,43	88,91923
730,68	111,66923
730,93	117,7859
731,18	116,0359
731,44	108,71923
731,69	101,7859
731,94	104,51923
732,19	113,6359
732,45	120,96923
732,70	133,36923
732,95	118,75256
733,20	102,76923
733,45	94,2359
733,71	105,8359
733,96	106,11923
734,21	108,3359
734,46	102,6859
734,72	110,65256
734,97	104,8359
735,22	102,0359
735,47	103,95256
735,72	99,51923
735,98	94,25256
736,23	94,70256
736,48	100,4359
736,73	107,35256
736,99	100,9359
737,24	101,6359
737,49	97,96923
737,74	103,5359
737,99	120,06923
738,25	125,00256
738,50	121,9359
738,75	88,96923
739,00	92,01923
739,25	101,26923
739,51	101,4359
739,76	100,71923
740,01	101,5359
740,26	114,4859
740,52	120,4859
740,77	137,21923
741,02	138,71923
741,27	128,3859
741,52	112,46923
741,78	113,05256
742,03	116,70256
742,28	114,70256
742,53	121,50256
742,78	134,90256
743,04	147,6859
743,29	156,21923
743,54	163,45256
743,79	150,5859
744,04	136,10256
744,30	133,8359
744,55	143,46923
744,80	163,31923
745,05	154,26923
745,30	154,15256
745,55	133,4859
745,81	155,95256
746,06	160,1359
746,31	177,85256
746,56	167,26923
746,81	176,4859
747,07	181,2359
747,32	184,8859
747,57	196,60256
747,82	199,90256
748,07	207,4359
748,32	178,4359
748,58	162,91923
748,83	139,26923
749,08	147,45256
749,33	148,9359
749,58	159,9859
749,84	167,6359
750,09	172,20256
750,34	185,36923
750,59	208,80256
750,84	208,60256
751,09	226,30256
751,35	216,6859
751,60	233,6859
751,85	211,71923
752,10	190,61923
752,35	183,9859
752,60	169,35256
752,86	162,65256
753,11	129,41923
753,36	112,71923
753,61	102,36923
753,86	89,70256
754,11	86,26923
754,37	68,06923
754,62	66,71923
754,87	66,15256
755,12	87,00256
755,37	98,21923
755,62	100,25256
755,87	76,81923
756,13	67,1859
756,38	66,40256
756,63	84,16923
756,88	107,0859
757,13	102,9359
757,38	105,3859
757,64	76,21923
757,89	74,60256
758,14	82,90256
758,39	85,01923
758,64	104,2359
758,89	91,41923
759,14	109,46923
759,40	102,0359
759,65	98,2859
759,90	89,1359
760,15	77,65256
760,40	59,66923
760,65	50,61923
760,90	50,45256
761,15	60,06923
761,41	70,16923
761,66	66,50256
761,91	75,50256
762,16	63,30256
762,41	79,81923
762,66	69,80256
762,91	77,01923
763,17	71,11923
763,42	77,96923
763,67	87,25256
763,92	85,85256
764,17	83,70256
764,42	67,76923
764,67	71,35256
764,92	83,35256
765,18	86,10256
765,43	67,8359
765,68	73,2359
765,93	83,61923
766,18	91,30256
766,43	81,55256
766,68	82,7859
766,93	78,6859
767,18	69,16923
767,44	67,46923
767,69	62,80256
767,94	79,81923
768,19	69,26923
768,44	72,8859
768,69	70,20256
768,94	83,1859
769,19	83,3859
769,44	81,05256
769,70	60,20256
769,95	65,70256
770,20	69,4859
770,45	91,46923
770,70	96,06923
770,95	89,36923
771,20	70,95256
771,45	80,01923
771,70	77,0359
771,95	75,46923
772,21	77,0859
772,46	80,2859
772,71	91,40256
772,96	80,76923
773,21	76,35256
773,46	88,70256
773,71	92,60256
773,96	85,75256
774,21	79,51923
774,46	79,21923
774,72	93,0859
774,97	87,9359
775,22	79,51923
775,47	87,2359
775,72	100,71923
775,97	134,31923
776,22	160,55256
776,47	210,36923
776,72	245,56923
776,97	263,15256
777,22	245,6359
777,47	237,45256
777,73	228,3859
777,98	243,46923
778,23	229,9859
778,48	207,9859
778,73	160,66923
778,98	137,11923
779,23	128,75256
779,48	124,4359
779,73	99,85256
779,98	79,00256
780,23	75,7859
780,48	76,05256
780,73	88,25256
780,98	92,61923
781,24	93,61923
781,49	73,66923
781,74	52,15256
781,99	49,40256
782,24	53,51923
782,49	56,2859
782,74	54,11923
782,99	55,1859
783,24	55,06923
783,49	59,76923
783,74	57,51923
783,99	72,9859
784,24	63,2359
784,49	59,40256
784,74	50,8359
784,99	60,91923
785,24	51,11923
785,49	30,25256
785,75	51,55256
786,00	80,26923
786,25	85,65256
786,50	61,20256
786,75	37,85256
787,00	58,05256
787,25	57,0859
787,50	68,46923
787,75	57,25256
788,00	79,51923
788,25	55,81923
788,50	46,75256
788,75	26,96923
789,00	32,00256
789,25	25,6359
789,50	11,81923
789,75	15,00256
790,00	32,05256
790,25	38,1859
790,50	70,76923
790,75	83,16923
791,00	85,5859
791,25	76,1859
791,50	55,70256
791,75	56,8359
792,01	60,96923
792,26	63,86923
792,51	73,00256
792,76	52,31923
793,01	53,01923
793,26	23,8359
793,51	30,6859
793,76	34,85256
794,01	62,81923
794,26	64,0859
794,51	67,20256
794,76	59,26923
795,01	68,70256
795,26	72,40256
795,51	80,96923
795,76	71,21923
796,01	77,81923
796,26	77,81923
796,51	71,91923
796,76	53,51923
797,01	34,60256
797,26	41,55256
797,51	33,40256
797,76	52,05256
798,01	49,1359
798,26	71,46923
798,51	59,2359
798,76	40,75256
799,01	30,70256
799,26	21,56923
799,51	28,95256
799,76	25,16923
800,01	43,21923
800,26	38,41923
800,51	44,01923
800,76	34,70256
801,01	41,15256
801,26	31,10256
801,51	28,11923
801,76	29,1359
802,01	27,76923
802,26	36,66923
802,51	52,70256
802,76	60,26923
803,01	55,51923
803,26	31,8859
803,51	29,10256
803,76	31,8859
804,01	44,2859
804,26	35,81923
804,51	25,5859
804,76	14,56923
805,01	19,00256
805,26	18,61923
805,51	22,15256
805,76	16,56923
806,01	53,6359
806,26	65,11923
806,51	68,80256
806,76	24,35256
807,01	8,66923
807,26	9,8859
807,51	9,61923
807,76	7,9359
808,01	13,31923
808,26	27,16923
808,50	33,01923
808,75	29,0859
809,00	24,01923
809,25	31,45256
809,50	27,81923
809,75	31,80256
810,00	25,81923
810,25	21,1859
810,50	31,15256
810,75	35,2859
811,00	53,90256
811,25	46,86923
811,50	61,05256
811,75	60,20256
812,00	52,45256
812,25	37,65256
812,50	7,95256
812,75	6,0859
813,00	4,96923
813,25	18,6359
813,50	22,30256
813,75	16,1859
814,00	24,05256
814,25	26,90256
814,50	49,41923
814,74	44,55256
814,99	59,80256
815,24	36,85256
815,49	40,55256
815,74	27,7859
815,99	47,8859
816,24	53,36923
816,49	58,06923
816,74	68,1859
816,99	60,35256
817,24	64,41923
817,49	28,36923
817,74	47,36923
817,99	34,6359
818,24	48,50256
818,49	53,90256
818,74	66,01923
818,98	82,7359
819,23	70,06923
819,48	93,4859
819,73	89,05256
819,98	104,4859
820,23	74,76923
820,48	81,41923
820,73	79,30256
820,98	92,45256
821,23	83,0359
821,48	72,0859
821,73	71,20256
821,98	82,5359
822,23	84,66923
822,47	107,2359
822,72	103,10256
822,97	106,6359
823,22	88,8359
823,47	84,0359
823,72	88,46923
823,97	92,50256
824,22	102,6859
824,47	86,05256
824,72	70,50256
824,97	51,7359
825,22	54,7359
825,46	50,65256
825,71	51,76923
825,96	42,91923
826,21	35,10256
826,46	24,01923
826,71	23,70256
826,96	40,86923
827,21	37,26923
827,46	34,76923
827,71	15,96923
827,96	14,8859
828,20	19,16923
828,45	24,36923
828,70	33,9859
828,95	25,70256
829,20	23,8359
829,45	18,81923
829,70	20,71923
829,95	16,1859
830,20	12,5859
830,45	29,10256
830,69	34,3359
830,94	34,0859
831,19	27,26923
831,44	11,3359
831,69	20,25256
831,94	9,7859
832,19	23,60256
832,44	8,1359
832,69	10,2859
832,93	11,2859
833,18	29,7359
833,43	23,51923
833,68	14,36923
833,93	13,05256
834,18	21,9359
834,43	29,36923
834,68	20,3359
834,92	10,30256
835,17	12,2859
835,42	22,41923
835,67	35,8859
835,92	27,46923
836,17	15,95256
836,42	2,06923
836,67	-14,33077
836,91	0,50256
837,16	9,75256
837,41	11,81923
837,66	23,26923
837,91	39,86923
838,16	51,1859
838,41	36,25256
838,66	9,95256
838,90	25,05256
839,15	17,5859
839,40	27,7859
839,65	11,56923
839,90	6,10256
840,15	13,3859
840,40	5,9859
840,64	22,05256
840,89	3,81923
841,14	20,41923
841,39	10,45256
841,64	11,71923
841,89	15,06923
842,14	2,35256
842,38	31,3859
842,63	35,7859
842,88	40,50256
843,13	16,5859
843,38	18,8859
843,63	29,56923
843,87	49,6359
844,12	38,00256
844,37	41,01923
844,62	38,66923
844,87	44,96923
845,12	54,20256
845,37	41,81923
845,61	36,3859
845,86	20,30256
846,11	21,41923
846,36	15,45256
846,61	23,3859
846,86	21,46923
847,10	29,31923
847,35	42,40256
847,60	41,85256
847,85	37,1859
848,10	20,45256
848,35	23,36923
848,59	30,70256
848,84	20,71923
849,09	26,95256
849,34	17,51923
849,59	25,80256
849,84	1,96923
850,08	10,45256
850,33	0,7859
850,58	7,41923
850,83	10,8859
851,08	4,06923
851,32	-1,64744
851,57	-6,0641
851,82	19,6359
852,07	26,6859
852,32	40,35256
852,57	17,61923
852,81	35,81923
853,06	14,01923
853,31	31,75256
853,56	12,3359
853,81	11,0859
854,05	10,2359
854,30	6,80256
854,55	9,55256
854,80	-0,69744
855,05	35,36923
855,29	35,90256
855,54	45,00256
855,79	18,51923
856,04	17,06923
856,29	12,4859
856,53	22,46923
856,78	19,2859
857,03	8,4859
857,28	0,50256
857,53	8,41923
857,77	29,41923
858,02	22,55256
858,27	19,40256
858,52	10,75256
858,77	4,16923
859,01	0,5859
859,26	3,06923
859,51	17,5359
859,76	9,7859
860,01	4,7359
860,25	-3,73077
860,50	15,5359
860,75	16,60256
861,00	28,11923
861,25	22,2359
861,49	23,81923
861,74	21,60256
861,99	10,6359
862,24	8,76923
862,48	7,25256
862,73	14,56923
862,98	12,41923
863,23	23,8359
863,48	35,45256
863,72	53,6859
863,97	63,21923
864,22	64,4859
864,47	38,5359
864,71	13,5859
864,96	16,66923
865,21	22,75256
865,46	17,9359
865,70	2,31923
865,95	-9,74744
866,20	0,50256
866,45	24,16923
866,70	46,61923
866,94	66,40256
867,19	48,2359
867,44	57,2859
867,69	56,05256
867,93	63,5859
868,18	65,30256
868,43	68,25256
868,68	76,11923
868,92	69,1859
869,17	49,4359
869,42	53,26923
869,67	42,35256
869,91	39,11923
870,16	16,4359
870,41	28,76923
870,66	38,36923
870,90	56,20256
871,15	48,25256
871,40	34,9359
871,65	18,00256
871,89	23,40256
872,14	22,70256
872,39	23,2359
872,64	14,60256
872,88	13,8859
873,13	2,6859
873,38	-9,6141
873,63	11,05256
873,87	16,10256
874,12	3,81923
874,37	-22,6641
874,62	-17,98077
874,86	-6,93077
875,11	2,30256
875,36	-0,33077
875,60	-6,48077
875,85	-0,83077
876,10	6,6859
876,35	22,4859
876,59	14,70256
876,84	4,55256
877,09	7,31923
877,34	14,45256
877,58	12,5359
877,83	4,90256
878,08	-2,54744
878,32	-4,18077
878,57	-12,44744
878,82	-1,2141
879,07	-3,29744
879,31	4,11923
879,56	-2,18077
879,81	-0,23077
880,06	-7,58077
880,30	-17,94744
880,55	9,05256
880,80	17,10256
881,04	22,50256
881,29	26,11923
881,54	34,76923
881,79	29,26923
882,03	-8,34744
882,28	-2,69744
882,53	5,6859
882,77	24,41923
883,02	12,55256
883,27	11,96923
883,51	0,10256
883,76	5,1859
884,01	14,20256
884,26	10,90256
884,50	5,21923
884,75	-17,63077
885,00	-12,0641
885,24	-12,64744
885,49	-5,13077
885,74	13,00256
885,98	-3,9141
886,23	-9,13077
886,48	-20,83077
886,73	5,9359
886,97	17,16923
887,22	4,75256
887,47	-15,48077
887,71	-24,79744
887,96	-25,0141
888,21	-9,8641
888,45	-3,7141
888,70	14,70256
888,95	0,8859
889,19	-5,28077
889,44	-15,0641
889,69	-4,63077
889,93	-18,49744
890,18	-9,58077
890,43	-6,58077
890,67	12,9859
890,92	-8,64744
891,17	-0,4141
891,42	9,96923
891,66	38,1859
891,91	32,0859
892,16	25,7859
892,40	26,4359
892,65	22,10256
892,90	14,06923
893,14	0,40256
893,39	-2,74744
893,64	-6,14744
893,88	-23,1641
894,13	-7,3641
894,38	4,51923
894,62	9,56923
894,87	-12,3141
895,12	-29,18077
895,36	-25,43077
895,61	-22,63077
895,86	-16,5641
896,10	-18,13077
896,35	-22,78077
896,60	-34,89744
896,84	-37,38077
897,09	-29,08077
897,33	-10,64744
897,58	-9,08077
897,83	-7,93077
898,07	-15,0141
898,32	-9,89744
898,57	-7,48077
898,81	3,9359
899,06	17,01923
899,31	41,91923
899,55	42,15256
899,80	18,06923
900,05	-10,5641
900,29	-19,73077
900,54	5,8359
900,79	1,81923
901,03	-1,38077
901,28	-11,34744
901,52	3,45256
901,77	20,71923
902,02	28,35256
902,26	6,00256
902,51	-7,48077
902,76	-33,8141
903,00	-14,3641
903,25	-20,28077
903,50	-3,4141
903,74	-14,3641
903,99	-14,13077
904,23	-9,1641
904,48	-1,2641
904,73	19,50256
904,97	22,2359
905,22	30,7359
905,47	16,40256
905,71	18,8359
905,96	10,36923
906,20	21,2859
906,45	14,8359
906,70	14,4359
906,94	5,95256
907,19	1,81923
907,44	-8,03077
907,68	-18,93077
907,93	-18,38077
908,17	-32,24744
908,42	-20,04744
908,67	-31,88077
908,91	-3,43077
909,16	4,95256
909,40	6,8859
909,65	-10,28077
909,90	-18,13077
910,14	-14,84744
910,39	-23,2141
910,63	-17,34744
910,88	-4,93077
911,13	26,56923
911,37	20,9359
911,62	9,56923
911,86	-10,3141
912,11	-9,38077
912,36	0,76923
912,60	1,8859
912,85	10,7859
913,09	6,46923
913,34	20,3859
913,59	-6,1141
913,83	2,4859
914,08	-14,4141
914,32	9,71923
914,57	6,50256
914,82	18,75256
915,06	13,31923
915,31	5,71923
915,55	6,40256
915,80	14,35256
916,05	5,3359
916,29	-13,34744
916,54	-29,19744
916,78	-10,54744
917,03	7,31923
917,27	9,40256
917,52	-5,09744
917,77	-6,08077
918,01	-2,34744
918,26	-8,14744
918,50	-18,1141
918,75	-24,03077
919,00	-17,34744
919,24	-16,84744
919,49	-27,69744
919,73	-16,93077
919,98	-21,5141
920,22	-7,28077
920,47	-16,8141
920,72	-21,53077
920,96	-28,1641
921,21	-29,18077
921,45	-18,28077
921,70	-22,38077
921,94	-11,89744
922,19	-5,24744
922,43	-3,4641
922,68	17,20256
922,93	18,26923
923,17	17,61923
923,42	-19,89744
923,66	-23,54744
923,91	-22,8141
924,15	-11,54744
924,40	-12,94744
924,64	-11,5641
924,89	-17,5641
925,14	-16,4641
925,38	-16,2141
925,63	1,0359
925,87	7,25256
926,12	22,20256
926,36	8,70256
926,61	-2,73077
926,85	65,51923
927,10	59,2859
927,35	56,56923
927,59	-14,09744
927,84	-17,19744
928,08	-5,18077
928,33	-15,7141
928,57	-5,7641
928,82	-0,64744
929,06	5,45256
929,31	6,6859
929,55	-4,1641
929,80	2,25256
930,04	-1,1641
930,29	-3,39744
930,54	-10,83077
930,78	-12,09744
931,03	-19,54744
931,27	-10,74744
931,52	-10,03077
931,76	-1,44744
932,01	-25,0141
932,25	-27,24744
932,50	-10,14744
932,74	-1,9141
932,99	18,90256
933,23	-1,2641
933,48	7,0359
933,72	-7,4641
933,97	-12,23077
934,21	14,20256
934,46	28,65256
934,70	48,3859
934,95	20,25256
935,19	-9,33077
935,44	-26,13077
935,68	-26,08077
935,93	-10,98077
936,18	-4,69744
936,42	-5,7641
936,67	-13,89744
936,91	-5,6141
937,16	16,96923
937,40	13,4359
937,65	-11,78077
937,89	-32,13077
938,14	-29,94744
938,38	-15,03077
938,63	-7,69744
938,87	-3,99744
939,12	5,36923
939,36	26,2359
939,61	34,35256
939,85	22,65256
940,10	-14,5641
940,34	-15,59744
940,59	-15,64744
940,83	-19,19744
941,08	-13,4141
941,32	-4,98077
941,57	14,90256
941,81	-6,09744
942,06	-13,48077
942,30	-19,6641
942,55	-6,09744
942,79	-17,84744
943,03	-15,39744
943,28	-7,9641
943,52	28,1359
943,77	12,2859
944,01	-10,18077
944,26	-45,59744
944,50	-47,03077
944,75	-16,53077
944,99	5,51923
945,24	12,10256
945,48	12,61923
945,73	60,71923
945,97	57,2859
946,22	36,86923
946,46	-21,09744
946,71	-2,5641
946,95	-1,44744
947,20	-12,88077
947,44	-27,7141
947,69	-21,84744
947,93	-15,4141
948,17	-18,5641
948,42	-31,04744
948,66	-22,64744
948,91	-29,48077
949,15	-32,28077
949,40	-42,6141
949,64	-26,34744
949,89	-19,0141
950,13	-16,64744
950,38	-30,58077
950,62	-24,78077
950,87	-18,4141
951,11	2,50256
951,35	-6,8641
951,60	-7,93077
951,84	-22,29744
952,09	-18,44744
952,33	-20,5641
952,58	-8,4141
952,82	-21,28077
953,07	-27,5141
953,31	-27,4141
953,56	-14,08077
953,80	-11,08077
954,04	-39,28077
954,29	-57,09744
954,53	-64,08077
954,78	-53,93077
955,02	-40,79744
955,27	-34,53077
955,51	-28,38077
955,76	-27,6641
956,00	-25,08077
956,24	-30,89744
956,49	-24,1141
956,73	-15,6641
956,98	-9,38077
957,22	8,81923
957,47	16,5359
957,71	8,30256
957,95	0,20256
958,20	-2,3641
958,44	18,9359
958,69	2,05256
958,93	-4,88077
959,18	-12,68077
959,42	3,5359
959,66	-6,23077
959,91	-18,59744
960,15	-38,3641
960,40	-35,64744
960,64	-28,99744
960,89	-14,2141
961,13	93,46923
961,37	108,3859
961,62	110,96923
961,86	10,61923
962,11	10,4859
962,35	-9,04744
962,59	-12,1141
962,84	-40,9141
963,08	-24,1141
963,33	-23,08077
963,57	-11,93077
963,81	-22,93077
964,06	-22,84744
964,30	-5,09744
964,55	-19,23077
964,79	11,01923
965,04	11,96923
965,28	19,4859
965,52	-10,3141
965,77	-24,24744
966,01	-13,68077
966,26	-14,23077
966,50	-6,34744
966,74	0,1359
966,99	8,0859
967,23	4,96923
967,48	-5,0641
967,72	-14,73077
967,96	-28,13077
968,21	-18,04744
968,45	-20,68077
968,69	-12,39744
968,94	-1,4641
969,18	-10,14744
969,43	-21,93077
969,67	-37,68077
969,91	-19,5141
970,16	-5,89744
970,40	-8,2141
970,65	-15,69744
970,89	-34,4141
971,13	-32,14744
971,38	-30,88077
971,62	7,31923
971,86	3,30256
972,11	7,75256
972,35	-19,2641
972,60	-7,9141
972,84	0,66923
973,08	2,8859
973,33	-8,4641
973,57	-12,29744
973,81	-2,9141
974,06	-2,8641
974,30	-20,0141
974,55	-17,18077
974,79	-5,0141
975,03	5,85256
975,28	-0,7141
975,52	-19,43077
975,76	-18,29744
976,01	-21,6141
976,25	-10,9141
976,50	-14,23077
976,74	-3,5141
976,98	2,16923
977,23	-3,88077
977,47	-4,68077
977,71	-10,23077
977,96	-19,1641
978,20	-38,09744
978,44	-47,2141
978,69	-20,1641
978,93	-7,9141
979,17	-1,5141
979,42	-11,23077
979,66	-13,1141
979,90	-4,0141
980,15	16,71923
980,39	21,2859
980,64	3,86923
980,88	-0,7141
981,12	0,06923
981,37	0,11923
981,61	-10,08077
981,85	-25,23077
982,10	-18,6141
982,34	-43,29744
982,58	-32,0141
982,83	-46,44744
983,07	-41,64744
983,31	-43,54744
983,56	-41,63077
983,80	-28,63077
984,04	-27,43077
984,29	-5,13077
984,53	-3,18077
984,77	-3,79744
985,02	-3,7141
985,26	-24,14744
985,50	-3,3641
985,75	-17,58077
985,99	0,50256
986,23	-23,33077
986,48	-18,9641
986,72	-21,78077
986,96	-3,2641
987,20	-1,59744
987,45	-5,63077
987,69	-31,1641
987,93	-23,24744
988,18	-8,58077
988,42	7,70256
988,66	4,11923
988,91	-9,7141
989,15	-15,79744
989,39	-27,49744
989,64	-33,99744
989,88	-31,58077
990,12	-26,78077
990,37	-15,24744
990,61	-15,54744
990,85	-22,69744
991,10	-33,43077
991,34	-34,14744
991,58	-29,03077
991,82	-27,7641
992,07	-30,13077
992,31	-24,04744
992,55	-30,58077
992,80	-35,98077
993,04	-29,1641
993,28	-3,38077
993,53	2,25256
993,77	-7,08077
994,01	-31,84744
994,25	-36,64744
994,50	-30,74744
994,74	-13,5141
994,98	-13,14744
995,23	-18,83077
995,47	-17,4141
995,71	-17,39744
995,95	-16,98077
996,20	-7,68077
996,44	0,3859
996,68	-4,38077
996,93	-25,89744
997,17	-28,1141
997,41	-19,93077
997,65	-24,3641
997,90	-33,54744
998,14	-40,3141
998,38	-25,6141
998,63	-21,94744
998,87	-21,63077
999,11	-34,64744
999,35	-30,94744
999,60	-37,93077
999,84	-32,0141
1000,08	-6,7641
1000,32	5,3359
1000,57	5,9859
1000,81	3,1359
1001,05	4,1359
1001,30	16,2359
1001,54	-2,84744
1001,78	11,7859
1002,02	4,6359
1002,27	9,9859
1002,51	-12,7641
1002,75	-13,64744
1002,99	-25,99744
1003,24	-25,93077
1003,48	-23,33077
1003,72	-34,98077
1003,96	-27,58077
1004,21	-23,09744
1004,45	3,81923
1004,69	6,25256
1004,93	1,25256
1005,18	-2,49744
1005,42	1,46923
1005,66	-10,1641
1005,90	-21,19744
1006,15	-38,48077
1006,39	-21,78077
1006,63	-1,38077
1006,87	14,55256
1007,12	6,80256
1007,36	2,2859
1007,60	6,6359
1007,84	-1,24744
1008,09	-6,68077
1008,33	-24,83077
1008,57	-14,78077
1008,81	-11,63077
1009,06	-9,48077
1009,30	-13,9641
1009,54	-11,03077
1009,78	-3,88077
1010,03	-0,5141
1010,27	-17,64744
1010,51	-15,54744
1010,75	-19,0141
1010,99	-4,38077
1011,24	-3,9641
1011,48	23,46923
1011,72	15,75256
1011,96	24,31923
1012,21	2,51923
1012,45	0,75256
1012,69	-7,6141
1012,93	-14,78077
1013,18	-7,8641
1013,42	-11,6641
1013,66	-4,38077
1013,90	-15,79744
1014,14	-13,9641
1014,39	-9,59744
1014,63	-6,94744
1014,87	0,85256
1015,11	-12,04744
1015,35	-28,3641
1015,60	-15,33077
1015,84	-4,34744
1016,08	4,1359
1016,32	-13,74744
1016,57	-27,18077
1016,81	-22,84744
1017,05	-19,68077
1017,29	-10,24744
1017,53	-10,8141
1017,78	-15,28077
1018,02	-25,99744
1018,26	-14,39744
1018,50	-21,34744
1018,74	-1,38077
1018,99	-14,63077
1019,23	-19,49744
1019,47	-35,54744
1019,71	-23,6141
1019,95	-9,03077
1020,20	-10,53077
1020,44	-22,44744
1020,68	-24,4141
1020,92	-5,99744
1021,16	-3,28077
1021,41	-5,29744
1021,65	-27,79744
1021,89	-34,08077
1022,13	-41,2141
1022,37	-38,38077
1022,61	-41,0141
1022,86	-45,48077
1023,10	-24,68077
1023,34	-19,9641
1023,58	-7,1141
1023,82	-32,79744
1024,07	-25,8641
1024,31	-16,9641
1024,55	-7,73077
1024,79	-3,33077
1025,03	-24,88077
1025,27	-19,3641
1025,52	-34,8141
1025,76	-33,34744
1026,00	-23,58077
1026,24	-19,48077
1026,48	-16,83077
1026,73	-23,08077
1026,97	2,50256
1027,21	10,5859
1027,45	12,0859
1027,69	-7,49744
1027,93	-1,0641
1028,18	-4,1641
1028,42	3,4359
1028,66	-0,7141
1028,90	3,7859
1029,14	-0,29744
1029,38	-13,04744
1029,62	-8,2141
1029,87	-7,19744
1030,11	9,8859
1030,35	-6,73077
1030,59	-7,44744
1030,83	-23,68077
1031,07	-26,74744
1031,32	-38,5141
1031,56	-14,73077
1031,80	1,36923
1032,04	17,65256
1032,28	-4,53077
1032,52	-8,4641
1032,76	-12,1141
1033,01	-12,53077
1033,25	-7,33077
1033,49	-10,9641
1033,73	-11,8641
1033,97	-30,43077
1034,21	-38,48077
1034,45	-42,64744
1034,70	-44,88077
1034,94	-31,44744
1035,18	57,9859
1035,42	68,41923
1035,66	82,00256
1035,90	9,50256
1036,14	-6,89744
1036,39	-9,69744
1036,63	-24,7641
1036,87	14,66923
1037,11	-1,6141
1037,35	4,86923
1037,59	-2,7641
1037,83	13,7859
1038,07	41,10256
1038,32	21,05256
1038,56	8,91923
1038,80	9,31923
1039,04	24,61923
1039,28	33,81923
1039,52	11,0359
1039,76	-4,7641
1040,00	-6,18077
1040,25	-20,13077
1040,49	-15,63077
1040,73	-21,03077
1040,97	-14,08077
1041,21	-2,48077
1041,45	2,65256
1041,69	22,36923
1041,93	0,70256
1042,17	-5,3141
1042,42	-24,99744
1042,66	-19,68077
1042,90	-11,68077
1043,14	-21,3141
1043,38	-9,1641
1043,62	-20,9141
1043,86	-10,94744
1044,10	-8,44744
1044,34	15,26923
1044,59	20,7859
1044,83	12,31923
1045,07	-7,54744
1045,31	-6,54744
1045,55	-12,58077
1045,79	-34,89744
1046,03	-28,64744
1046,27	-8,33077
1046,51	11,46923
1046,75	-4,28077
1047,00	-16,9641
1047,24	-11,33077
1047,48	-7,28077
1047,72	-4,6141
1047,96	-12,8641
1048,20	-0,99744
1048,44	3,10256
1048,68	2,30256
1048,92	-8,69744
1049,16	-27,7141
1049,40	-25,59744
1049,64	-29,04744
1049,89	-7,1141
1050,13	-3,34744
1050,37	25,5359
1050,61	24,01923
1050,85	36,15256
1051,09	18,56923
1051,33	16,2359
1051,57	18,41923
1051,81	15,5359
1052,05	17,10256
1052,29	23,55256
1052,53	13,5359
1052,77	34,15256
1053,02	19,35256
1053,26	35,6359
1053,50	17,16923
1053,74	9,5359
1053,98	7,26923
1054,22	-6,43077
1054,46	2,55256
1054,70	7,85256
1054,94	5,1859
1055,18	9,0359
1055,42	19,35256
1055,66	30,15256
1055,90	20,6359
1056,14	15,3859
1056,38	36,30256
1056,62	40,00256
1056,86	42,4859
1057,11	30,60256
1057,35	30,35256
1057,59	7,16923
1057,83	18,85256
1058,07	37,7859
1058,31	79,3359
1058,55	79,30256
1058,79	66,90256
1059,03	36,7359
1059,27	35,05256
1059,51	35,51923
1059,75	46,01923
1059,99	35,95256
1060,23	43,3859
1060,47	65,7359
1060,71	86,75256
1060,95	68,90256
1061,19	49,60256
1061,43	43,91923
1061,67	80,5859
1061,91	93,21923
1062,15	85,40256
1062,39	70,70256
1062,64	84,06923
1062,88	98,6859
1063,12	120,76923
1063,36	156,55256
1063,60	269,31923
1063,84	642,8859
1064,08	1675,60256
1064,32	3356,46923
1064,56	4543,36923
1064,80	4281,7359
1065,04	3184,66923
1065,28	1975,56923
1065,52	1437,05256
1065,76	919,2859
1066,00	709,30256
1066,24	546,1859
1066,48	476,71923
1066,72	412,0359
1066,96	366,1859
1067,20	305,56923
1067,44	269,10256
1067,68	235,90256
1067,92	209,86923
1068,16	192,60256
1068,40	185,9359
1068,64	186,4359
1068,88	174,3859
1069,12	149,0859
1069,36	147,9359
1069,60	126,7859
1069,84	155,06923
1070,08	138,80256
1070,32	149,46923
1070,56	120,30256
1070,80	113,7359
1071,04	149,5859
1071,28	146,75256
1071,52	148,9859
1071,76	91,3359
1072,00	91,75256
1072,24	74,05256
1072,48	73,25256
1072,72	64,7359
1072,96	75,81923
1073,20	55,16923
1073,44	60,9859
1073,68	52,3359
1073,92	65,90256
1074,16	41,41923
1074,40	32,5859
1074,64	19,3859
1074,88	18,7359
1075,12	25,70256
1075,36	24,66923
1075,60	31,75256
1075,84	17,10256
1076,08	18,1859
1076,32	7,7359
1076,56	0,90256
1076,80	-1,19744
1077,04	-14,89744
1077,28	-14,3641
1077,52	-26,84744
1077,76	-29,6141
1078,00	-19,89744
1078,24	11,16923
1078,48	22,85256
1078,71	15,70256
1078,95	-1,39744
1079,19	-11,9141
1079,43	-27,99744
1079,67	-30,4641
1079,91	-13,29744
1080,15	-3,64744
1080,39	-6,99744
1080,63	-6,68077
1080,87	-6,28077
1081,11	-7,4641
1081,35	-11,43077
1081,59	0,75256
1081,83	1,76923
1082,07	-13,0641
1082,31	-18,4641
1082,55	-21,24744
1082,79	-14,99744
1083,03	-11,18077
1083,27	-24,1141
1083,51	-18,19744
1083,75	-22,4641
1083,99	5,60256
1084,22	4,31923
1084,46	-3,33077
1084,70	-2,63077
1084,94	-8,28077
1085,18	-5,9641
1085,42	-30,83077
1085,66	-24,13077
1085,90	-26,63077
1086,14	-3,29744
1086,38	14,91923
1086,62	8,2359
1086,86	11,4859
1087,10	-7,58077
1087,34	5,40256
1087,58	-16,23077
1087,82	-20,14744
1088,06	-11,79744
1088,29	10,1359
1088,53	3,8359
1088,77	-11,4641
1089,01	-14,94744
1089,25	-7,34744
1089,49	-0,1141
1089,73	-13,84744
1089,97	-5,49744
1090,21	-12,48077
1090,45	-4,89744
1090,69	-15,63077
1090,93	-16,44744
1091,17	-32,24744
1091,40	-10,89744
1091,64	-15,5641
1091,88	-9,49744
1092,12	-32,99744
1092,36	-22,74744
1092,60	-22,43077
1092,84	-6,73077
1093,08	-0,1641
1093,32	7,1359
1093,56	4,5859
1093,80	17,01923
1094,04	12,35256
1094,27	1,11923
1094,51	-4,28077
1094,75	4,95256
1094,99	11,5359
1095,23	3,5859
1095,47	86,51923
1095,71	81,30256
1095,95	76,05256
1096,19	-15,6141
1096,43	-8,1141
1096,66	-26,98077
1096,90	-33,09744
1097,14	-33,6641
1097,38	-32,6641
1097,62	-23,68077
1097,86	-28,7641
1098,10	-9,6141
1098,34	-5,7641
1098,58	-11,04744
1098,81	-10,9641
1099,05	-8,99744
1099,29	18,2859
1099,53	26,56923
1099,77	20,7859
1100,01	-7,8141
1100,25	-13,94744
1100,49	-11,53077
1100,73	16,6859
1100,96	33,10256
1101,20	42,80256
1101,44	6,4859
1101,68	-6,3641
1101,92	-19,09744
1102,16	-5,68077
1102,40	-0,59744
1102,64	5,50256
1102,87	11,91923
1103,11	-4,48077
1103,35	-5,34744
1103,59	-15,34744
1103,83	-13,58077
1104,07	-4,34744
1104,31	-2,0641
1104,55	-3,14744
1104,78	-25,03077
1105,02	-13,53077
1105,26	-22,88077
1105,50	-9,99744
1105,74	-31,13077
1105,98	-20,14744
1106,22	-6,24744
1106,45	-0,03077
1106,69	-6,73077
1106,93	-18,44744
1107,17	-17,3641
1107,41	-17,83077
1107,65	-25,2641
1107,89	-18,8141
1108,12	-13,2141
1108,36	-29,13077
1108,60	-27,1641
1108,84	-22,44744
1109,08	-12,99744
1109,32	-13,03077
1109,55	-20,0141
1109,79	2,26923
1110,03	-7,18077
1110,27	-2,5141
1110,51	-19,84744
1110,75	-24,93077
1110,99	-27,2641
1111,22	-33,8641
1111,46	-30,44744
1111,70	-35,89744
1111,94	-47,8641
1112,18	-53,79744
1112,42	-47,99744
1112,65	-25,89744
1112,89	-10,53077
1113,13	-16,63077
1113,37	-13,19744
1113,61	-12,5141
1113,85	10,90256
1114,08	1,16923
1114,32	-9,89744
1114,56	-13,3641
1114,80	-12,13077
1115,04	3,51923
1115,28	-13,03077
1115,51	-6,4141
1115,75	-3,74744
1115,99	-1,44744
1116,23	-1,79744
1116,47	-2,33077
1116,70	-4,93077
1116,94	-17,69744
1117,18	-12,34744
1117,42	-17,5641
1117,66	0,46923
1117,90	-26,1641
1118,13	-25,79744
1118,37	-54,09744
1118,61	-48,0641
1118,85	-38,48077
1119,09	-36,14744
1119,32	-24,09744
1119,56	-20,39744
1119,80	-24,98077
1120,04	-42,04744
1120,28	-32,59744
1120,51	-24,98077
1120,75	-15,84744
1120,99	-36,58077