194,56	-186,23846
194,83	-186,23846
195,09	-186,57179
195,36	-123,08846
195,63	-62,00513
195,90	-4,40513
196,17	-18,27179
196,44	-30,88846
196,71	-18,98846
196,97	-4,42179
197,24	18,22821
197,51	-5,67179
197,78	5,32821
198,05	8,71154
198,32	22,57821
198,59	4,89487
198,86	4,94487
199,12	-0,15513
199,39	8,02821
199,66	12,24487
199,93	27,01154
200,20	26,67821
200,47	4,46154
200,74	2,36154
201,00	-4,37179
201,27	5,89487
201,54	-8,95513
201,81	14,42821
202,08	-4,95513
202,35	10,07821
202,61	2,34487
202,88	51,44487
203,15	30,49487
203,42	19,29487
203,69	-13,22179
203,96	-2,13846
204,23	0,66154
204,49	-4,42179
204,76	22,77821
205,03	35,86154
205,30	39,34487
205,57	17,76154
205,84	17,77821
206,10	40,21154
206,37	48,44487
206,64	52,12821
206,91	45,07821
207,18	31,89487
207,45	27,91154
207,71	13,74487
207,98	29,37821
208,25	13,86154
208,52	6,47821
208,79	-5,50513
209,06	3,51154
209,32	17,04487
209,59	25,32821
209,86	-1,45513
210,13	3,79487
210,40	14,46154
210,67	44,91154
210,93	39,14487
211,20	13,01154
211,47	9,41154
211,74	29,39487
212,01	32,34487
212,28	48,81154
212,54	51,42821
212,81	55,56154
213,08	41,22821
213,35	32,72821
213,62	44,51154
213,88	54,99487
214,15	41,99487
214,42	30,89487
214,69	33,44487
214,96	36,29487
215,23	61,82821
215,49	45,04487
215,76	45,09487
216,03	37,41154
216,30	27,86154
216,57	13,99487
216,83	9,46154
217,10	13,64487
217,37	31,34487
217,64	53,69487
217,91	66,54487
218,17	35,66154
218,44	-11,18846
218,71	-15,83846
218,98	8,99487
219,25	43,31154
219,51	49,41154
219,78	45,81154
220,05	29,57821
220,32	16,86154
220,59	20,89487
220,85	20,24487
221,12	37,62821
221,39	53,67821
221,66	55,06154
221,93	32,89487
222,19	9,01154
222,46	23,24487
222,73	41,51154
223,00	60,77821
223,27	43,27821
223,53	39,51154
223,80	33,21154
224,07	44,84487
224,34	58,61154
224,61	50,27821
224,87	30,41154
225,14	1,34487
225,41	4,19487
225,68	30,19487
225,94	46,26154
226,21	50,67821
226,48	31,46154
226,75	33,91154
227,02	17,61154
227,28	25,16154
227,55	10,41154
227,82	22,96154
228,09	-1,43846
228,36	-3,53846
228,62	-0,30513
228,89	22,14487
229,16	30,01154
229,43	25,32821
229,69	21,57821
229,96	24,74487
230,23	15,69487
230,50	23,41154
230,76	12,32821
231,03	18,87821
231,30	22,06154
231,57	31,37821
231,84	30,12821
232,10	16,42821
232,37	19,24487
232,64	9,16154
232,91	13,89487
233,17	21,27821
233,44	32,01154
233,71	32,46154
233,98	12,51154
234,24	12,11154
234,51	32,81154
234,78	43,22821
235,05	56,79487
235,31	37,17821
235,58	32,31154
235,85	11,09487
236,12	-3,82179
236,39	20,06154
236,65	33,76154
236,92	80,32821
237,19	71,62821
237,46	102,87821
237,72	73,71154
237,99	52,07821
238,26	20,34487
238,53	39,24487
238,79	41,66154
239,06	37,89487
239,33	7,97821
239,60	2,29487
239,86	-9,75513
240,13	-11,28846
240,40	-13,07179
240,67	16,19487
240,93	27,07821
241,20	28,81154
241,47	6,91154
241,73	8,71154
242,00	16,01154
242,27	23,92821
242,54	22,86154
242,80	21,82821
243,07	26,11154
243,34	26,09487
243,61	60,54487
243,87	42,67821
244,14	39,36154
244,41	0,72821
244,68	13,22821
244,94	16,07821
245,21	27,31154
245,48	34,67821
245,74	28,62821
246,01	39,62821
246,28	30,39487
246,55	26,92821
246,81	2,79487
247,08	5,26154
247,35	17,81154
247,62	19,92821
247,88	3,69487
248,15	9,24487
248,42	46,59487
248,68	53,46154
248,95	37,24487
249,22	8,77821
249,49	17,22821
249,75	18,62821
250,02	27,37821
250,29	21,44487
250,56	38,36154
250,82	47,07821
251,09	51,46154
251,36	54,97821
251,62	30,87821
251,89	33,31154
252,16	47,19487
252,43	72,07821
252,69	65,67821
252,96	34,07821
253,23	25,06154
253,49	28,84487
253,76	37,42821
254,03	56,07821
254,29	57,69487
254,56	55,79487
254,83	29,36154
255,10	8,79487
255,36	6,52821
255,63	16,72821
255,90	40,77821
256,16	43,66154
256,43	21,87821
256,70	28,21154
256,96	25,81154
257,23	36,67821
257,50	27,06154
257,77	37,91154
258,03	36,76154
258,30	44,81154
258,57	20,96154
258,83	25,41154
259,10	16,07821
259,37	19,86154
259,63	8,84487
259,90	23,79487
260,17	24,39487
260,43	32,02821
260,70	15,29487
260,97	36,71154
261,24	41,34487
261,50	43,09487
261,77	29,34487
262,04	17,36154
262,30	9,41154
262,57	3,71154
262,84	16,72821
263,10	43,16154
263,37	57,84487
263,64	38,82821
263,90	15,24487
264,17	4,27821
264,44	10,24487
264,70	10,14487
264,97	23,52821
265,24	48,17821
265,50	62,57821
265,77	63,01154
266,04	44,49487
266,30	31,11154
266,57	8,47821
266,84	7,56154
267,10	10,56154
267,37	41,71154
267,64	46,14487
267,90	57,02821
268,17	45,71154
268,44	35,02821
268,70	14,19487
268,97	-12,35513
269,24	0,27821
269,50	15,47821
269,77	35,76154
270,04	43,86154
270,30	34,92821
270,57	42,54487
270,84	17,17821
271,10	33,06154
271,37	20,81154
271,64	48,86154
271,90	73,94487
272,17	77,16154
272,44	65,16154
272,70	33,86154
272,97	27,29487
273,24	19,49487
273,50	26,89487
273,77	41,64487
274,04	45,97821
274,30	36,31154
274,57	23,09487
274,84	38,46154
275,10	38,87821
275,37	41,51154
275,64	22,29487
275,90	7,77821
276,17	0,52821
276,43	10,91154
276,70	10,64487
276,97	6,82821
277,23	19,51154
277,50	23,51154
277,77	16,39487
278,03	-20,27179
278,30	-5,80513
278,57	-2,22179
278,83	8,86154
279,10	12,89487
279,37	9,72821
279,63	9,56154
279,90	13,44487
280,16	33,69487
280,43	50,96154
280,70	43,97821
280,96	58,99487
281,23	54,16154
281,50	40,24487
281,76	19,69487
282,03	19,59487
282,29	28,52821
282,56	30,12821
282,83	18,86154
283,09	8,46154
283,36	13,96154
283,63	22,49487
283,89	31,82821
284,16	32,74487
284,42	36,99487
284,69	40,72821
284,96	34,71154
285,22	26,89487
285,49	28,29487
285,76	30,51154
286,02	53,61154
286,29	61,39487
286,55	56,86154
286,82	31,92821
287,09	10,77821
287,35	26,34487
287,62	19,19487
287,88	27,52821
288,15	2,26154
288,42	0,11154
288,68	10,92821
288,95	21,66154
289,22	40,39487
289,48	35,39487
289,75	39,21154
290,01	39,72821
290,28	19,56154
290,55	25,61154
290,81	9,97821
291,08	33,57821
291,34	43,04487
291,61	60,32821
291,88	57,91154
292,14	28,06154
292,41	23,21154
292,67	39,97821
292,94	58,76154
293,21	56,56154
293,47	44,59487
293,74	45,02821
294,00	28,64487
294,27	10,47821
294,54	-1,15513
294,80	17,49487
295,07	40,94487
295,33	36,12821
295,60	36,69487
295,86	19,46154
296,13	14,06154
296,40	-0,18846
296,66	10,19487
296,93	54,47821
297,19	74,39487
297,46	67,82821
297,73	48,12821
297,99	33,24487
298,26	20,39487
298,52	4,92821
298,79	9,51154
299,05	1,34487
299,32	20,81154
299,59	34,46154
299,85	53,44487
300,12	41,76154
300,38	28,52821
300,65	21,07821
300,92	30,34487
301,18	30,27821
301,45	49,91154
301,71	32,84487
301,98	44,89487
302,24	52,99487
302,51	68,02821
302,78	68,52821
303,04	49,51154
303,31	56,51154
303,57	63,67821
303,84	64,57821
304,10	43,71154
304,37	40,16154
304,63	54,02821
304,90	73,56154
305,17	77,17821
305,43	64,31154
305,70	79,64487
305,96	74,69487
306,23	75,27821
306,49	66,72821
306,76	67,11154
307,03	69,97821
307,29	56,92821
307,56	68,69487
307,82	74,66154
308,09	82,66154
308,35	74,87821
308,62	89,06154
308,88	79,39487
309,15	84,82821
309,42	73,36154
309,68	80,96154
309,95	77,76154
310,21	64,69487
310,48	63,74487
310,74	63,49487
311,01	88,17821
311,27	80,24487
311,54	69,04487
311,80	55,97821
312,07	84,81154
312,34	107,84487
312,60	104,19487
312,87	108,47821
313,13	120,99487
313,40	121,12821
313,66	111,22821
313,93	83,49487
314,19	104,59487
314,46	96,39487
314,72	108,77821
314,99	91,94487
315,25	79,62821
315,52	60,66154
315,78	57,46154
316,05	60,91154
316,32	66,11154
316,58	66,27821
316,85	78,34487
317,11	82,07821
317,38	81,26154
317,64	77,97821
317,91	73,54487
318,17	73,07821
318,44	73,11154
318,70	69,74487
318,97	78,76154
319,23	97,41154
319,50	100,49487
319,76	96,31154
320,03	75,54487
320,29	88,99487
320,56	93,66154
320,82	104,42821
321,09	104,44487
321,36	118,72821
321,62	112,44487
321,89	103,61154
322,15	86,04487
322,42	88,69487
322,68	103,24487
322,95	129,37821
323,21	143,62821
323,48	134,12821
323,74	117,94487
324,01	109,64487
324,27	103,24487
324,54	95,74487
324,80	103,94487
325,07	116,94487
325,33	131,44487
325,60	115,52821
325,86	120,81154
326,13	113,71154
326,39	125,47821
326,66	117,02821
326,92	119,86154
327,19	120,86154
327,45	117,66154
327,72	122,11154
327,98	118,87821
328,25	133,14487
328,51	125,19487
328,78	127,26154
329,04	123,67821
329,31	122,12821
329,57	115,37821
329,84	113,31154
330,10	124,21154
330,37	147,39487
330,63	145,01154
330,90	141,19487
331,16	138,29487
331,43	146,02821
331,69	162,64487
331,96	168,67821
332,22	170,59487
332,49	174,42821
332,75	159,67821
333,01	148,71154
333,28	134,19487
333,54	136,51154
333,81	165,52821
334,07	170,62821
334,34	164,19487
334,60	155,49487
334,87	163,39487
335,13	194,66154
335,40	184,37821
335,66	175,91154
335,93	159,42821
336,19	163,76154
336,46	179,96154
336,72	167,92821
336,99	166,96154
337,25	158,16154
337,52	169,71154
337,78	189,79487
338,05	181,56154
338,31	193,77821
338,57	195,82821
338,84	198,52821
339,10	196,79487
339,37	187,56154
339,63	202,59487
339,90	205,71154
340,16	204,66154
340,43	193,19487
340,69	198,57821
340,96	192,02821
341,22	206,37821
341,49	181,99487
341,75	187,69487
342,01	187,21154
342,28	208,04487
342,54	237,89487
342,81	252,59487
343,07	269,39487
343,34	250,84487
343,60	255,19487
343,87	230,96154
344,13	235,17821
344,40	243,64487
344,66	264,82821
344,92	294,81154
345,19	281,81154
345,45	286,12821
345,72	287,71154
345,98	300,42821
346,25	304,14487
346,51	299,87821
346,78	295,16154
347,04	308,72821
347,30	295,31154
347,57	300,57821
347,83	287,52821
348,10	298,56154
348,36	305,76154
348,63	321,51154
348,89	322,22821
349,15	323,81154
349,42	315,96154
349,68	309,34487
349,95	305,47821
350,21	320,39487
350,48	334,77821
350,74	345,54487
351,01	334,29487
351,27	332,07821
351,53	323,86154
351,80	319,86154
352,06	325,89487
352,33	329,76154
352,59	332,12821
352,86	334,31154
353,12	352,62821
353,38	397,21154
353,65	398,09487
353,91	402,39487
354,18	404,69487
354,44	452,79487
354,70	459,99487
354,97	449,36154
355,23	439,97821
355,50	447,21154
355,76	480,31154
356,03	493,69487
356,29	533,52821
356,55	532,59487
356,82	525,61154
357,08	500,12821
357,35	492,24487
357,61	512,21154
357,87	526,51154
358,14	531,71154
358,40	526,87821
358,67	553,71154
358,93	584,56154
359,20	622,02821
359,46	625,07821
359,72	607,42821
359,99	564,14487
360,25	547,14487
360,52	546,29487
360,78	556,62821
361,04	557,66154
361,31	539,49487
361,57	518,84487
361,84	502,81154
362,10	504,69487
362,36	509,14487
362,63	516,96154
362,89	519,26154
363,16	527,69487
363,42	534,64487
363,68	533,97821
363,95	538,67821
364,21	517,12821
364,47	518,79487
364,74	503,44487
365,00	490,87821
365,27	466,71154
365,53	455,42821
365,79	462,06154
366,06	472,59487
366,32	482,14487
366,59	451,07821
366,85	436,49487
367,11	414,04487
367,38	428,32821
367,64	427,22821
367,91	426,31154
368,17	410,96154
368,43	395,27821
368,70	393,32821
368,96	394,57821
369,22	422,49487
369,49	432,29487
369,75	435,44487
370,02	425,11154
370,28	415,64487
370,54	423,39487
370,81	416,77821
371,07	419,49487
371,33	451,61154
371,60	430,52821
371,86	420,27821
372,13	382,01154
372,39	391,79487
372,65	403,77821
372,92	409,09487
373,18	427,12821
373,44	413,19487
373,71	390,32821
373,97	364,01154
374,23	370,99487
374,50	404,72821
374,76	417,94487
375,03	421,72821
375,29	412,39487
375,55	419,12821
375,82	413,34487
376,08	408,56154
376,34	437,22821
376,61	429,27821
376,87	418,24487
377,13	373,17821
377,40	390,51154
377,66	427,74487
377,92	464,52821
378,19	481,24487
378,45	484,24487
378,72	463,69487
378,98	463,31154
379,24	444,87821
379,51	463,02821
379,77	457,94487
380,03	434,66154
380,30	449,64487
380,56	452,69487
380,82	497,46154
381,09	490,16154
381,35	500,57821
381,61	477,56154
381,88	478,01154
382,14	477,57821
382,40	489,29487
382,67	480,56154
382,93	466,51154
383,19	451,16154
383,46	447,82821
383,72	451,76154
383,98	451,39487
384,25	463,29487
384,51	466,92821
384,77	464,17821
385,04	457,12821
385,30	439,27821
385,56	467,12821
385,83	488,74487
386,09	512,16154
386,35	512,27821
386,62	504,72821
386,88	523,74487
387,14	528,61154
387,41	524,14487
387,67	524,11154
387,93	533,52821
388,20	547,44487
388,46	544,56154
388,72	546,76154
388,99	545,44487
389,25	546,67821
389,51	539,96154
389,78	547,06154
390,04	570,29487
390,30	604,04487
390,56	619,16154
390,83	598,94487
391,09	570,72821
391,35	531,01154
391,62	519,14487
391,88	508,09487
392,14	517,11154
392,41	510,64487
392,67	481,99487
392,93	466,72821
393,20	438,94487
393,46	442,04487
393,72	418,46154
393,99	404,81154
394,25	405,04487
394,51	394,01154
394,77	416,86154
395,04	408,37821
395,30	430,34487
395,56	430,94487
395,83	424,64487
396,09	420,29487
396,35	425,59487
396,62	423,86154
396,88	444,79487
397,14	427,32821
397,40	468,19487
397,67	466,66154
397,93	469,79487
398,19	452,56154
398,46	448,92821
398,72	460,76154
398,98	462,91154
399,24	459,36154
399,51	459,41154
399,77	459,21154
400,03	449,09487
400,30	427,84487
400,56	455,91154
400,82	469,67821
401,08	474,72821
401,35	444,31154
401,61	452,94487
401,87	455,74487
402,14	470,84487
402,40	460,72821
402,66	470,84487
402,92	434,14487
403,19	423,17821
403,45	435,34487
403,71	449,51154
403,98	460,24487
404,24	452,19487
404,50	458,36154
404,76	485,56154
405,03	505,79487
405,29	536,11154
405,55	540,61154
405,81	575,89487
406,08	580,54487
406,34	588,61154
406,60	579,84487
406,87	612,91154
407,13	651,44487
407,39	650,66154
407,65	600,11154
407,92	533,52821
408,18	492,72821
408,44	490,59487
408,70	487,07821
408,97	498,66154
409,23	501,47821
409,49	498,09487
409,75	478,81154
410,02	458,12821
410,28	435,67821
410,54	431,97821
410,80	434,42821
411,07	447,81154
411,33	454,27821
411,59	427,62821
411,85	441,07821
412,12	447,82821
412,38	467,17821
412,64	449,04487
412,90	425,96154
413,17	423,71154
413,43	415,76154
413,69	428,84487
413,95	423,96154
414,22	420,04487
414,48	386,57821
414,74	367,79487
415,00	363,52821
415,27	371,92821
415,53	391,82821
415,79	390,39487
416,05	398,17821
416,32	392,72821
416,58	419,61154
416,84	434,29487
417,10	422,51154
417,37	405,21154
417,63	394,31154
417,89	410,01154
418,15	399,59487
418,41	386,54487
418,68	379,89487
418,94	393,49487
419,20	394,47821
419,46	406,61154
419,73	402,12821
419,99	415,96154
420,25	403,39487
420,51	450,19487
420,78	448,22821
421,04	430,37821
421,30	365,31154
421,56	371,16154
421,82	388,56154
422,09	413,52821
422,35	396,44487
422,61	399,86154
422,87	479,74487
423,14	473,77821
423,40	471,74487
423,66	371,19487
423,92	391,69487
424,18	389,72821
424,45	392,01154
424,71	377,47821
424,97	384,52821
425,23	382,02821
425,49	382,62821
425,76	388,76154
426,02	407,49487
426,28	418,97821
426,54	409,41154
426,81	406,16154
427,07	397,51154
427,33	387,86154
427,59	384,54487
427,85	381,02821
428,12	391,11154
428,38	392,52821
428,64	390,09487
428,90	380,22821
429,16	379,26154
429,43	382,74487
429,69	388,64487
429,95	393,91154
430,21	406,52821
430,47	436,06154
430,74	425,67821
431,00	422,47821
431,26	388,66154
431,52	403,92821
431,78	417,49487
432,05	459,16154
432,31	496,99487
432,57	485,62821
432,83	446,09487
433,09	400,39487
433,35	394,94487
433,62	388,91154
433,88	379,59487
434,14	374,61154
434,40	372,77821
434,66	383,06154
434,93	381,97821
435,19	393,42821
435,45	386,12821
435,71	413,92821
435,97	421,81154
436,23	424,34487
436,50	410,07821
436,76	403,42821
437,02	411,56154
437,28	399,17821
437,54	408,81154
437,81	399,37821
438,07	399,31154
438,33	389,51154
438,59	379,84487
438,85	388,24487
439,11	369,47821
439,38	393,42821
439,64	382,31154
439,90	396,76154
440,16	384,49487
440,42	386,66154
440,68	394,77821
440,95	384,32821
441,21	404,99487
441,47	419,72821
441,73	429,44487
441,99	428,19487
442,25	417,06154
442,52	434,97821
442,78	425,04487
443,04	433,01154
443,30	427,24487
443,56	444,51154
443,82	450,09487
444,08	468,59487
444,35	470,84487
444,61	468,71154
444,87	435,31154
445,13	439,74487
445,39	413,94487
445,65	424,26154
445,92	381,84487
446,18	397,74487
446,44	402,02821
446,70	430,22821
446,96	443,61154
447,22	460,69487
447,48	469,31154
447,75	476,61154
448,01	490,24487
448,27	475,91154
448,53	469,32821
448,79	466,02821
449,05	486,97821
449,31	493,94487
449,58	494,54487
449,84	488,01154
450,10	480,52821
450,36	442,12821
450,62	425,39487
450,88	408,67821
451,14	402,24487
451,41	381,07821
451,67	363,26154
451,93	367,46154
452,19	384,17821
452,45	407,87821
452,71	407,16154
452,97	384,26154
453,23	389,71154
453,50	392,06154
453,76	407,04487
454,02	391,57821
454,28	390,82821
454,54	394,02821
454,80	402,64487
455,06	400,42821
455,32	398,37821
455,59	382,01154
455,85	382,59487
456,11	380,79487
456,37	385,51154
456,63	386,82821
456,89	389,11154
457,15	412,71154
457,41	414,81154
457,68	430,62821
457,94	410,51154
458,20	416,56154
458,46	420,17821
458,72	436,54487
458,98	451,97821
459,24	456,17821
459,50	463,62821
459,76	462,19487
460,03	446,64487
460,29	450,41154
460,55	462,67821
460,81	482,27821
461,07	478,27821
461,33	503,62821
461,59	531,59487
461,85	520,51154
462,11	487,94487
462,37	464,54487
462,64	473,01154
462,90	464,67821
463,16	455,36154
463,42	472,57821
463,68	475,94487
463,94	469,97821
464,20	453,87821
464,46	447,41154
464,72	469,31154
464,98	464,12821
465,24	483,87821
465,51	467,91154
465,77	471,31154
466,03	444,32821
466,29	441,14487
466,55	427,09487
466,81	432,77821
467,07	435,21154
467,33	443,09487
467,59	468,09487
467,85	460,71154
468,11	450,37821
468,38	413,92821
468,64	424,21154
468,90	415,12821
469,16	423,31154
469,42	409,04487
469,68	413,77821
469,94	427,24487
470,20	434,02821
470,46	432,54487
470,72	421,94487
470,98	407,14487
471,24	417,09487
471,50	415,96154
471,77	426,94487
472,03	431,67821
472,29	416,69487
472,55	416,19487
472,81	426,27821
473,07	436,12821
473,33	419,14487
473,59	412,34487
473,85	410,74487
474,11	425,57821
474,37	421,81154
474,63	421,94487
474,89	445,11154
475,15	467,96154
475,41	503,71154
475,68	503,76154
475,94	500,64487
476,20	497,69487
476,46	517,81154
476,72	517,19487
476,98	537,37821
477,24	538,09487
477,50	568,36154
477,76	609,04487
478,02	684,44487
478,28	769,77821
478,54	826,17821
478,80	885,09487
479,06	930,64487
479,32	995,41154
479,58	1037,46154
479,84	1109,06154
480,10	1101,07821
480,36	1052,79487
480,63	948,87821
480,89	859,14487
481,15	813,06154
481,41	769,31154
481,67	765,82821
481,93	734,89487
482,19	701,22821
482,45	669,29487
482,71	638,26154
482,97	616,97821
483,23	598,37821
483,49	589,01154
483,75	598,11154
484,01	594,54487
484,27	588,82821
484,53	594,71154
484,79	641,62821
485,05	647,89487
485,31	646,89487
485,57	596,17821
485,83	605,12821
486,09	593,82821
486,35	599,16154
486,61	587,54487
486,87	587,72821
487,13	600,24487
487,39	620,34487
487,65	650,74487
487,91	659,87821
488,17	652,29487
488,43	626,72821
488,70	629,67821
488,96	642,94487
489,22	646,72821
489,48	647,77821
489,74	651,92821
490,00	674,77821
490,26	673,97821
490,52	699,62821
490,78	705,96154
491,04	722,04487
491,30	719,86154
491,56	725,01154
491,82	716,42821
492,08	704,54487
492,34	710,84487
492,60	726,52821
492,86	735,67821
493,12	746,51154
493,38	773,57821
493,64	807,76154
493,90	816,26154
494,16	800,19487
494,42	795,04487
494,68	808,62821
494,94	846,64487
495,20	876,84487
495,46	882,71154
495,72	875,17821
495,98	862,49487
496,24	856,67821
496,50	866,64487
496,76	896,36154
497,02	921,16154
497,28	937,77821
497,54	957,54487
497,80	972,09487
498,06	975,72821
498,32	955,56154
498,58	964,04487
498,84	968,82821
499,10	982,12821
499,36	1006,82821
499,62	1037,94487
499,88	1073,16154
500,14	1082,17821
500,40	1076,81154
500,66	1084,72821
500,92	1101,22821
501,18	1105,77821
501,44	1088,06154
501,69	1068,22821
501,95	1076,51154
502,21	1065,71154
502,47	1040,76154
502,73	1000,06154
502,99	989,17821
503,25	985,34487
503,51	989,56154
503,77	976,36154
504,03	975,22821
504,29	989,22821
504,55	1005,29487
504,81	1000,09487
505,07	976,77821
505,33	966,94487
505,59	967,07821
505,85	985,41154
506,11	984,36154
506,37	983,91154
506,63	963,99487
506,89	964,76154
507,15	974,87821
507,41	974,24487
507,67	968,72821
507,93	951,49487
508,19	944,06154
508,45	946,12821
508,71	945,77821
508,97	939,32821
509,23	926,66154
509,49	951,32821
509,74	982,06154
510,00	989,46154
510,26	976,69487
510,52	954,14487
510,78	962,42821
511,04	947,71154
511,30	976,19487
511,56	969,24487
511,82	974,49487
512,08	949,62821
512,34	974,44487
512,60	974,34487
512,86	991,34487
513,12	976,76154
513,38	989,59487
513,64	1009,66154
513,90	1029,97821
514,16	1078,46154
514,42	1101,46154
514,67	1116,86154
514,93	1106,77821
515,19	1093,32821
515,45	1087,16154
515,71	1068,16154
515,97	1065,16154
516,23	1045,62821
516,49	1028,71154
516,75	1014,64487
517,01	1019,29487
517,27	1011,37821
517,53	997,29487
517,79	981,16154
518,05	976,69487
518,31	985,51154
518,56	990,14487
518,82	994,29487
519,08	966,96154
519,34	949,82821
519,60	931,24487
519,86	950,04487
520,12	948,01154
520,38	945,51154
520,64	946,42821
520,90	969,27821
521,16	980,26154
521,42	983,02821
521,68	990,41154
521,93	1077,94487
522,19	1152,27821
522,45	1235,67821
522,71	1251,94487
522,97	1289,17821
523,23	1297,72821
523,49	1375,17821
523,75	1430,42821
524,01	1421,92821
524,27	1302,07821
524,53	1192,46154
524,79	1137,42821
525,04	1114,29487
525,30	1065,87821
525,56	1028,71154
525,82	994,44487
526,08	993,42821
526,34	976,06154
526,60	1000,67821
526,86	986,39487
527,12	991,41154
527,38	955,86154
527,63	947,19487
527,89	933,39487
528,15	928,49487
528,41	921,07821
528,67	923,57821
528,93	936,09487
529,19	925,19487
529,45	911,02821
529,71	895,72821
529,97	907,31154
530,22	928,67821
530,48	944,92821
530,74	946,64487
531,00	949,12821
531,26	960,07821
531,52	970,87821
531,78	960,67821
532,04	961,36154
532,30	952,32821
532,55	991,82821
532,81	992,24487
533,07	987,31154
533,33	951,92821
533,59	925,04487
533,85	910,71154
534,11	932,64487
534,37	952,79487
534,62	971,26154
534,88	927,57821
535,14	902,22821
535,40	894,21154
535,66	913,99487
535,92	921,99487
536,18	934,12821
536,44	930,17821
536,69	923,07821
536,95	917,31154
537,21	924,07821
537,47	947,76154
537,73	966,96154
537,99	957,97821
538,25	945,31154
538,51	927,29487
538,76	931,42821
539,02	934,42821
539,28	950,16154
539,54	946,41154
539,80	936,51154
540,06	925,69487
540,32	945,62821
540,57	961,97821
540,83	969,49487
541,09	942,32821
541,35	924,16154
541,61	911,61154
541,87	911,19487
542,13	935,12821
542,38	949,62821
542,64	952,86154
542,90	939,62821
543,16	905,92821
543,42	908,66154
543,68	889,94487
543,94	896,77821
544,19	892,37821
544,45	904,37821
544,71	899,27821
544,97	898,64487
545,23	878,37821
545,49	874,61154
545,74	844,87821
546,00	856,37821
546,26	828,04487
546,52	865,69487
546,78	866,92821
547,04	890,81154
547,29	870,64487
547,55	853,62821
547,81	847,77821
548,07	844,01154
548,33	837,92821
548,59	836,87821
548,84	835,36154
549,10	838,91154
549,36	833,79487
549,62	835,52821
549,88	840,77821
550,14	850,21154
550,39	844,94487
550,65	859,11154
550,91	865,24487
551,17	869,42821
551,43	861,47821
551,69	864,74487
551,94	886,59487
552,20	900,12821
552,46	905,19487
552,72	895,31154
552,98	884,36154
553,24	880,72821
553,49	879,47821
553,75	881,59487
554,01	887,34487
554,27	895,34487
554,53	916,92821
554,78	920,42821
555,04	914,17821
555,30	908,41154
555,56	902,99487
555,82	930,89487
556,07	942,17821
556,33	962,11154
556,59	959,01154
556,85	969,07821
557,11	994,56154
557,37	1007,86154
557,62	993,47821
557,88	972,16154
558,14	985,66154
558,40	986,16154
558,66	991,52821
558,91	966,27821
559,17	975,07821
559,43	981,34487
559,69	969,74487
559,95	955,44487
560,20	930,57821
560,46	951,99487
560,72	959,66154
560,98	977,86154
561,24	938,22821
561,49	927,79487
561,75	902,57821
562,01	916,71154
562,27	916,92821
562,52	915,79487
562,78	910,09487
563,04	907,59487
563,30	894,77821
563,56	893,67821
563,81	904,07821
564,07	938,77821
564,33	982,04487
564,59	990,54487
564,85	1000,32821
565,10	1030,11154
565,36	1051,56154
565,62	1084,97821
565,88	1051,57821
566,13	1071,34487
566,39	1062,64487
566,65	1085,57821
566,91	1082,02821
567,17	1061,46154
567,42	1057,12821
567,68	1027,66154
567,94	1028,11154
568,20	999,42821
568,45	995,44487
568,71	971,96154
568,97	944,54487
569,23	953,46154
569,49	949,42821
569,74	957,34487
570,00	907,29487
570,26	906,59487
570,52	902,64487
570,77	931,49487
571,03	948,61154
571,29	961,32821
571,55	967,12821
571,80	935,79487
572,06	914,44487
572,32	898,14487
572,58	937,21154
572,83	953,26154
573,09	941,62821
573,35	919,86154
573,61	900,57821
573,86	899,81154
574,12	873,11154
574,38	885,79487
574,64	881,97821
574,89	905,76154
575,15	931,22821
575,41	944,71154
575,67	941,01154
575,92	917,72821
576,18	929,37821
576,44	933,19487
576,70	929,24487
576,95	908,96154
577,21	893,27821
577,47	894,44487
577,73	903,39487
577,98	901,17821
578,24	891,96154
578,50	876,04487
578,76	876,84487
579,01	857,14487
579,27	843,56154
579,53	846,06154
579,79	843,22821
580,04	832,59487
580,30	792,39487
580,56	771,71154
580,81	767,74487
581,07	779,97821
581,33	785,76154
581,59	788,09487
581,84	806,81154
582,10	835,21154
582,36	862,77821
582,62	895,32821
582,87	933,64487
583,13	999,52821
583,39	1024,14487
583,64	1048,02821
583,90	1029,07821
584,16	1056,34487
584,42	1076,37821
584,67	1080,07821
584,93	1043,14487
585,19	992,14487
585,45	963,12821
585,70	934,57821
585,96	928,51154
586,22	912,57821
586,47	900,66154
586,73	899,44487
586,99	899,46154
587,25	911,29487
587,50	890,67821
587,76	874,09487
588,02	859,17821
588,27	863,64487
588,53	888,21154
588,79	880,62821
589,04	863,77821
589,30	861,09487
589,56	860,71154
589,82	876,69487
590,07	860,74487
590,33	857,19487
590,59	842,54487
590,84	841,72821
591,10	849,47821
591,36	857,21154
591,61	853,01154
591,87	856,56154
592,13	851,94487
592,39	852,32821
592,64	849,31154
592,90	836,29487
593,16	831,84487
593,41	830,77821
593,67	838,67821
593,93	836,99487
594,18	842,89487
594,44	857,79487
594,70	861,27821
594,95	870,02821
595,21	884,64487
595,47	889,07821
595,73	881,76154
595,98	870,97821
596,24	874,91154
596,50	855,01154
596,75	843,49487
597,01	829,77821
597,27	813,02821
597,52	782,77821
597,78	756,52821
598,04	745,82821
598,29	709,32821
598,55	698,91154
598,81	672,24487
599,06	679,12821
599,32	655,72821
599,58	670,32821
599,83	648,07821
600,09	649,12821
600,35	629,84487
600,60	629,56154
600,86	631,29487
601,12	633,21154
601,37	640,11154
601,63	618,91154
601,89	600,92821
602,14	592,59487
602,40	594,89487
602,66	595,92821
602,91	579,24487
603,17	587,59487
603,43	597,19487
603,68	619,67821
603,94	606,24487
604,20	594,97821
604,45	576,47821
604,71	578,11154
604,97	580,76154
605,22	586,37821
605,48	587,29487
605,74	597,84487
605,99	598,36154
606,25	594,66154
606,51	579,97821
606,76	562,36154
607,02	575,26154
607,27	566,92821
607,53	584,54487
607,79	578,44487
608,04	567,89487
608,30	553,39487
608,56	538,26154
608,81	561,14487
609,07	562,86154
609,33	589,89487
609,58	598,46154
609,84	607,87821
610,10	589,91154
610,35	561,97821
610,61	554,04487
610,86	539,74487
611,12	541,96154
611,38	529,36154
611,63	527,49487
611,89	530,51154
612,15	542,96154
612,40	533,57821
612,66	514,67821
612,92	490,79487
613,17	517,79487
613,43	540,19487
613,68	557,27821
613,94	537,49487
614,20	524,87821
614,45	511,52821
614,71	529,22821
614,97	516,71154
615,22	520,56154
615,48	507,07821
615,73	518,86154
615,99	526,07821
616,25	530,61154
616,50	538,86154
616,76	534,37821
617,01	537,44487
617,27	516,76154
617,53	518,81154
617,78	533,59487
618,04	553,32821
618,30	564,44487
618,55	532,24487
618,81	531,06154
619,06	513,11154
619,32	522,97821
619,58	515,72821
619,83	523,42821
620,09	513,77821
620,34	513,51154
620,60	504,21154
620,86	504,46154
621,11	504,51154
621,37	522,46154
621,62	524,39487
621,88	507,01154
622,14	479,81154
622,39	486,24487
622,65	500,02821
622,90	505,56154
623,16	512,22821
623,42	517,52821
623,67	508,84487
623,93	509,66154
624,18	499,96154
624,44	531,27821
624,70	539,07821
624,95	539,87821
625,21	532,47821
625,46	514,11154
625,72	535,19487
625,98	523,56154
626,23	541,07821
626,49	530,51154
626,74	559,24487
627,00	578,74487
627,25	598,94487
627,51	612,42821
627,77	603,36154
628,02	595,92821
628,28	600,91154
628,53	615,51154
628,79	627,92821
629,04	601,32821
629,30	582,71154
629,56	582,81154
629,81	577,46154
630,07	576,24487
630,32	563,74487
630,58	597,14487
630,83	592,02821
631,09	583,52821
631,35	553,11154
631,60	548,54487
631,86	559,02821
632,11	554,99487
632,37	530,44487
632,62	505,52821
632,88	491,32821
633,14	498,91154
633,39	494,54487
633,65	516,01154
633,90	527,96154
634,16	526,39487
634,41	502,66154
634,67	494,94487
634,93	508,47821
635,18	514,79487
635,44	493,84487
635,69	477,44487
635,95	480,82821
636,20	509,42821
636,46	511,02821
636,71	507,14487
636,97	497,61154
637,22	501,34487
637,48	495,92821
637,74	494,97821
637,99	505,29487
638,25	513,44487
638,50	507,56154
638,76	507,72821
639,01	492,92821
639,27	488,39487
639,52	482,87821
639,78	495,14487
640,03	496,64487
640,29	485,56154
640,55	487,39487
640,80	487,82821
641,06	486,94487
641,31	502,14487
641,57	508,86154
641,82	528,76154
642,08	527,79487
642,33	536,82821
642,59	547,42821
642,84	551,79487
643,10	545,44487
643,35	533,66154
643,61	527,96154
643,87	534,39487
644,12	533,89487
644,38	514,81154
644,63	512,14487
644,89	520,74487
645,14	525,29487
645,40	515,14487
645,65	511,59487
645,91	506,26154
646,16	523,14487
646,42	522,26154
646,67	516,02821
646,93	501,49487
647,18	494,62821
647,44	498,76154
647,69	491,27821
647,95	474,91154
648,20	473,31154
648,46	473,36154
648,71	483,27821
648,97	484,84487
649,22	485,94487
649,48	484,31154
649,73	484,14487
649,99	483,64487
650,24	498,62821
650,50	509,94487
650,75	517,51154
651,01	513,26154
651,26	510,87821
651,52	506,37821
651,77	497,67821
652,03	501,21154
652,28	501,04487
652,54	522,14487
652,79	541,12821
653,05	561,54487
653,30	561,77821
653,56	546,24487
653,81	548,82821
654,07	553,66154
654,32	567,86154
654,58	571,86154
654,83	591,04487
655,09	592,19487
655,34	603,76154
655,60	603,71154
655,85	620,96154
656,11	652,09487
656,36	669,01154
656,62	667,47821
656,87	644,61154
657,13	614,57821
657,38	618,01154
657,64	622,87821
657,89	633,91154
658,15	601,56154
658,40	564,91154
658,66	552,17821
658,91	541,21154
659,17	535,04487
659,42	518,64487
659,68	516,02821
659,93	495,57821
660,19	479,72821
660,44	483,19487
660,70	496,74487
660,95	496,42821
661,20	485,01154
661,46	476,21154
661,71	472,74487
661,97	461,99487
662,22	464,31154
662,48	465,82821
662,73	467,69487
662,99	470,04487
663,24	474,07821
663,50	462,02821
663,75	456,44487
664,01	428,36154
664,26	446,57821
664,52	435,29487
664,77	454,92821
665,02	461,01154
665,28	469,62821
665,53	463,46154
665,79	463,07821
666,04	465,12821
666,30	458,49487
666,55	455,14487
666,81	438,49487
667,06	446,47821
667,32	445,66154
667,57	447,21154
667,82	442,39487
668,08	438,26154
668,33	438,74487
668,59	431,46154
668,84	436,12821
669,10	430,49487
669,35	483,72821
669,61	453,44487
669,86	465,59487
670,11	405,47821
670,37	427,07821
670,62	423,76154
670,88	436,06154
671,13	413,97821
671,39	394,37821
671,64	382,29487
671,90	389,66154
672,15	394,37821
672,40	386,74487
672,66	367,42821
672,91	371,69487
673,17	369,36154
673,42	381,24487
673,68	370,41154
673,93	363,14487
674,18	363,06154
674,44	354,47821
674,69	361,54487
674,95	365,27821
675,20	367,51154
675,46	362,59487
675,71	345,66154
675,96	355,31154
676,22	346,59487
676,47	356,24487
676,73	353,72821
676,98	357,62821
677,23	362,12821
677,49	370,42821
677,74	389,24487
678,00	375,01154
678,25	369,54487
678,51	371,49487
678,76	362,79487
679,01	361,96154
679,27	341,24487
679,52	344,87821
679,78	337,67821
680,03	344,57821
680,28	344,42821
680,54	335,66154
680,79	317,66154
681,05	315,96154
681,30	309,52821
681,55	315,76154
681,81	316,42821
682,06	337,36154
682,32	345,02821
682,57	357,11154
682,82	341,89487
683,08	331,04487
683,33	303,52821
683,59	315,36154
683,84	303,64487
684,09	314,01154
684,35	303,37821
684,60	320,69487
684,86	320,42821
685,11	337,36154
685,36	337,52821
685,62	351,06154
685,87	317,02821
686,13	305,16154
686,38	283,82821
686,63	306,71154
686,89	327,07821
687,14	358,07821
687,40	350,99487
687,65	350,46154
687,90	334,57821
688,16	337,01154
688,41	327,36154
688,66	321,12821
688,92	323,16154
689,17	313,82821
689,43	309,26154
689,68	310,06154
689,93	318,56154
690,19	320,22821
690,44	305,39487
690,69	293,32821
690,95	289,69487
691,20	298,76154
691,46	289,14487
691,71	299,02821
691,96	298,92821
692,22	304,81154
692,47	287,64487
692,72	274,27821
692,98	273,24487
693,23	282,96154
693,49	298,69487
693,74	305,49487
693,99	310,89487
694,25	306,17821
694,50	304,99487
694,75	296,72821
695,01	272,82821
695,26	276,06154
695,51	274,62821
695,77	275,46154
696,02	266,91154
696,27	265,79487
696,53	283,09487
696,78	291,49487
697,04	297,32821
697,29	287,64487
697,54	279,04487
697,80	263,84487
698,05	266,74487
698,30	258,09487
698,56	256,76154
698,81	254,52821
699,06	258,56154
699,32	255,97821
699,57	256,24487
699,82	269,99487
700,08	266,32821
700,33	262,76154
700,58	247,92821
700,84	251,87821
701,09	240,66154
701,34	239,72821
701,60	246,92821
701,85	253,14487
702,10	259,64487
702,36	266,59487
702,61	258,82821
702,86	246,07821
703,12	222,36154
703,37	229,24487
703,62	225,36154
703,88	223,77821
704,13	214,79487
704,38	219,21154
704,64	248,04487
704,89	257,12821
705,14	277,92821
705,40	268,79487
705,65	271,57821
705,90	248,79487
706,16	226,59487
706,41	226,46154
706,66	230,29487
706,92	233,47821
707,17	239,42821
707,42	257,67821
707,68	248,22821
707,93	235,96154
708,18	226,92821
708,44	255,06154
708,69	265,34487
708,94	260,26154
709,19	249,11154
709,45	253,84487
709,70	243,29487
709,95	241,81154
710,21	220,09487
710,46	214,62821
710,71	233,16154
710,97	233,31154
711,22	246,07821
711,47	218,52821
711,73	226,94487
711,98	221,77821
712,23	222,62821
712,48	214,29487
712,74	212,64487
712,99	209,81154
713,24	199,32821
713,50	197,94487
713,75	221,51154
714,00	237,74487
714,26	235,89487
714,51	220,86154
714,76	225,47821
715,01	223,67821
715,27	246,24487
715,52	242,37821
715,77	256,32821
716,03	237,72821
716,28	241,54487
716,53	250,39487
716,78	248,62821
717,04	248,99487
717,29	246,32821
717,54	253,27821
717,80	241,36154
718,05	231,94487
718,30	221,64487
718,55	227,21154
718,81	221,49487
719,06	228,82821
719,31	225,72821
719,57	214,34487
719,82	207,51154
720,07	211,86154
720,32	212,54487
720,58	216,86154
720,83	210,91154
721,08	214,76154
721,33	208,66154
721,59	220,47821
721,84	229,34487
722,09	238,49487
722,35	230,99487
722,60	219,71154
722,85	214,01154
723,10	203,22821
723,36	204,56154
723,61	190,97821
723,86	200,39487
724,11	211,27821
724,37	206,76154
724,62	197,61154
724,87	182,44487
725,12	184,39487
725,38	182,72821
725,63	181,67821
725,88	172,16154
726,13	172,99487
726,39	157,24487
726,64	180,77821
726,89	181,17821
727,14	189,07821
727,40	181,24487
727,65	185,04487
727,90	203,22821
728,15	208,87821
728,41	197,47821
728,66	198,59487
728,91	185,16154
729,16	192,97821
729,42	189,66154
729,67	196,01154
729,92	174,14487
730,17	165,36154
730,43	166,77821
730,68	190,66154
730,93	192,11154
731,18	187,74487
731,44	182,32821
731,69	175,82821
731,94	179,79487
732,19	187,91154
732,45	197,57821
732,70	209,51154
732,95	194,44487
733,20	177,12821
733,45	168,99487
733,71	178,87821
733,96	175,84487
734,21	178,64487
734,46	172,94487
734,72	183,64487
734,97	180,71154
735,22	176,36154
735,47	179,06154
735,72	172,54487
735,98	168,59487
736,23	168,36154
736,48	172,29487
736,73	179,11154
736,99	171,54487
737,24	170,61154
737,49	171,22821
737,74	177,76154
737,99	195,66154
738,25	197,52821
738,50	193,66154
738,75	161,61154
739,00	163,66154
739,25	174,21154
739,51	175,91154
739,76	176,42821
740,01	175,92821
740,26	187,86154
740,52	193,57821
740,77	214,96154
741,02	218,14487
741,27	211,92821
741,52	198,84487
741,78	204,54487
742,03	212,11154
742,28	213,27821
742,53	220,69487
742,78	239,11154
743,04	259,81154
743,29	279,66154
743,54	294,24487
743,79	285,27821
744,04	270,24487
744,30	264,19487
744,55	269,27821
744,80	291,09487
745,05	287,51154
745,30	290,42821
745,55	271,04487
745,81	296,41154
746,06	308,09487
746,31	330,22821
746,56	319,86154
746,81	325,42821
747,07	328,27821
747,32	333,79487
747,57	350,44487
747,82	350,91154
748,07	348,84487
748,32	305,37821
748,58	281,24487
748,83	250,59487
749,08	253,92821
749,33	249,12821
749,58	256,16154
749,84	262,67821
750,09	269,56154
750,34	284,27821
750,59	302,72821
750,84	300,66154
751,09	313,97821
751,35	303,39487
751,60	318,49487
751,85	293,72821
752,10	270,64487
752,35	261,86154
752,60	245,01154
752,86	236,46154
753,11	199,06154
753,36	179,94487
753,61	168,42821
753,86	153,57821
754,11	150,52821
754,37	128,69487
754,62	127,36154
754,87	128,21154
755,12	151,76154
755,37	164,79487
755,62	165,12821
755,87	140,37821
756,13	126,61154
756,38	125,54487
756,63	142,54487
756,88	166,34487
757,13	159,87821
757,38	163,24487
757,64	134,86154
757,89	134,79487
758,14	144,11154
758,39	143,69487
758,64	162,61154
758,89	145,59487
759,14	163,96154
759,40	154,61154
759,65	154,66154
759,90	145,77821
760,15	134,16154
760,40	112,42821
760,65	104,54487
760,90	105,06154
761,15	115,12821
761,41	121,94487
761,66	117,32821
761,91	128,44487
762,16	118,94487
762,41	136,34487
762,66	124,41154
762,91	130,44487
763,17	124,16154
763,42	130,72821
763,67	139,49487
763,92	138,02821
764,17	134,72821
764,42	118,59487
764,67	122,11154
764,92	136,39487
765,18	140,11154
765,43	122,97821
765,68	126,02821
765,93	137,27821
766,18	143,76154
766,43	134,14487
766,68	133,26154
766,93	127,89487
767,18	119,21154
767,44	117,69487
767,69	113,89487
767,94	132,21154
768,19	122,94487
768,44	125,64487
768,69	119,92821
768,94	133,27821
769,19	133,01154
769,44	132,39487
769,70	111,91154
769,95	118,39487
770,20	121,27821
770,45	141,14487
770,70	145,76154
770,95	136,09487
771,20	116,14487
771,45	127,07821
771,70	127,19487
771,95	129,76154
772,21	130,94487
772,46	137,19487
772,71	146,59487
772,96	139,96154
773,21	137,51154
773,46	154,29487
773,71	156,69487
773,96	148,82821
774,21	142,91154
774,46	147,84487
774,72	165,69487
774,97	165,34487
775,22	162,94487
775,47	180,87821
775,72	206,99487
775,97	262,26154
776,22	320,99487
776,47	411,89487
776,72	473,42821
776,97	502,52821
777,22	476,99487
777,47	461,02821
777,73	450,82821
777,98	470,77821
778,23	453,82821
778,48	409,64487
778,73	329,22821
778,98	275,81154
779,23	244,46154
779,48	222,54487
779,73	187,76154
779,98	157,51154
780,23	148,94487
780,48	141,61154
780,73	150,11154
780,98	150,62821
781,24	149,94487
781,49	128,84487
781,74	107,96154
781,99	104,02821
782,24	108,87821
782,49	110,41154
782,74	106,47821
782,99	107,16154
783,24	106,46154
783,49	110,66154
783,74	104,92821
783,99	119,86154
784,24	111,14487
784,49	109,89487
784,74	99,89487
784,99	107,12821
785,24	91,66154
785,49	70,54487
785,75	94,29487
786,00	126,81154
786,25	131,07821
786,50	104,19487
786,75	77,24487
787,00	99,26154
787,25	100,87821
787,50	113,16154
787,75	98,59487
788,00	117,54487
788,25	93,49487
788,50	87,17821
788,75	68,99487
789,00	75,97821
789,25	70,57821
789,50	54,59487
789,75	55,31154
790,00	70,06154
790,25	77,57821
790,50	112,21154
790,75	127,76154
791,00	131,01154
791,25	122,51154
791,50	100,31154
791,75	100,09487
792,01	104,84487
792,26	109,17821
792,51	118,99487
792,76	97,14487
793,01	95,97821
793,26	68,67821
793,51	78,96154
793,76	87,02821
794,01	119,36154
794,26	125,59487
794,51	132,57821
794,76	121,29487
795,01	128,71154
795,26	131,76154
795,51	141,42821
795,76	130,54487
796,01	133,34487
796,26	131,32821
796,51	121,64487
796,76	100,59487
797,01	79,44487
797,26	83,79487
797,51	72,61154
797,76	91,56154
798,01	87,62821
798,26	110,21154
798,51	95,21154
798,76	77,44487
799,01	67,14487
799,26	56,24487
799,51	63,34487
799,76	59,57821
800,01	80,09487
800,26	75,19487
800,51	78,44487
800,76	68,29487
801,01	73,66154
801,26	67,67821
801,51	64,67821
801,76	65,17821
802,01	61,41154
802,26	71,02821
802,51	86,91154
802,76	93,67821
803,01	86,86154
803,26	63,16154
803,51	60,09487
803,76	63,91154
804,01	78,24487
804,26	71,04487
804,51	60,37821
804,76	49,66154
805,01	53,82821
805,26	53,82821
805,51	54,54487
805,76	48,81154
806,01	86,07821
806,26	98,69487
806,51	102,04487
806,76	57,97821
807,01	41,94487
807,26	41,26154
807,51	37,16154
807,76	35,29487
808,01	43,24487
808,26	61,22821
808,50	66,41154
808,75	62,94487
809,00	55,74487
809,25	64,07821
809,50	58,59487
809,75	65,71154
810,00	59,82821
810,25	55,44487
810,50	62,86154
810,75	68,71154
811,00	87,47821
811,25	81,06154
811,50	95,06154
811,75	94,82821
812,00	87,84487
812,25	71,19487
812,50	40,84487
812,75	38,04487
813,00	36,49487
813,25	50,14487
813,50	54,14487
813,75	47,39487
814,00	53,09487
814,25	54,91154
814,50	77,37821
814,74	73,12821
814,99	88,87821
815,24	67,97821
815,49	73,62821
815,74	60,86154
815,99	80,72821
816,24	89,79487
816,49	94,49487
816,74	105,19487
816,99	98,54487
817,24	108,84487
817,49	82,27821
817,74	109,89487
817,99	108,36154
818,24	127,92821
818,49	131,54487
818,74	139,24487
818,98	155,11154
819,23	149,52821
819,48	176,26154
819,73	168,41154
819,98	182,77821
820,23	153,16154
820,48	167,07821
820,73	174,92821
820,98	199,57821
821,23	199,69487
821,48	188,87821
821,73	187,47821
821,98	199,19487
822,23	202,92821
822,47	220,99487
822,72	207,49487
822,97	203,47821
823,22	182,86154
823,47	174,64487
823,72	171,01154
823,97	168,82821
824,22	173,62821
824,47	153,42821
824,72	134,81154
824,97	114,12821
825,22	111,26154
825,46	102,01154
825,71	96,17821
825,96	84,84487
826,21	74,46154
826,46	62,62821
826,71	60,99487
826,96	75,67821
827,21	71,14487
827,46	67,24487
827,71	48,01154
827,96	46,46154
828,20	49,41154
828,45	52,84487
828,70	60,77821
828,95	52,74487
829,20	50,36154
829,45	43,59487
829,70	45,92821
829,95	42,97821
830,20	41,69487
830,45	54,79487
830,69	57,29487
830,94	57,49487
831,19	51,51154
831,44	36,84487
831,69	43,81154
831,94	37,34487
832,19	53,11154
832,44	36,82821
832,69	35,21154
832,93	36,14487
833,18	54,79487
833,43	50,46154
833,68	40,17821
833,93	39,57821
834,18	46,14487
834,43	54,02821
834,68	45,16154
834,92	37,09487
835,17	39,52821
835,42	49,06154
835,67	61,87821
835,92	50,44487
836,17	37,79487
836,42	24,57821
836,67	7,81154
836,91	22,74487
837,16	28,94487
837,41	31,37821
837,66	44,41154
837,91	61,67821
838,16	72,14487
838,41	55,01154
838,66	29,19487
838,90	44,21154
839,15	36,71154
839,40	47,39487
839,65	30,57821
839,90	27,06154
840,15	34,22821
840,40	28,79487
840,64	42,64487
840,89	24,07821
841,14	40,24487
841,39	32,41154
841,64	34,47821
841,89	38,54487
842,14	24,17821
842,38	54,07821
842,63	59,39487
842,88	67,31154
843,13	44,14487
843,38	50,39487
843,63	68,51154
843,87	97,69487
844,12	94,07821
844,37	97,16154
844,62	89,22821
844,87	92,31154
845,12	103,62821
845,37	93,54487
845,61	84,17821
845,86	60,89487
846,11	57,71154
846,36	47,17821
846,61	50,66154
846,86	49,12821
847,10	57,02821
847,35	71,49487
847,60	67,17821
847,85	60,27821
848,10	41,89487
848,35	44,26154
848,59	51,39487
848,84	39,97821
849,09	47,09487
849,34	39,19487
849,59	46,22821
849,84	18,61154
850,08	24,72821
850,33	16,69487
850,58	26,96154
850,83	29,82821
851,08	23,34487
851,32	16,47821
851,57	12,21154
851,82	38,27821
852,07	44,34487
852,32	58,21154
852,57	34,14487
852,81	53,59487
853,06	34,11154
853,31	54,39487
853,56	35,76154
853,81	35,06154
854,05	30,97821
854,30	25,89487
854,55	26,87821
854,80	16,69487
855,05	52,42821
855,29	53,16154
855,54	61,94487
855,79	34,52821
856,04	33,62821
856,29	32,11154
856,53	44,16154
856,78	43,46154
857,03	33,01154
857,28	27,32821
857,53	31,69487
857,77	51,57821
858,02	41,89487
858,27	40,96154
858,52	33,64487
858,77	29,22821
859,01	25,07821
859,26	25,04487
859,51	41,06154
859,76	32,77821
860,01	32,62821
860,25	23,96154
860,50	43,84487
860,75	41,29487
861,00	52,31154
861,25	47,04487
861,49	52,07821
861,74	47,32821
861,99	38,16154
862,24	37,31154
862,48	40,47821
862,73	50,44487
862,98	47,21154
863,23	60,12821
863,48	71,44487
863,72	89,39487
863,97	93,39487
864,22	91,27821
864,47	63,91154
864,71	42,41154
864,96	46,32821
865,21	52,34487
865,46	48,71154
865,70	35,12821
865,95	27,37821
866,20	37,62821
866,45	58,16154
866,70	82,19487
866,94	106,31154
867,19	101,34487
867,44	123,57821
867,69	137,94487
867,93	151,74487
868,18	154,49487
868,43	152,61154
868,68	156,79487
868,92	145,56154
869,17	120,46154
869,42	116,96154
869,67	103,31154
869,91	94,82821
870,16	69,06154
870,41	76,47821
870,66	86,86154
870,90	107,42821
871,15	98,31154
871,40	85,69487
871,65	66,66154
871,89	69,39487
872,14	65,54487
872,39	61,51154
872,64	49,02821
872,88	42,39487
873,13	29,07821
873,38	15,52821
873,63	33,56154
873,87	36,69487
874,12	23,04487
874,37	-3,37179
874,62	-1,42179
874,86	11,99487
875,11	18,86154
875,36	17,99487
875,60	9,07821
875,85	17,01154
876,10	23,97821
876,35	38,86154
876,59	30,31154
876,84	20,09487
877,09	22,46154
877,34	28,24487
877,58	26,57821
877,83	18,69487
878,08	11,37821
878,32	8,94487
878,57	-0,37179
878,82	12,09487
879,07	10,09487
879,31	17,21154
879,56	10,27821
879,81	10,87821
880,06	3,62821
880,30	-8,53846
880,55	20,57821
880,80	29,76154
881,04	35,04487
881,29	37,51154
881,54	46,96154
881,79	43,44487
882,03	7,24487
882,28	12,04487
882,53	18,67821
882,77	36,52821
883,02	25,12821
883,27	26,04487
883,51	13,27821
883,76	16,17821
884,01	23,96154
884,26	19,09487
884,50	12,69487
884,75	-7,93846
885,00	-1,45513
885,24	0,47821
885,49	5,69487
885,74	23,11154
885,98	5,31154
886,23	-1,33846
886,48	-11,78846
886,73	13,97821
886,97	26,64487
887,22	14,79487
887,47	-3,98846
887,71	-13,55513
887,96	-14,48846
888,21	-1,28846
888,45	5,91154
888,70	23,42821
888,95	8,49487
889,19	4,84487
889,44	-5,25513
889,69	7,11154
889,93	-9,65513
890,18	0,12821
890,43	2,77821
890,67	23,66154
890,92	1,64487
891,17	11,91154
891,42	20,37821
891,66	49,54487
891,91	41,41154
892,16	37,11154
892,40	37,52821
892,65	33,17821
892,90	23,79487
893,14	11,46154
893,39	10,39487
893,64	8,22821
893,88	-11,07179
894,13	3,79487
894,38	14,17821
894,62	19,92821
894,87	-2,62179
895,12	-20,48846
895,36	-15,18846
895,61	-12,33846
895,86	-4,78846
896,10	-10,25513
896,35	-13,95513
896,60	-27,92179
896,84	-28,93846
897,09	-23,05513
897,33	-3,62179
897,58	-1,47179
897,83	-0,77179
898,07	-6,77179
898,32	-0,58846
898,57	3,97821
898,81	13,84487
899,06	24,64487
899,31	47,74487
899,55	47,11154
899,80	24,44487
900,05	-2,62179
900,29	-9,20513
900,54	18,09487
900,79	15,99487
901,03	13,69487
901,28	2,12821
901,52	18,72821
901,77	34,17821
902,02	43,56154
902,26	20,07821
902,51	5,39487
902,76	-23,50513
903,00	-5,17179
903,25	-9,12179
903,50	9,34487
903,74	0,46154
903,99	2,94487
904,23	9,62821
904,48	17,21154
904,73	38,61154
904,97	42,96154
905,22	51,81154
905,47	38,09487
905,71	39,42821
905,96	29,44487
906,20	39,14487
906,45	31,91154
906,70	32,82821
906,94	22,57821
907,19	15,22821
907,44	2,67821
907,68	-9,32179
907,93	-7,70513
908,17	-22,32179
908,42	-9,33846
908,67	-20,50513
908,91	6,57821
909,16	14,29487
909,40	16,29487
909,65	1,02821
909,90	-8,55513
910,14	-6,60513
910,39	-16,95513
910,63	-12,80513
910,88	0,62821
911,13	34,32821
911,37	31,24487
911,62	17,46154
911,86	-4,82179
912,11	-4,17179
912,36	4,81154
912,60	7,84487
912,85	19,17821
913,09	17,94487
913,34	30,47821
913,59	2,92821
913,83	10,49487
914,08	-5,88846
914,32	16,82821
914,57	13,19487
914,82	27,34487
915,06	20,66154
915,31	14,34487
915,55	14,26154
915,80	24,31154
916,05	15,01154
916,29	-3,30513
916,54	-19,55513
916,78	-0,62179
917,03	16,59487
917,27	18,76154
917,52	2,61154
917,77	1,52821
918,01	5,56154
918,26	0,66154
918,50	-11,95513
918,75	-17,58846
919,00	-11,28846
919,24	-9,77179
919,49	-20,92179
919,73	-9,45513
919,98	-12,52179
920,22	0,49487
920,47	-10,72179
920,72	-14,63846
920,96	-17,68846
921,21	-17,12179
921,45	-6,62179
921,70	-14,42179
921,94	-4,80513
922,19	0,46154
922,43	4,32821
922,68	25,61154
922,93	25,32821
923,17	24,01154
923,42	-14,93846
923,66	-15,87179
923,91	-16,63846
924,15	-2,18846
924,40	-6,28846
924,64	-6,02179
924,89	-10,27179
925,14	-6,92179
925,38	-3,60513
925,63	11,91154
925,87	16,67821
926,12	31,57821
926,36	15,71154
926,61	6,31154
926,85	75,91154
927,10	73,02821
927,35	69,67821
927,59	0,49487
927,84	-4,30513
928,08	9,04487
928,33	-4,57179
928,57	5,37821
928,82	8,46154
929,06	15,27821
929,31	14,89487
929,55	6,16154
929,80	8,99487
930,04	6,89487
930,29	2,21154
930,54	-3,37179
930,78	-5,02179
931,03	-13,98846
931,27	-3,07179
931,52	-4,53846
931,76	6,39487
932,01	-18,85513
932,25	-21,52179
932,50	-5,80513
932,74	2,12821
932,99	24,59487
933,23	3,84487
933,48	13,01154
933,72	-1,98846
933,97	-5,55513
934,21	17,97821
934,46	33,87821
934,70	54,97821
934,95	28,66154
935,19	-2,43846
935,44	-21,20513
935,68	-20,13846
935,93	-4,68846
936,18	2,74487
936,42	0,97821
936,67	-7,18846
936,91	1,97821
937,16	25,89487
937,40	24,99487
937,65	-1,55513
937,89	-24,27179
938,14	-23,35513
938,38	-7,00513
938,63	3,51154
938,87	7,16154
939,12	17,12821
939,36	38,41154
939,61	48,57821
939,85	35,91154
940,10	-2,23846
940,34	-3,70513
940,59	-3,08846
940,83	-8,68846
941,08	-4,15513
941,32	0,54487
941,57	22,24487
941,81	-0,18846
942,06	-4,77179
942,30	-12,72179
942,55	0,22821
942,79	-13,57179
943,03	-12,47179
943,28	-5,82179
943,52	30,54487
943,77	16,76154
944,01	-5,23846
944,26	-39,70513
944,50	-41,72179
944,75	-10,12179
944,99	9,61154
945,24	17,32821
945,48	16,97821
945,73	66,47821
945,97	62,21154
946,22	41,29487
946,46	-15,80513
946,71	1,19487
946,95	4,39487
947,20	-7,43846
947,44	-22,53846
947,69	-19,38846
947,93	-15,75513
948,17	-18,50513
948,42	-28,97179
948,66	-19,90513
948,91	-26,80513
949,15	-31,18846
949,40	-40,37179
949,64	-23,87179
949,89	-17,18846
950,13	-13,73846
950,38	-28,07179
950,62	-20,72179
950,87	-14,45513
951,11	7,59487
951,35	-1,35513
951,60	-2,13846
951,84	-17,78846
952,09	-15,58846
952,33	-17,57179
952,58	-5,85513
952,82	-17,43846
953,07	-24,87179
953,31	-23,68846
953,56	-8,65513
953,80	-4,98846
954,04	-33,15513
954,29	-53,02179
954,53	-61,88846
954,78	-52,78846
955,02	-41,38846
955,27	-35,95513
955,51	-27,93846
955,76	-24,75513
956,00	-19,50513
956,24	-27,27179
956,49	-20,18846
956,73	-13,07179
956,98	-6,35513
957,22	11,74487
957,47	18,86154
957,71	11,72821
957,95	1,26154
958,20	-1,37179
958,44	18,46154
958,69	1,72821
958,93	-3,67179
959,18	-13,00513
959,42	4,42821
959,66	-5,87179
959,91	-17,23846
960,15	-36,90513
960,40	-33,92179
960,64	-26,37179
960,89	-12,25513
961,13	95,47821
961,37	109,89487
961,62	114,14487
961,86	14,92821
962,11	14,34487
962,35	-7,55513
962,59	-11,58846
962,84	-39,58846
963,08	-21,45513
963,33	-21,42179
963,57	-10,15513
963,81	-23,20513
964,06	-23,10513
964,30	-6,33846
964,55	-19,18846
964,79	10,99487
965,04	12,11154
965,28	19,11154
965,52	-9,97179
965,77	-22,63846
966,01	-11,50513
966,26	-10,90513
966,50	-6,28846
966,74	1,39487
966,99	6,61154
967,23	7,34487
967,48	-3,68846
967,72	-12,48846
967,96	-27,58846
968,21	-17,47179
968,45	-20,42179
968,69	-10,53846
968,94	0,47821
969,18	-5,63846
969,43	-17,40513
969,67	-31,87179
969,91	-13,90513
970,16	-0,47179
970,40	-5,88846
970,65	-12,03846
970,89	-29,35513
971,13	-24,13846
971,38	-26,23846
971,62	8,26154
971,86	3,47821
972,11	10,07821
972,35	-15,55513
972,60	-5,75513
972,84	0,06154
973,08	1,07821
973,33	-10,55513
973,57	-13,25513
973,81	-2,20513
974,06	-2,05513
974,30	-19,17179
974,55	-15,88846
974,79	-1,28846
975,03	9,27821
975,28	1,47821
975,52	-19,82179
975,76	-18,60513
976,01	-22,57179
976,25	-9,78846
976,50	-12,70513
976,74	-2,48846
976,98	2,96154
977,23	-1,90513
977,47	-0,53846
977,71	-6,98846
977,96	-16,67179
978,20	-38,30513
978,44	-48,70513
978,69	-22,33846
978,93	-8,58846
979,17	-1,75513
979,42	-11,35513
979,66	-13,57179
979,90	-2,20513
980,15	19,74487
980,39	26,41154
980,64	8,81154
980,88	3,81154
981,12	3,46154
981,37	3,79487
981,61	-6,13846
981,85	-20,78846
982,10	-13,12179
982,34	-40,08846
982,58	-28,05513
982,83	-42,98846
983,07	-34,83846
983,31	-38,23846
983,56	-39,18846
983,80	-27,90513
984,04	-26,97179
984,29	-4,05513
984,53	-3,38846
984,77	-2,63846
985,02	-2,75513
985,26	-21,28846
985,50	-2,23846
985,75	-14,65513
985,99	3,41154
986,23	-18,80513
986,48	-15,63846
986,72	-19,62179
986,96	-1,95513
987,20	0,87821
987,45	-3,20513
987,69	-28,23846
987,93	-19,13846
988,18	-3,08846
988,42	11,16154
988,66	3,89487
988,91	-12,58846
989,15	-18,65513
989,39	-28,45513
989,64	-33,97179
989,88	-28,58846
990,12	-22,73846
990,37	-11,60513
990,61	-13,53846
990,85	-22,43846
991,10	-32,28846
991,34	-31,72179
991,58	-24,77179
991,82	-24,45513
992,07	-29,08846
992,31	-24,10513
992,55	-30,53846
992,80	-34,05513
993,04	-26,13846
993,28	4,74487
993,53	10,96154
993,77	0,29487
994,01	-29,15513
994,25	-33,03846
994,50	-28,70513
994,74	-12,68846
994,98	-15,47179
995,23	-18,92179
995,47	-15,53846
995,71	-16,32179
995,95	-14,93846
996,20	-4,45513
996,44	3,52821
996,68	-1,03846
996,93	-24,68846
997,17	-22,62179
997,41	-15,83846
997,65	-20,57179
997,90	-31,45513
998,14	-41,53846
998,38	-26,32179
998,63	-22,38846
998,87	-19,10513
999,11	-33,27179
999,35	-30,88846
999,60	-35,13846
999,84	-26,77179
1000,08	-2,02179
1000,32	8,99487
1000,57	9,06154
1000,81	6,72821
1001,05	6,01154
1001,30	16,74487
1001,54	-0,82179
1001,78	15,72821
1002,02	10,06154
1002,27	14,79487
1002,51	-11,43846
1002,75	-13,97179
1002,99	-27,25513
1003,24	-28,80513
1003,48	-23,83846
1003,72	-33,85513
1003,96	-23,52179
1004,21	-19,90513
1004,45	4,57821
1004,69	3,94487
1004,93	-0,60513
1005,18	-3,22179
1005,42	5,66154
1005,66	-5,90513
1005,90	-17,10513
1006,15	-36,82179
1006,39	-20,70513
1006,63	0,27821
1006,87	18,14487
1007,12	11,22821
1007,36	7,57821
1007,60	8,02821
1007,84	-1,85513
1008,09	-8,68846
1008,33	-24,80513
1008,57	-12,78846
1008,81	-9,35513
1009,06	-8,27179
1009,30	-12,87179
1009,54	-9,07179
1009,78	0,37821
1010,03	1,42821
1010,27	-15,27179
1010,51	-12,88846
1010,75	-14,45513
1010,99	-0,15513
1011,24	-0,97179
1011,48	27,02821
1011,72	19,57821
1011,96	28,66154
1012,21	5,82821
1012,45	2,49487
1012,69	-6,43846
1012,93	-14,48846
1013,18	-7,18846
1013,42	-11,38846
1013,66	-3,47179
1013,90	-15,82179
1014,14	-14,95513
1014,39	-8,08846
1014,63	-2,55513
1014,87	8,31154
1015,11	-8,57179
1015,35	-26,42179
1015,60	-14,95513
1015,84	-3,75513
1016,08	4,31154
1016,32	-12,55513
1016,57	-23,42179
1016,81	-20,68846
1017,05	-20,50513
1017,29	-11,93846
1017,53	-9,82179
1017,78	-12,35513
1018,02	-25,12179
1018,26	-13,60513
1018,50	-20,42179
1018,74	0,86154
1018,99	-14,47179
1019,23	-19,12179
1019,47	-35,50513
1019,71	-22,67179
1019,95	-7,43846
1020,20	-6,40513
1020,44	-15,75513
1020,68	-19,75513
1020,92	-1,08846
1021,16	-1,88846
1021,41	-2,15513
1021,65	-26,48846
1021,89	-29,60513
1022,13	-36,77179
1022,37	-36,48846
1022,61	-38,53846
1022,86	-42,70513
1023,10	-19,70513
1023,34	-16,52179
1023,58	-3,45513
1023,82	-28,73846
1024,07	-23,17179
1024,31	-15,93846
1024,55	-9,63846
1024,79	-5,28846
1025,03	-25,32179
1025,27	-15,38846
1025,52	-32,33846
1025,76	-31,47179
1026,00	-22,87179
1026,24	-18,03846
1026,48	-16,35513
1026,73	-23,43846
1026,97	3,96154
1027,21	13,11154
1027,45	14,22821
1027,69	-5,95513
1027,93	-0,37179
1028,18	-1,27179
1028,42	6,19487
1028,66	3,76154
1028,90	3,87821
1029,14	-1,73846
1029,38	-17,38846
1029,62	-9,38846
1029,87	-7,73846
1030,11	10,79487
1030,35	-6,23846
1030,59	-7,38846
1030,83	-20,85513
1031,07	-25,55513
1031,32	-35,25513
1031,56	-14,18846
1031,80	2,32821
1032,04	17,72821
1032,28	-3,32179
1032,52	-5,43846
1032,76	-8,32179
1033,01	-10,67179
1033,25	-6,50513
1033,49	-11,88846
1033,73	-9,83846
1033,97	-27,97179
1034,21	-35,58846
1034,45	-40,87179
1034,70	-42,70513
1034,94	-29,25513
1035,18	60,04487
1035,42	69,07821
1035,66	82,87821
1035,90	10,11154
1036,14	-4,72179
1036,39	-9,28846
1036,63	-25,68846
1036,87	13,47821
1037,11	0,14487
1037,35	8,61154
1037,59	2,47821
1037,83	17,12821
1038,07	45,22821
1038,32	22,42821
1038,56	10,84487
1038,80	11,54487
1039,04	29,32821
1039,28	39,69487
1039,52	13,66154
1039,76	-3,62179
1040,00	-6,87179
1040,25	-20,43846
1040,49	-16,15513
1040,73	-18,02179
1040,97	-8,37179
1041,21	5,66154
1041,45	9,74487
1041,69	27,97821
1041,93	3,02821
1042,17	-4,17179
1042,42	-25,32179
1042,66	-19,32179
1042,90	-9,13846
1043,14	-17,92179
1043,38	-3,77179
1043,62	-15,95513
1043,86	-6,28846
1044,10	-5,07179
1044,34	17,22821
1044,59	21,44487
1044,83	15,11154
1045,07	-3,88846
1045,31	-0,55513
1045,55	-8,80513
1045,79	-32,15513
1046,03	-24,30513
1046,27	-5,03846
1046,51	15,32821
1046,75	0,97821
1047,00	-7,87179
1047,24	-2,35513
1047,48	0,06154
1047,72	1,22821
1047,96	-7,50513
1048,20	4,37821
1048,44	8,06154
1048,68	8,39487
1048,92	-3,73846
1049,16	-23,02179
1049,40	-21,35513
1049,64	-23,48846
1049,89	-0,02179
1050,13	4,74487
1050,37	33,86154
1050,61	31,77821
1050,85	41,74487
1051,09	25,47821
1051,33	23,41154
1051,57	29,07821
1051,81	25,34487
1052,05	26,66154
1052,29	33,61154
1052,53	22,66154
1052,77	44,46154
1053,02	29,81154
1053,26	48,26154
1053,50	29,51154
1053,74	23,91154
1053,98	21,37821
1054,22	8,59487
1054,46	15,56154
1054,70	23,14487
1054,94	25,76154
1055,18	31,37821
1055,42	42,14487
1055,66	48,12821
1055,90	37,01154
1056,14	31,14487
1056,38	53,34487
1056,62	60,06154
1056,86	67,16154
1057,11	59,94487
1057,35	61,77821
1057,59	38,02821
1057,83	47,31154
1058,07	62,66154
1058,31	105,16154
1058,55	107,02821
1058,79	97,79487
1059,03	67,32821
1059,27	65,82821
1059,51	69,84487
1059,75	80,12821
1059,99	72,54487
1060,23	81,02821
1060,47	106,59487
1060,71	128,87821
1060,95	111,72821
1061,19	95,59487
1061,43	90,36154
1061,67	126,67821
1061,91	140,87821
1062,15	137,61154
1062,39	127,16154
1062,64	143,02821
1062,88	160,74487
1063,12	190,21154
1063,36	245,07821
1063,60	426,07821
1063,84	1030,12821
1064,08	2655,67821
1064,32	5205,94487
1064,56	6832,47821
1064,80	6304,62821
1065,04	4586,92821
1065,28	2859,52821
1065,52	2101,99487
1065,76	1346,01154
1066,00	1048,16154
1066,24	810,02821
1066,48	711,07821
1066,72	619,91154
1066,96	558,99487
1067,20	476,41154
1067,44	419,47821
1067,68	365,82821
1067,92	323,37821
1068,16	292,31154
1068,40	276,44487
1068,64	270,62821
1068,88	257,09487
1069,12	230,79487
1069,36	229,14487
1069,60	206,74487
1069,84	234,16154
1070,08	215,24487
1070,32	224,52821
1070,56	193,09487
1070,80	188,57821
1071,04	222,31154
1071,28	215,19487
1071,52	214,22821
1071,76	154,57821
1072,00	151,74487
1072,24	127,36154
1072,48	121,69487
1072,72	109,22821
1072,96	117,47821
1073,20	94,41154
1073,44	97,19487
1073,68	87,96154
1073,92	97,72821
1074,16	73,92821
1074,40	63,06154
1074,64	47,37821
1074,88	43,79487
1075,12	45,16154
1075,36	42,91154
1075,60	49,62821
1075,84	36,86154
1076,08	36,56154
1076,32	25,07821
1076,56	15,09487
1076,80	12,89487
1077,04	-2,88846
1077,28	-1,72179
1077,52	-16,07179
1077,76	-20,22179
1078,00	-10,58846
1078,24	22,41154
1078,48	36,27821
1078,71	26,44487
1078,95	8,37821
1079,19	-5,85513
1079,43	-23,28846
1079,67	-26,53846
1079,91	-6,00513
1080,15	6,57821
1080,39	2,67821
1080,63	0,04487
1080,87	1,76154
1081,11	1,71154
1081,35	-2,92179
1081,59	7,07821
1081,83	4,66154
1082,07	-7,37179
1082,31	-13,10513
1082,55	-14,72179
1082,79	-9,82179
1083,03	-4,53846
1083,27	-15,83846
1083,51	-11,52179
1083,75	-18,52179
1083,99	7,46154
1084,22	6,64487
1084,46	2,79487
1084,70	3,87821
1084,94	-1,85513
1085,18	-3,60513
1085,42	-28,85513
1085,66	-21,45513
1085,90	-22,78846
1086,14	0,52821
1086,38	17,27821
1086,62	10,34487
1086,86	14,17821
1087,10	-3,63846
1087,34	7,14487
1087,58	-13,88846
1087,82	-18,28846
1088,06	-7,43846
1088,29	14,39487
1088,53	8,82821
1088,77	-7,18846
1089,01	-9,78846
1089,25	-3,67179
1089,49	3,89487
1089,73	-11,87179
1089,97	-1,42179
1090,21	-8,72179
1090,45	-2,58846
1090,69	-15,42179
1090,93	-17,73846
1091,17	-30,82179
1091,40	-9,12179
1091,64	-10,75513
1091,88	-6,73846
1092,12	-29,08846
1092,36	-19,92179
1092,60	-18,35513
1092,84	-5,92179
1093,08	3,07821
1093,32	11,01154
1093,56	10,46154
1093,80	21,06154
1094,04	13,67821
1094,27	4,79487
1094,51	-2,07179
1094,75	8,12821
1094,99	13,42821
1095,23	5,27821
1095,47	89,42821
1095,71	83,84487
1095,95	77,84487
1096,19	-13,73846
1096,43	-7,40513
1096,66	-23,73846
1096,90	-30,55513
1097,14	-30,83846
1097,38	-31,03846
1097,62	-22,75513
1097,86	-28,57179
1098,10	-9,20513
1098,34	-5,02179
1098,58	-10,98846
1098,81	-11,60513
1099,05	-9,52179
1099,29	19,89487
1099,53	29,21154
1099,77	23,42821
1100,01	-7,00513
1100,25	-14,40513
1100,49	-11,33846
1100,73	18,72821
1100,96	35,39487
1101,20	44,79487
1101,44	8,26154
1101,68	-4,38846
1101,92	-17,23846
1102,16	-5,53846
1102,40	-0,92179
1102,64	3,59487
1102,87	10,47821
1103,11	-4,22179
1103,35	-3,28846
1103,59	-12,78846
1103,83	-14,30513
1104,07	-5,78846
1104,31	-3,47179
1104,55	-3,20513
1104,78	-22,90513
1105,02	-11,42179
1105,26	-22,22179
1105,50	-12,08846
1105,74	-31,70513
1105,98	-17,25513
1106,22	-2,80513
1106,45	0,66154
1106,69	-8,73846
1106,93	-20,48846
1107,17	-18,55513
1107,41	-16,70513
1107,65	-24,55513
1107,89	-17,18846
1108,12	-11,57179
1108,36	-25,87179
1108,60	-20,42179
1108,84	-17,93846
1109,08	-9,20513
1109,32	-12,22179
1109,55	-16,43846
1109,79	5,57821
1110,03	-4,20513
1110,27	-1,65513
1110,51	-18,28846
1110,75	-24,90513
1110,99	-25,25513
1111,22	-32,38846
1111,46	-29,87179
1111,70	-37,00513
1111,94	-49,05513
1112,18	-52,42179
1112,42	-45,95513
1112,65	-23,75513
1112,89	-9,97179
1113,13	-16,42179
1113,37	-14,13846
1113,61	-11,43846
1113,85	14,49487
1114,08	4,27821
1114,32	-7,60513
1114,56	-14,58846
1114,80	-12,33846
1115,04	5,71154
1115,28	-9,57179
1115,51	-3,07179
1115,75	-2,03846
1115,99	0,42821
1116,23	-0,33846
1116,47	-2,62179
1116,70	-6,13846
1116,94	-20,28846
1117,18	-13,98846
1117,42	-18,73846
1117,66	0,06154
1117,90	-27,75513
1118,13	-26,67179
1118,37	-51,95513
1118,61	-43,38846
1118,85	-32,70513
1119,09	-34,40513
1119,32	-25,33846
1119,56	-25,40513
1119,80	-27,90513
1120,04	-43,47179
1120,28	-31,40513
1120,51	-21,30513
1120,75	-12,32179
1120,99	-32,78846