194,56	-205,43462
194,83	-205,43462
195,09	-201,71795
195,36	-133,43462
195,63	-66,55128
195,90	-7,03462
196,17	-18,80128
196,44	-31,51795
196,71	-20,15128
196,97	-7,65128
197,24	15,54872
197,51	-6,53462
197,78	6,76538
198,05	9,56538
198,32	21,86538
198,59	4,56538
198,86	7,99872
199,12	4,84872
199,39	12,59872
199,66	14,29872
199,93	27,59872
200,20	26,16538
200,47	2,51538
200,74	1,34872
201,00	-5,53462
201,27	4,84872
201,54	-9,15128
201,81	16,76538
202,08	-2,53462
202,35	11,36538
202,61	1,06538
202,88	53,78205
203,15	32,33205
203,42	21,74872
203,69	-11,65128
203,96	1,23205
204,23	3,13205
204,49	-2,30128
204,76	23,79872
205,03	36,56538
205,30	39,24872
205,57	18,29872
205,84	20,11538
206,10	41,74872
206,37	49,13205
206,64	53,56538
206,91	47,39872
207,18	35,33205
207,45	30,29872
207,71	14,33205
207,98	29,54872
208,25	14,76538
208,52	10,73205
208,79	-0,91795
209,06	6,23205
209,32	18,68205
209,59	24,63205
209,86	-2,01795
210,13	3,76538
210,40	14,44872
210,67	46,78205
210,93	39,78205
211,20	14,94872
211,47	10,91538
211,74	31,89872
212,01	34,93205
212,28	48,64872
212,54	48,44872
212,81	52,98205
213,08	42,21538
213,35	35,78205
213,62	45,93205
213,88	54,36538
214,15	40,38205
214,42	28,41538
214,69	30,53205
214,96	32,98205
215,23	60,19872
215,49	50,53205
215,76	50,31538
216,03	42,88205
216,30	25,51538
216,57	13,24872
216,83	8,13205
217,10	16,56538
217,37	34,59872
217,64	57,69872
217,91	67,53205
218,17	35,23205
218,44	-12,35128
218,71	-13,70128
218,98	11,34872
219,25	45,36538
219,51	47,96538
219,78	45,24872
220,05	30,28205
220,32	18,91538
220,59	22,21538
220,85	21,73205
221,12	37,76538
221,39	56,73205
221,66	56,54872
221,93	35,48205
222,19	8,08205
222,46	21,48205
222,73	38,41538
223,00	60,91538
223,27	45,41538
223,53	41,06538
223,80	33,23205
224,07	44,51538
224,34	61,14872
224,61	52,59872
224,87	33,66538
225,14	3,44872
225,41	8,01538
225,68	32,56538
225,94	48,88205
226,21	50,71538
226,48	31,53205
226,75	33,78205
227,02	18,24872
227,28	27,06538
227,55	12,48205
227,82	23,59872
228,09	-4,21795
228,36	-8,21795
228,62	-3,73462
228,89	21,76538
229,16	31,36538
229,43	25,28205
229,69	20,89872
229,96	23,41538
230,23	17,01538
230,50	27,28205
230,76	16,54872
231,03	22,86538
231,30	23,23205
231,57	33,79872
231,84	31,19872
232,10	16,26538
232,37	15,89872
232,64	4,96538
232,91	11,64872
233,17	19,28205
233,44	29,14872
233,71	30,24872
233,98	9,39872
234,24	10,51538
234,51	32,29872
234,78	44,81538
235,05	59,54872
235,31	37,94872
235,58	33,99872
235,85	12,48205
236,12	-1,50128
236,39	20,63205
236,65	31,96538
236,92	79,44872
237,19	71,19872
237,46	106,59872
237,72	73,61538
237,99	52,03205
238,26	17,11538
238,53	38,66538
238,79	41,41538
239,06	37,61538
239,33	7,51538
239,60	1,41538
239,86	-9,53462
240,13	-12,30128
240,40	-14,30128
240,67	14,76538
240,93	27,33205
241,20	30,94872
241,47	7,08205
241,73	7,58205
242,00	12,13205
242,27	21,16538
242,54	21,68205
242,80	23,79872
243,07	29,44872
243,34	28,36538
243,61	61,69872
243,87	42,44872
244,14	38,71538
244,41	0,29872
244,68	13,94872
244,94	17,29872
245,21	28,36538
245,48	35,78205
245,74	27,26538
246,01	38,24872
246,28	29,28205
246,55	27,89872
246,81	2,59872
247,08	5,11538
247,35	18,73205
247,62	21,98205
247,88	4,08205
248,15	8,88205
248,42	47,19872
248,68	53,58205
248,95	36,94872
249,22	7,53205
249,49	17,86538
249,75	19,53205
250,02	27,26538
250,29	20,74872
250,56	37,46538
250,82	46,29872
251,09	51,31538
251,36	55,29872
251,62	32,76538
251,89	34,46538
252,16	47,71538
252,43	72,68205
252,69	64,54872
252,96	33,16538
253,23	23,59872
253,49	30,39872
253,76	38,38205
254,03	57,88205
254,29	58,99872
254,56	58,53205
254,83	30,99872
255,10	9,06538
255,36	6,39872
255,63	19,31538
255,90	46,86538
256,16	50,24872
256,43	25,24872
256,70	27,98205
256,96	26,38205
257,23	37,61538
257,50	30,01538
257,77	38,78205
258,03	38,28205
258,30	45,83205
258,57	22,34872
258,83	28,28205
259,10	18,44872
259,37	23,28205
259,63	10,69872
259,90	25,11538
260,17	22,74872
260,43	31,71538
260,70	16,81538
260,97	40,93205
261,24	46,29872
261,50	48,09872
261,77	34,36538
262,04	20,18205
262,30	11,29872
262,57	5,64872
262,84	18,66538
263,10	45,56538
263,37	60,36538
263,64	41,21538
263,90	16,19872
264,17	3,74872
264,44	9,48205
264,70	11,39872
264,97	25,29872
265,24	52,04872
265,50	64,21538
265,77	62,91538
266,04	42,69872
266,30	30,18205
266,57	8,59872
266,84	8,03205
267,10	8,94872
267,37	41,89872
267,64	47,19872
267,90	59,09872
268,17	47,59872
268,44	36,56538
268,70	16,93205
268,97	-10,15128
269,24	0,28205
269,50	14,44872
269,77	34,61538
270,04	45,38205
270,30	36,83205
270,57	44,48205
270,84	19,04872
271,10	36,58205
271,37	25,54872
271,64	53,36538
271,90	78,41538
272,17	81,48205
272,44	68,03205
272,70	35,84872
272,97	28,89872
273,24	22,39872
273,50	28,21538
273,77	41,83205
274,04	47,28205
274,30	38,33205
274,57	27,78205
274,84	38,66538
275,10	40,69872
275,37	40,41538
275,64	22,26538
275,90	6,39872
276,17	3,08205
276,43	15,91538
276,70	16,36538
276,97	9,76538
277,23	19,61538
277,50	22,81538
277,77	17,94872
278,03	-15,95128
278,30	-1,50128
278,57	0,43205
278,83	10,71538
279,10	12,33205
279,37	5,61538
279,63	5,99872
279,90	15,18205
280,16	35,84872
280,43	53,41538
280,70	42,34872
280,96	60,34872
281,23	55,83205
281,50	42,79872
281,76	21,11538
282,03	21,06538
282,29	28,73205
282,56	29,61538
282,83	14,73205
283,09	4,54872
283,36	12,34872
283,63	21,13205
283,89	32,71538
284,16	32,48205
284,42	37,54872
284,69	42,49872
284,96	36,84872
285,22	30,29872
285,49	29,36538
285,76	30,36538
286,02	53,29872
286,29	61,49872
286,55	57,13205
286,82	33,33205
287,09	11,36538
287,35	26,14872
287,62	17,63205
287,88	27,96538
288,15	4,14872
288,42	1,16538
288,68	11,64872
288,95	22,68205
289,22	41,33205
289,48	35,66538
289,75	39,36538
290,01	41,53205
290,28	23,64872
290,55	31,06538
290,81	12,83205
291,08	32,98205
291,34	40,76538
291,61	59,84872
291,88	58,54872
292,14	28,34872
292,41	25,63205
292,67	44,36538
292,94	61,73205
293,21	56,44872
293,47	43,08205
293,74	45,14872
294,00	29,99872
294,27	11,24872
294,54	0,31538
294,80	17,99872
295,07	40,94872
295,33	36,61538
295,60	40,59872
295,86	24,71538
296,13	20,18205
296,40	5,39872
296,66	17,23205
296,93	59,94872
297,19	78,58205
297,46	72,19872
297,73	51,11538
297,99	36,14872
298,26	20,33205
298,52	5,69872
298,79	8,96538
299,05	2,34872
299,32	23,24872
299,59	40,49872
299,85	59,98205
300,12	47,61538
300,38	31,88205
300,65	24,08205
300,92	33,09872
301,18	35,56538
301,45	57,26538
301,71	43,86538
301,98	54,64872
302,24	62,81538
302,51	79,49872
302,78	82,01538
303,04	64,86538
303,31	68,36538
303,57	76,99872
303,84	76,69872
304,10	57,71538
304,37	54,51538
304,63	69,21538
304,90	88,13205
305,17	89,88205
305,43	74,66538
305,70	92,31538
305,96	87,88205
306,23	92,03205
306,49	82,91538
306,76	81,38205
307,03	81,94872
307,29	67,58205
307,56	80,83205
307,82	88,63205
308,09	96,71538
308,35	90,89872
308,62	105,29872
308,88	97,06538
309,15	101,13205
309,42	90,31538
309,68	97,93205
309,95	97,39872
310,21	85,61538
310,48	85,63205
310,74	86,98205
311,01	112,94872
311,27	107,68205
311,54	94,03205
311,80	78,66538
312,07	104,89872
312,34	132,33205
312,60	131,78205
312,87	137,79872
313,13	148,38205
313,40	149,08205
313,66	140,11538
313,93	109,66538
314,19	128,84872
314,46	119,03205
314,72	134,69872
314,99	116,49872
315,25	103,14872
315,52	84,06538
315,78	82,46538
316,05	85,99872
316,32	92,36538
316,58	90,41538
316,85	102,46538
317,11	105,01538
317,38	104,49872
317,64	105,59872
317,91	100,46538
318,17	100,53205
318,44	99,14872
318,70	93,34872
318,97	102,66538
319,23	121,59872
319,50	128,56538
319,76	124,09872
320,03	102,66538
320,29	115,88205
320,56	124,36538
320,82	136,16538
321,09	136,46538
321,36	148,66538
321,62	143,36538
321,89	133,91538
322,15	116,76538
322,42	116,08205
322,68	133,19872
322,95	160,19872
323,21	177,46538
323,48	168,88205
323,74	153,19872
324,01	146,34872
324,27	137,46538
324,54	127,23205
324,80	134,53205
325,07	145,81538
325,33	163,19872
325,60	148,38205
325,86	156,01538
326,13	149,58205
326,39	159,99872
326,66	152,89872
326,92	159,13205
327,19	161,13205
327,45	158,78205
327,72	162,23205
327,98	159,48205
328,25	173,71538
328,51	166,01538
328,78	168,09872
329,04	164,88205
329,31	162,91538
329,57	156,14872
329,84	154,44872
330,10	166,19872
330,37	189,89872
330,63	187,23205
330,90	184,56538
331,16	181,76538
331,43	191,66538
331,69	206,09872
331,96	212,59872
332,22	215,34872
332,49	223,41538
332,75	211,58205
333,01	201,54872
333,28	184,71538
333,54	189,41538
333,81	218,04872
334,07	226,44872
334,34	219,84872
334,60	212,74872
334,87	220,21538
335,13	252,48205
335,40	243,13205
335,66	235,43205
335,93	219,04872
336,19	223,74872
336,46	239,21538
336,72	229,88205
336,99	230,89872
337,25	224,09872
337,52	232,06538
337,78	250,33205
338,05	241,91538
338,31	257,04872
338,57	260,79872
338,84	265,59872
339,10	262,86538
339,37	253,34872
339,63	269,39872
339,90	272,66538
340,16	271,93205
340,43	260,39872
340,69	267,36538
340,96	260,56538
341,22	273,96538
341,49	251,01538
341,75	259,01538
342,01	259,69872
342,28	283,23205
342,54	316,21538
342,81	332,29872
343,07	351,28205
343,34	335,46538
343,60	342,16538
343,87	317,41538
344,13	321,86538
344,40	338,91538
344,66	367,39872
344,92	398,91538
345,19	384,01538
345,45	386,31538
345,72	388,24872
345,98	401,24872
346,25	405,78205
346,51	400,59872
346,78	395,61538
347,04	405,79872
347,30	397,21538
347,57	401,29872
347,83	388,39872
348,10	398,23205
348,36	404,91538
348,63	422,48205
348,89	421,93205
349,15	425,83205
349,42	417,93205
349,68	413,16538
349,95	410,18205
350,21	427,66538
350,48	439,79872
350,74	451,19872
351,01	439,99872
351,27	439,73205
351,53	431,71538
351,80	427,98205
352,06	437,76538
352,33	443,74872
352,59	446,99872
352,86	450,18205
353,12	468,93205
353,38	515,28205
353,65	515,29872
353,91	518,88205
354,18	525,61538
354,44	571,86538
354,70	583,66538
354,97	568,99872
355,23	566,64872
355,50	574,21538
355,76	613,14872
356,03	628,71538
356,29	669,74872
356,55	666,96538
356,82	655,69872
357,08	628,49872
357,35	620,23205
357,61	644,69872
357,87	665,11538
358,14	674,14872
358,40	668,23205
358,67	690,66538
358,93	722,34872
359,20	763,83205
359,46	770,74872
359,72	753,58205
359,99	708,69872
360,25	688,68205
360,52	688,19872
360,78	697,01538
361,04	698,16538
361,31	678,84872
361,57	656,73205
361,84	642,51538
362,10	644,58205
362,36	650,56538
362,63	660,14872
362,89	660,79872
363,16	669,46538
363,42	675,29872
363,68	676,03205
363,95	680,64872
364,21	658,34872
364,47	660,08205
364,74	641,59872
365,00	628,34872
365,27	600,39872
365,53	590,01538
365,79	594,96538
366,06	605,74872
366,32	617,28205
366,59	585,79872
366,85	571,64872
367,11	546,03205
367,38	557,18205
367,64	553,68205
367,91	552,71538
368,17	542,29872
368,43	529,28205
368,70	530,19872
368,96	528,91538
369,22	558,48205
369,49	569,28205
369,75	573,13205
370,02	561,13205
370,28	550,31538
370,54	555,38205
370,81	547,16538
371,07	551,38205
371,33	587,36538
371,60	569,73205
371,86	560,33205
372,13	522,68205
372,39	535,89872
372,65	544,94872
372,92	548,99872
373,18	564,66538
373,44	550,91538
373,71	527,74872
373,97	502,86538
374,23	509,31538
374,50	544,39872
374,76	556,38205
375,03	560,23205
375,29	551,14872
375,55	552,74872
375,82	546,74872
376,08	541,08205
376,34	569,98205
376,61	559,96538
376,87	548,69872
377,13	506,18205
377,40	529,16538
377,66	563,78205
377,92	601,11538
378,19	614,86538
378,45	618,68205
378,72	597,39872
378,98	597,48205
379,24	581,18205
379,51	598,58205
379,77	593,39872
380,03	568,93205
380,30	585,43205
380,56	589,38205
380,82	633,14872
381,09	626,76538
381,35	634,76538
381,61	611,94872
381,88	614,76538
382,14	618,23205
382,40	633,71538
382,67	622,86538
382,93	605,76538
383,19	590,53205
383,46	588,14872
383,72	597,86538
383,98	597,33205
384,25	608,74872
384,51	611,11538
384,77	609,31538
385,04	604,64872
385,30	588,58205
385,56	619,38205
385,83	639,36538
386,09	659,78205
386,35	656,86538
386,62	651,56538
386,88	668,91538
387,14	675,21538
387,41	670,83205
387,67	675,46538
387,93	687,63205
388,20	704,94872
388,46	706,11538
388,72	706,76538
388,99	704,76538
389,25	704,03205
389,51	697,98205
389,78	704,19872
390,04	725,16538
390,30	765,44872
390,56	782,88205
390,83	765,21538
391,09	735,39872
391,35	696,78205
391,62	688,89872
391,88	680,36538
392,14	691,78205
392,41	686,01538
392,67	659,14872
392,93	648,26538
393,20	622,18205
393,46	629,06538
393,72	608,58205
393,99	604,94872
394,25	604,56538
394,51	584,09872
394,77	591,99872
395,04	575,78205
395,30	598,34872
395,56	602,06538
395,83	596,63205
396,09	589,24872
396,35	595,84872
396,62	591,71538
396,88	614,89872
397,14	596,04872
397,40	645,38205
397,67	647,86538
397,93	650,28205
398,19	627,91538
398,46	622,43205
398,72	635,21538
398,98	636,26538
399,24	636,51538
399,51	636,74872
399,77	638,04872
400,03	627,01538
400,30	605,73205
400,56	633,18205
400,82	644,99872
401,08	646,74872
401,35	612,83205
401,61	615,93205
401,87	620,59872
402,14	635,14872
402,40	625,93205
402,66	634,59872
402,92	597,79872
403,19	585,73205
403,45	596,79872
403,71	615,96538
403,98	629,24872
404,24	623,34872
404,50	628,84872
404,76	656,64872
405,03	680,63205
405,29	713,61538
405,55	721,41538
405,81	755,91538
406,08	761,14872
406,34	770,98205
406,60	766,13205
406,87	795,46538
407,13	835,08205
407,39	827,88205
407,65	779,74872
407,92	708,96538
408,18	671,69872
408,44	668,24872
408,70	661,29872
408,97	670,58205
409,23	672,26538
409,49	670,49872
409,75	648,94872
410,02	626,96538
410,28	605,93205
410,54	599,96538
410,80	602,83205
411,07	612,86538
411,33	621,39872
411,59	592,43205
411,85	607,48205
412,12	613,36538
412,38	633,53205
412,64	613,98205
412,90	591,14872
413,17	587,58205
413,43	577,34872
413,69	590,79872
413,95	584,34872
414,22	583,43205
414,48	549,71538
414,74	531,74872
415,00	527,81538
415,27	532,91538
415,53	554,94872
415,79	551,76538
416,05	561,43205
416,32	555,63205
416,58	581,59872
416,84	598,23205
417,10	584,21538
417,37	567,13205
417,63	552,53205
417,89	571,13205
418,15	560,06538
418,41	549,56538
418,68	542,04872
418,94	555,19872
419,20	554,73205
419,46	568,26538
419,73	565,14872
419,99	579,96538
420,25	563,14872
420,51	612,36538
420,78	608,04872
421,04	593,18205
421,30	525,69872
421,56	530,53205
421,82	544,78205
422,09	570,56538
422,35	556,28205
422,61	563,13205
422,87	642,33205
423,14	635,93205
423,40	634,88205
423,66	534,51538
423,92	555,91538
424,18	552,01538
424,45	552,23205
424,71	537,36538
424,97	544,11538
425,23	539,09872
425,49	534,43205
425,76	541,51538
426,02	563,79872
426,28	577,29872
426,54	563,69872
426,81	557,18205
427,07	549,21538
427,33	537,68205
427,59	535,78205
427,85	531,98205
428,12	547,31538
428,38	549,83205
428,64	545,24872
428,90	532,66538
429,16	532,56538
429,43	537,48205
429,69	541,34872
429,95	544,51538
430,21	560,91538
430,47	594,63205
430,74	587,06538
431,00	581,98205
431,26	551,43205
431,52	565,83205
431,78	578,93205
432,05	618,76538
432,31	658,29872
432,57	649,21538
432,83	607,64872
433,09	562,24872
433,35	555,09872
433,62	550,04872
433,88	540,01538
434,14	538,89872
434,40	537,86538
434,66	548,51538
434,93	543,76538
435,19	553,76538
435,45	545,11538
435,71	574,68205
435,97	584,94872
436,23	587,34872
436,50	571,86538
436,76	563,23205
437,02	571,34872
437,28	559,23205
437,54	568,98205
437,81	555,54872
438,07	556,79872
438,33	544,36538
438,59	540,91538
438,85	546,44872
439,11	532,56538
439,38	555,81538
439,64	545,21538
439,90	555,59872
440,16	544,61538
440,42	548,96538
440,68	561,99872
440,95	549,44872
441,21	568,73205
441,47	581,83205
441,73	593,36538
441,99	594,33205
442,25	583,66538
442,52	604,11538
442,78	596,09872
443,04	605,74872
443,30	597,58205
443,56	615,93205
443,82	621,71538
444,08	642,13205
444,35	646,09872
444,61	645,74872
444,87	613,51538
445,13	617,24872
445,39	592,16538
445,65	606,61538
445,92	560,54872
446,18	575,21538
446,44	573,59872
446,70	598,79872
446,96	607,64872
447,22	623,53205
447,48	636,86538
447,75	646,08205
448,01	656,74872
448,27	641,54872
448,53	633,69872
448,79	632,49872
449,05	654,34872
449,31	660,89872
449,58	661,73205
449,84	652,56538
450,10	646,34872
450,36	608,08205
450,62	588,96538
450,88	572,76538
451,14	564,81538
451,41	544,66538
451,67	522,86538
451,93	527,24872
452,19	542,83205
452,45	562,59872
452,71	559,14872
452,97	538,38205
453,23	548,64872
453,50	552,01538
453,76	563,93205
454,02	546,54872
454,28	543,58205
454,54	546,61538
454,80	554,04872
455,06	554,66538
455,32	552,04872
455,59	536,06538
455,85	535,34872
456,11	535,68205
456,37	543,56538
456,63	548,04872
456,89	551,66538
457,15	575,81538
457,41	579,21538
457,68	595,61538
457,94	574,88205
458,20	581,51538
458,46	584,01538
458,72	604,31538
458,98	619,83205
459,24	627,96538
459,50	637,53205
459,76	636,09872
460,03	620,44872
460,29	623,84872
460,55	641,33205
460,81	665,33205
461,07	665,76538
461,33	691,48205
461,59	723,81538
461,85	713,44872
462,11	683,76538
462,37	660,43205
462,64	671,38205
462,90	661,59872
463,16	654,11538
463,42	671,16538
463,68	677,49872
463,94	670,91538
464,20	649,68205
464,46	640,84872
464,72	658,19872
464,98	652,91538
465,24	670,94872
465,51	655,76538
465,77	661,81538
466,03	632,79872
466,29	625,73205
466,55	610,39872
466,81	613,63205
467,07	616,83205
467,33	618,96538
467,59	642,06538
467,85	630,91538
468,11	618,63205
468,38	584,39872
468,64	597,63205
468,90	592,64872
469,16	603,24872
469,42	584,19872
469,68	588,41538
469,94	599,49872
470,20	609,04872
470,46	607,34872
470,72	596,59872
470,98	578,66538
471,24	587,58205
471,50	587,53205
471,77	603,28205
472,03	609,49872
472,29	595,79872
472,55	597,48205
472,81	610,38205
473,07	622,61538
473,33	603,58205
473,59	591,93205
473,85	587,51538
474,11	600,14872
474,37	599,79872
474,63	600,33205
474,89	629,33205
475,15	649,73205
475,41	687,63205
475,68	687,91538
475,94	694,19872
476,20	692,23205
476,46	715,58205
476,72	715,08205
476,98	735,83205
477,24	738,86538
477,50	775,13205
477,76	823,23205
478,02	907,04872
478,28	996,23205
478,54	1060,38205
478,80	1122,44872
479,06	1170,98205
479,32	1233,69872
479,58	1276,36538
479,84	1351,21538
480,10	1349,51538
480,36	1304,29872
480,63	1198,94872
480,89	1106,04872
481,15	1055,99872
481,41	1011,01538
481,67	1003,99872
481,93	971,86538
482,19	933,01538
482,45	900,24872
482,71	871,58205
482,97	852,61538
483,23	832,89872
483,49	821,46538
483,75	834,13205
484,01	836,53205
484,27	831,14872
484,53	836,94872
484,79	882,31538
485,05	890,54872
485,31	891,09872
485,57	845,43205
485,83	857,39872
486,09	844,88205
486,35	852,66538
486,61	840,79872
486,87	844,69872
487,13	854,14872
487,39	875,53205
487,65	904,79872
487,91	911,79872
488,17	907,14872
488,43	886,51538
488,70	897,44872
488,96	913,79872
489,22	919,86538
489,48	924,56538
489,74	929,36538
490,00	958,61538
490,26	959,28205
490,52	988,64872
490,78	994,84872
491,04	1012,61538
491,30	1011,78205
491,56	1019,06538
491,82	1011,51538
492,08	1001,71538
492,34	1013,18205
492,60	1034,81538
492,86	1047,44872
493,12	1057,04872
493,38	1084,59872
493,64	1121,26538
493,90	1130,26538
494,16	1112,46538
494,42	1108,71538
494,68	1124,13205
494,94	1165,66538
495,20	1196,79872
495,46	1209,24872
495,72	1208,28205
495,98	1203,74872
496,24	1197,28205
496,50	1210,24872
496,76	1244,43205
497,02	1277,46538
497,28	1299,36538
497,54	1323,68205
497,80	1347,29872
498,06	1358,83205
498,32	1346,84872
498,58	1365,68205
498,84	1384,76538
499,10	1413,53205
499,36	1447,13205
499,62	1490,24872
499,88	1531,91538
500,14	1547,88205
500,40	1551,71538
500,66	1569,54872
500,92	1590,01538
501,18	1589,24872
501,44	1559,93205
501,69	1532,56538
501,95	1529,39872
502,21	1510,64872
502,47	1476,54872
502,73	1428,08205
502,99	1408,49872
503,25	1395,96538
503,51	1394,21538
503,77	1378,39872
504,03	1373,58205
504,29	1380,08205
504,55	1392,51538
504,81	1383,14872
505,07	1360,11538
505,33	1344,79872
505,59	1343,28205
505,85	1360,19872
506,11	1359,24872
506,37	1357,41538
506,63	1332,03205
506,89	1330,36538
507,15	1335,54872
507,41	1337,14872
507,67	1329,88205
507,93	1316,21538
508,19	1311,23205
508,45	1314,08205
508,71	1310,04872
508,97	1298,26538
509,23	1282,68205
509,49	1306,83205
509,74	1335,34872
510,00	1342,38205
510,26	1332,01538
510,52	1310,54872
510,78	1322,41538
511,04	1303,96538
511,30	1332,81538
511,56	1319,69872
511,82	1328,33205
512,08	1305,44872
512,34	1333,88205
512,60	1329,54872
512,86	1343,69872
513,12	1330,33205
513,38	1346,94872
513,64	1368,33205
513,90	1389,76538
514,16	1439,79872
514,42	1466,53205
514,67	1484,16538
514,93	1477,58205
515,19	1469,44872
515,45	1462,59872
515,71	1442,86538
515,97	1435,76538
516,23	1419,61538
516,49	1403,28205
516,75	1393,46538
517,01	1394,41538
517,27	1386,34872
517,53	1368,01538
517,79	1354,46538
518,05	1350,14872
518,31	1357,28205
518,56	1355,43205
518,82	1357,78205
519,08	1328,91538
519,34	1314,41538
519,60	1294,64872
519,86	1313,06538
520,12	1306,34872
520,38	1300,16538
520,64	1300,84872
520,90	1324,33205
521,16	1336,98205
521,42	1336,31538
521,68	1348,41538
521,93	1438,29872
522,19	1521,64872
522,45	1607,53205
522,71	1624,86538
522,97	1662,94872
523,23	1675,11538
523,49	1759,83205
523,75	1820,68205
524,01	1810,24872
524,27	1685,04872
524,53	1567,93205
524,79	1510,58205
525,04	1482,41538
525,30	1425,81538
525,56	1377,99872
525,82	1340,28205
526,08	1337,18205
526,34	1321,44872
526,60	1344,19872
526,86	1329,24872
527,12	1337,21538
527,38	1302,31538
527,63	1296,11538
527,89	1281,93205
528,15	1280,18205
528,41	1269,29872
528,67	1267,51538
528,93	1274,71538
529,19	1264,18205
529,45	1250,63205
529,71	1235,24872
529,97	1249,14872
530,22	1265,89872
530,48	1283,16538
530,74	1284,06538
531,00	1289,43205
531,26	1301,68205
531,52	1312,88205
531,78	1300,38205
532,04	1296,98205
532,30	1289,13205
532,55	1329,01538
532,81	1331,44872
533,07	1322,49872
533,33	1290,61538
533,59	1266,48205
533,85	1255,28205
534,11	1279,58205
534,37	1295,44872
534,62	1314,63205
534,88	1268,51538
535,14	1245,13205
535,40	1233,46538
535,66	1253,51538
535,92	1261,03205
536,18	1269,51538
536,44	1265,84872
536,69	1259,56538
536,95	1260,86538
537,21	1269,44872
537,47	1294,64872
537,73	1309,98205
537,99	1296,83205
538,25	1284,13205
538,51	1266,79872
538,76	1273,13205
539,02	1276,86538
539,28	1292,69872
539,54	1289,93205
539,80	1278,14872
540,06	1265,83205
540,32	1282,96538
540,57	1298,19872
540,83	1309,71538
541,09	1284,81538
541,35	1266,39872
541,61	1249,94872
541,87	1247,63205
542,13	1273,16538
542,38	1285,36538
542,64	1287,21538
542,90	1270,78205
543,16	1233,34872
543,42	1237,78205
543,68	1219,38205
543,94	1231,41538
544,19	1223,13205
544,45	1236,96538
544,71	1232,08205
544,97	1233,76538
545,23	1209,34872
545,49	1205,99872
545,74	1175,01538
546,00	1191,54872
546,26	1159,73205
546,52	1196,83205
546,78	1196,34872
547,04	1220,73205
547,29	1198,49872
547,55	1175,64872
547,81	1168,56538
548,07	1167,18205
548,33	1162,28205
548,59	1164,68205
548,84	1161,86538
549,10	1166,41538
549,36	1162,11538
549,62	1162,68205
549,88	1167,06538
550,14	1177,14872
550,39	1174,08205
550,65	1187,91538
550,91	1192,73205
551,17	1197,98205
551,43	1191,84872
551,69	1196,46538
551,94	1219,33205
552,20	1234,43205
552,46	1240,94872
552,72	1226,89872
552,98	1219,29872
553,24	1212,81538
553,49	1214,63205
553,75	1218,46538
554,01	1226,66538
554,27	1234,86538
554,53	1249,93205
554,78	1249,53205
555,04	1243,24872
555,30	1238,93205
555,56	1230,78205
555,82	1256,08205
556,07	1268,53205
556,33	1292,93205
556,59	1292,48205
556,85	1297,76538
557,11	1322,54872
557,37	1336,71538
557,62	1326,43205
557,88	1307,66538
558,14	1321,26538
558,40	1324,93205
558,66	1329,18205
558,91	1302,06538
559,17	1313,11538
559,43	1323,69872
559,69	1316,56538
559,95	1295,99872
560,20	1269,41538
560,46	1285,78205
560,72	1292,51538
560,98	1309,28205
561,24	1270,89872
561,49	1260,18205
561,75	1233,36538
562,01	1247,16538
562,27	1246,58205
562,52	1241,26538
562,78	1236,68205
563,04	1238,49872
563,30	1229,81538
563,56	1229,74872
563,81	1239,76538
564,07	1276,48205
564,33	1324,38205
564,59	1335,26538
564,85	1344,46538
565,10	1375,64872
565,36	1407,89872
565,62	1449,48205
565,88	1423,59872
566,13	1448,41538
566,39	1450,26538
566,65	1474,63205
566,91	1473,06538
567,17	1452,16538
567,42	1454,09872
567,68	1418,76538
567,94	1415,01538
568,20	1382,79872
568,45	1377,38205
568,71	1355,24872
568,97	1322,09872
569,23	1324,59872
569,49	1310,68205
569,74	1310,16538
570,00	1257,23205
570,26	1250,38205
570,52	1242,94872
570,77	1270,31538
571,03	1285,56538
571,29	1294,98205
571,55	1295,78205
571,80	1261,49872
572,06	1239,99872
572,32	1220,28205
572,58	1258,49872
572,83	1273,08205
573,09	1260,81538
573,35	1238,66538
573,61	1215,16538
573,86	1216,81538
574,12	1191,86538
574,38	1205,96538
574,64	1200,26538
574,89	1225,71538
575,15	1252,49872
575,41	1263,13205
575,67	1256,24872
575,92	1230,91538
576,18	1244,88205
576,44	1245,73205
576,70	1240,76538
576,95	1216,69872
577,21	1202,81538
577,47	1203,49872
577,73	1216,74872
577,98	1210,63205
578,24	1199,31538
578,50	1178,11538
578,76	1176,09872
579,01	1157,84872
579,27	1145,49872
579,53	1154,69872
579,79	1147,81538
580,04	1135,43205
580,30	1090,31538
580,56	1067,38205
580,81	1059,58205
581,07	1067,13205
581,33	1071,53205
581,59	1076,21538
581,84	1092,34872
582,10	1118,18205
582,36	1142,18205
582,62	1176,94872
582,87	1219,81538
583,13	1287,74872
583,39	1314,24872
583,64	1341,36538
583,90	1326,06538
584,16	1359,18205
584,42	1377,76538
584,67	1380,66538
584,93	1341,54872
585,19	1291,39872
585,45	1260,78205
585,70	1233,93205
585,96	1227,99872
586,22	1213,48205
586,47	1196,99872
586,73	1194,49872
586,99	1193,91538
587,25	1202,49872
587,50	1177,76538
587,76	1161,51538
588,02	1150,74872
588,27	1158,84872
588,53	1180,93205
588,79	1172,28205
589,04	1152,59872
589,30	1151,46538
589,56	1151,33205
589,82	1165,88205
590,07	1147,98205
590,33	1143,71538
590,59	1130,76538
590,84	1128,91538
591,10	1135,43205
591,36	1148,86538
591,61	1147,51538
591,87	1157,74872
592,13	1151,56538
592,39	1154,33205
592,64	1148,58205
592,90	1134,36538
593,16	1132,71538
593,41	1131,09872
593,67	1141,03205
593,93	1133,43205
594,18	1142,29872
594,44	1153,98205
594,70	1159,29872
594,95	1161,31538
595,21	1173,54872
595,47	1175,48205
595,73	1165,49872
595,98	1153,24872
596,24	1156,53205
596,50	1137,03205
596,75	1123,93205
597,01	1107,31538
597,27	1086,43205
597,52	1054,89872
597,78	1022,76538
598,04	1009,56538
598,29	971,84872
598,55	959,46538
598,81	932,81538
599,06	933,69872
599,32	909,04872
599,58	920,01538
599,83	896,61538
600,09	896,19872
600,35	876,84872
600,60	879,16538
600,86	881,76538
601,12	882,98205
601,37	889,36538
601,63	868,78205
601,89	850,34872
602,14	836,99872
602,40	832,73205
602,66	829,68205
602,91	812,93205
603,17	823,08205
603,43	832,36538
603,68	850,04872
603,94	833,79872
604,20	823,31538
604,45	808,39872
604,71	809,06538
604,97	810,41538
605,22	816,01538
605,48	822,74872
605,74	834,69872
605,99	834,06538
606,25	824,71538
606,51	807,51538
606,76	795,06538
607,02	808,13205
607,27	799,44872
607,53	811,34872
607,79	804,18205
608,04	794,24872
608,30	784,93205
608,56	773,43205
608,81	797,83205
609,07	794,11538
609,33	817,79872
609,58	822,88205
609,84	833,01538
610,10	814,69872
610,35	788,61538
610,61	779,29872
610,86	764,53205
611,12	767,31538
611,38	757,19872
611,63	755,21538
611,89	754,49872
612,15	766,86538
612,40	757,41538
612,66	738,49872
612,92	711,34872
613,17	738,71538
613,43	757,58205
613,68	772,13205
613,94	750,09872
614,20	740,18205
614,45	728,01538
614,71	746,16538
614,97	733,79872
615,22	737,91538
615,48	723,96538
615,73	737,83205
615,99	744,14872
616,25	748,28205
616,50	760,59872
616,76	757,43205
617,01	761,53205
617,27	735,64872
617,53	737,89872
617,78	754,14872
618,04	772,09872
618,30	781,71538
618,55	746,04872
618,81	748,99872
619,06	728,38205
619,32	737,23205
619,58	725,96538
619,83	735,19872
620,09	728,66538
620,34	728,03205
620,60	721,24872
620,86	721,53205
621,11	721,34872
621,37	738,61538
621,62	738,33205
621,88	724,29872
622,14	699,51538
622,39	705,49872
622,65	717,36538
622,90	719,38205
623,16	725,48205
623,42	728,83205
623,67	719,96538
623,93	721,54872
624,18	714,64872
624,44	747,29872
624,70	753,33205
624,95	751,93205
625,21	745,04872
625,46	727,41538
625,72	750,46538
625,98	738,09872
626,23	756,76538
626,49	747,61538
626,74	777,39872
627,00	797,61538
627,25	819,59872
627,51	834,34872
627,77	823,99872
628,02	815,66538
628,28	823,16538
628,53	839,24872
628,79	850,06538
629,04	816,78205
629,30	798,34872
629,56	796,53205
629,81	792,26538
630,07	791,41538
630,32	776,69872
630,58	805,61538
630,83	797,64872
631,09	790,21538
631,35	763,66538
631,60	759,44872
631,86	768,23205
632,11	762,58205
632,37	740,24872
632,62	713,59872
632,88	701,11538
633,14	704,59872
633,39	703,44872
633,65	726,83205
633,90	739,91538
634,16	739,43205
634,41	710,64872
634,67	702,58205
634,93	713,51538
635,18	721,04872
635,44	702,36538
635,69	687,28205
635,95	690,34872
636,20	717,84872
636,46	718,88205
636,71	716,81538
636,97	704,99872
637,22	708,34872
637,48	698,84872
637,74	700,34872
637,99	709,58205
638,25	718,34872
638,50	710,74872
638,76	712,66538
639,01	700,93205
639,27	695,49872
639,52	691,04872
639,78	702,43205
640,03	702,46538
640,29	690,29872
640,55	689,51538
640,80	691,06538
641,06	689,18205
641,31	709,49872
641,57	713,51538
641,82	735,31538
642,08	731,09872
642,33	743,41538
642,59	753,94872
642,84	757,53205
643,10	753,78205
643,35	738,38205
643,61	732,76538
643,87	738,34872
644,12	741,16538
644,38	723,43205
644,63	720,53205
644,89	727,29872
645,14	733,48205
645,40	721,78205
645,65	721,03205
645,91	712,89872
646,16	730,16538
646,42	728,38205
646,67	724,04872
646,93	711,03205
647,18	703,63205
647,44	709,28205
647,69	705,09872
647,95	691,36538
648,20	689,69872
648,46	692,33205
648,71	702,64872
648,97	706,69872
649,22	707,46538
649,48	702,48205
649,73	699,73205
649,99	695,86538
650,24	713,51538
650,50	727,39872
650,75	735,14872
651,01	733,76538
651,26	729,24872
651,52	725,09872
651,77	712,89872
652,03	717,89872
652,28	717,04872
652,54	742,76538
652,79	768,19872
653,05	791,84872
653,30	795,96538
653,56	779,83205
653,81	788,34872
654,07	799,36538
654,32	820,26538
654,58	833,71538
654,83	861,28205
655,09	876,29872
655,34	898,66538
655,60	910,68205
655,85	935,56538
656,11	976,39872
656,36	996,84872
656,62	999,29872
656,87	975,41538
657,13	941,24872
657,38	937,54872
657,64	931,11538
657,89	930,59872
658,15	880,41538
658,40	831,34872
658,66	806,14872
658,91	788,96538
659,17	775,21538
659,42	752,64872
659,68	742,46538
659,93	715,68205
660,19	697,01538
660,44	700,08205
660,70	711,98205
660,95	706,99872
661,20	688,43205
661,46	676,74872
661,71	673,58205
661,97	663,83205
662,22	664,86538
662,48	664,14872
662,73	663,69872
662,99	667,11538
663,24	670,08205
663,50	659,21538
663,75	648,94872
664,01	618,84872
664,26	637,26538
664,52	624,33205
664,77	642,04872
665,02	644,13205
665,28	650,61538
665,53	647,54872
665,79	648,86538
666,04	651,66538
666,30	641,26538
666,55	636,11538
666,81	620,64872
667,06	627,98205
667,32	625,68205
667,57	627,86538
667,82	621,89872
668,08	618,24872
668,33	616,56538
668,59	605,56538
668,84	608,43205
669,10	600,24872
669,35	657,28205
669,61	628,28205
669,86	643,69872
670,11	583,78205
670,37	603,23205
670,62	598,33205
670,88	609,49872
671,13	583,08205
671,39	561,09872
671,64	542,69872
671,90	552,71538
672,15	557,06538
672,40	550,69872
672,66	529,21538
672,91	530,73205
673,17	528,03205
673,42	537,51538
673,68	527,03205
673,93	520,41538
674,18	521,61538
674,44	511,01538
674,69	517,64872
674,95	519,88205
675,20	521,93205
675,46	517,54872
675,71	500,81538
675,96	510,91538
676,22	500,23205
676,47	509,43205
676,73	504,36538
676,98	503,66538
677,23	505,39872
677,49	512,18205
677,74	538,64872
678,00	524,93205
678,25	521,68205
678,51	519,13205
678,76	512,38205
679,01	511,36538
679,27	491,63205
679,52	492,51538
679,78	484,24872
680,03	488,63205
680,28	487,86538
680,54	477,84872
680,79	458,08205
681,05	457,03205
681,30	449,63205
681,55	453,56538
681,81	454,71538
682,06	474,19872
682,32	482,06538
682,57	492,68205
682,82	475,86538
683,08	467,36538
683,33	438,49872
683,59	448,83205
683,84	436,93205
684,09	447,76538
684,35	439,31538
684,60	456,24872
684,86	452,99872
685,11	471,43205
685,36	469,91538
685,62	487,48205
685,87	452,19872
686,13	440,81538
686,38	416,93205
686,63	439,23205
686,89	457,81538
687,14	488,74872
687,40	482,81538
687,65	483,19872
687,90	467,59872
688,16	466,41538
688,41	455,98205
688,66	448,94872
688,92	453,04872
689,17	442,01538
689,43	438,39872
689,68	442,74872
689,93	454,14872
690,19	454,34872
690,44	432,78205
690,69	418,03205
690,95	415,39872
691,20	425,79872
691,46	417,86538
691,71	425,34872
691,96	426,06538
692,22	432,96538
692,47	415,64872
692,72	402,56538
692,98	400,39872
693,23	408,01538
693,49	423,96538
693,74	428,13205
693,99	434,74872
694,25	425,49872
694,50	424,84872
694,75	417,16538
695,01	397,09872
695,26	399,59872
695,51	398,56538
695,77	397,73205
696,02	391,34872
696,27	388,23205
696,53	405,21538
696,78	412,98205
697,04	418,11538
697,29	407,11538
697,54	396,11538
697,80	381,68205
698,05	386,46538
698,30	377,08205
698,56	374,81538
698,81	372,34872
699,06	378,88205
699,32	376,99872
699,57	378,49872
699,82	389,98205
700,08	385,89872
700,33	377,09872
700,58	363,44872
700,84	367,34872
701,09	359,08205
701,34	356,86538
701,60	362,78205
701,85	369,88205
702,10	375,31538
702,36	382,89872
702,61	376,29872
702,86	362,36538
703,12	337,14872
703,37	341,66538
703,62	340,76538
703,88	341,19872
704,13	331,41538
704,38	337,39872
704,64	365,13205
704,89	374,46538
705,14	389,94872
705,40	381,21538
705,65	384,08205
705,90	362,59872
706,16	338,24872
706,41	337,29872
706,66	337,66538
706,92	342,18205
707,17	346,16538
707,42	367,36538
707,68	356,74872
707,93	345,38205
708,18	335,66538
708,44	362,49872
708,69	373,86538
708,94	366,89872
709,19	355,28205
709,45	359,14872
709,70	348,63205
709,95	349,16538
710,21	325,89872
710,46	321,63205
710,71	340,06538
710,97	340,31538
711,22	350,88205
711,47	323,34872
711,73	328,76538
711,98	325,19872
712,23	323,26538
712,48	317,51538
712,74	316,26538
712,99	316,69872
713,24	305,58205
713,50	304,94872
713,75	324,78205
714,00	342,38205
714,26	340,48205
714,51	328,33205
714,76	334,99872
715,01	334,86538
715,27	357,58205
715,52	354,38205
715,77	370,19872
716,03	352,94872
716,28	353,84872
716,53	361,29872
716,78	359,83205
717,04	361,61538
717,29	356,63205
717,54	362,39872
717,80	347,61538
718,05	336,89872
718,30	322,86538
718,55	328,54872
718,81	321,34872
719,06	328,73205
719,31	324,38205
719,57	313,08205
719,82	306,06538
720,07	305,94872
720,32	304,96538
720,58	307,03205
720,83	301,89872
721,08	305,73205
721,33	297,79872
721,59	311,71538
721,84	318,03205
722,09	330,46538
722,35	321,04872
722,60	311,68205
722,85	304,73205
723,10	296,49872
723,36	297,71538
723,61	282,58205
723,86	289,29872
724,11	298,68205
724,37	294,44872
724,62	285,14872
724,87	269,34872
725,12	272,36538
725,38	270,88205
725,63	272,01538
725,88	263,46538
726,13	262,19872
726,39	243,41538
726,64	263,73205
726,89	265,63205
727,14	275,58205
727,40	268,76538
727,65	272,98205
727,90	288,04872
728,15	293,24872
728,41	277,96538
728,66	279,44872
728,91	264,26538
729,16	273,98205
729,42	273,69872
729,67	282,01538
729,92	263,43205
730,17	251,01538
730,43	251,41538
730,68	272,73205
730,93	277,64872
731,18	272,76538
731,44	265,73205
731,69	258,78205
731,94	260,09872
732,19	269,56538
732,45	276,06538
732,70	290,33205
732,95	273,84872
733,20	258,44872
733,45	249,48205
733,71	261,18205
733,96	257,68205
734,21	261,81538
734,46	256,58205
734,72	268,08205
734,97	262,94872
735,22	257,84872
735,47	258,43205
735,72	252,01538
735,98	247,56538
736,23	246,98205
736,48	251,24872
736,73	260,38205
736,99	250,99872
737,24	250,16538
737,49	243,68205
737,74	250,51538
737,99	267,19872
738,25	272,84872
738,50	271,78205
738,75	243,38205
739,00	247,09872
739,25	256,66538
739,51	257,46538
739,76	257,48205
740,01	257,84872
740,26	271,46538
740,52	279,09872
740,77	302,38205
741,02	308,31538
741,27	307,19872
741,52	303,21538
741,78	315,21538
742,03	328,39872
742,28	330,46538
742,53	342,66538
742,78	364,71538
743,04	392,61538
743,29	423,31538
743,54	447,48205
743,79	444,46538
744,04	426,48205
744,30	418,76538
744,55	424,38205
744,80	448,53205
745,05	449,08205
745,30	452,93205
745,55	437,08205
745,81	464,94872
746,06	486,91538
746,31	516,44872
746,56	511,18205
746,81	514,19872
747,07	515,66538
747,32	519,73205
747,57	538,13205
747,82	537,74872
748,07	526,23205
748,32	468,54872
748,58	424,99872
748,83	380,86538
749,08	369,44872
749,33	356,79872
749,58	360,41538
749,84	363,64872
750,09	367,28205
750,34	378,59872
750,59	396,66538
750,84	390,64872
751,09	399,93205
751,35	385,68205
751,60	400,99872
751,85	379,56538
752,10	356,74872
752,35	346,26538
752,60	325,26538
752,86	314,63205
753,11	275,46538
753,36	254,26538
753,61	241,31538
753,86	226,43205
754,11	222,84872
754,37	202,73205
754,62	202,51538
754,87	200,69872
755,12	221,11538
755,37	230,79872
755,62	233,03205
755,87	206,29872
756,13	193,66538
756,38	189,64872
756,63	210,69872
756,88	234,61538
757,13	230,29872
757,38	232,78205
757,64	203,41538
757,89	200,28205
758,14	206,26538
758,39	205,21538
758,64	223,38205
758,89	209,41538
759,14	225,43205
759,40	219,21538
759,65	216,01538
759,90	208,66538
760,15	194,39872
760,40	173,96538
760,65	164,41538
760,90	164,93205
761,15	173,71538
761,41	183,21538
761,66	178,61538
761,91	188,33205
762,16	175,99872
762,41	193,93205
762,66	183,18205
762,91	189,01538
763,17	182,34872
763,42	189,03205
763,67	197,69872
763,92	195,99872
764,17	195,78205
764,42	179,78205
764,67	185,24872
764,92	195,48205
765,18	196,84872
765,43	177,34872
765,68	180,99872
765,93	194,49872
766,18	201,49872
766,43	192,36538
766,68	190,99872
766,93	184,11538
767,18	172,36538
767,44	172,13205
767,69	167,88205
767,94	184,71538
768,19	173,68205
768,44	180,48205
768,69	178,91538
768,94	191,18205
769,19	188,26538
769,44	186,63205
769,70	168,41538
769,95	175,78205
770,20	181,26538
770,45	201,99872
770,70	205,59872
770,95	195,84872
771,20	178,46538
771,45	191,43205
771,70	191,89872
771,95	192,21538
772,21	192,31538
772,46	196,39872
772,71	207,94872
772,96	203,21538
773,21	206,28205
773,46	223,28205
773,71	228,91538
773,96	223,13205
774,21	220,63205
774,46	228,04872
774,72	250,83205
774,97	256,74872
775,22	261,83205
775,47	290,11538
775,72	335,16538
775,97	422,09872
776,22	522,89872
776,47	662,93205
776,72	759,51538
776,97	804,61538
777,22	773,81538
777,47	746,96538
777,73	731,33205
777,98	754,14872
778,23	731,64872
778,48	658,49872
778,73	533,48205
778,98	440,58205
779,23	382,63205
779,48	342,13205
779,73	290,69872
779,98	250,53205
780,23	234,04872
780,48	222,81538
780,73	228,48205
780,98	225,48205
781,24	221,33205
781,49	196,26538
781,74	173,08205
781,99	167,68205
782,24	170,36538
782,49	169,48205
782,74	165,34872
782,99	163,83205
783,24	162,51538
783,49	165,81538
783,74	161,33205
783,99	176,01538
784,24	164,69872
784,49	158,31538
784,74	149,21538
784,99	156,79872
785,24	145,48205
785,49	122,09872
785,75	145,48205
786,00	174,23205
786,25	178,73205
786,50	151,14872
786,75	129,86538
787,00	149,84872
787,25	150,01538
787,50	157,63205
787,75	146,68205
788,00	168,09872
788,25	145,11538
788,50	136,64872
788,75	116,19872
789,00	122,69872
789,25	118,66538
789,50	104,14872
789,75	106,14872
790,00	118,91538
790,25	127,01538
790,50	160,46538
790,75	176,23205
791,00	175,28205
791,25	166,46538
791,50	142,23205
791,75	145,01538
792,01	147,56538
792,26	152,93205
792,51	163,46538
792,76	142,56538
793,01	141,13205
793,26	115,16538
793,51	128,53205
793,76	144,91538
794,01	183,04872
794,26	196,06538
794,51	206,54872
794,76	198,33205
795,01	204,01538
795,26	203,43205
795,51	210,99872
795,76	199,53205
796,01	198,99872
796,26	192,01538
796,51	177,76538
796,76	153,94872
797,01	128,81538
797,26	132,36538
797,51	119,68205
797,76	136,29872
798,01	130,74872
798,26	152,94872
798,51	140,41538
798,76	121,21538
799,01	110,73205
799,26	98,83205
799,51	106,36538
799,76	99,16538
800,01	116,56538
800,26	110,18205
800,51	118,64872
800,76	108,03205
801,01	113,59872
801,26	102,71538
801,51	100,54872
801,76	101,59872
802,01	98,84872
802,26	107,51538
802,51	119,56538
802,76	126,08205
803,01	120,89872
803,26	100,54872
803,51	99,36538
803,76	103,09872
804,01	115,66538
804,26	105,94872
804,51	97,14872
804,76	86,24872
805,01	88,16538
805,26	83,24872
805,51	85,13205
805,76	81,06538
806,01	119,39872
806,26	129,19872
806,51	132,53205
806,76	90,41538
807,01	76,54872
807,26	77,46538
807,51	71,89872
807,76	70,33205
808,01	77,01538
808,26	93,59872
808,50	98,44872
808,75	94,16538
809,00	88,09872
809,25	97,16538
809,50	93,01538
809,75	98,89872
810,00	93,19872
810,25	88,48205
810,50	97,94872
810,75	102,11538
811,00	122,49872
811,25	118,53205
811,50	132,14872
811,75	130,98205
812,00	121,78205
812,25	105,59872
812,50	74,09872
812,75	69,31538
813,00	70,14872
813,25	85,16538
813,50	89,58205
813,75	83,38205
814,00	90,16538
814,25	91,81538
814,50	113,26538
814,74	106,93205
814,99	125,33205
815,24	103,34872
815,49	108,93205
815,74	95,98205
815,99	118,66538
816,24	128,53205
816,49	135,34872
816,74	148,61538
816,99	146,64872
817,24	162,54872
817,49	143,14872
817,74	182,41538
817,99	192,68205
818,24	222,23205
818,49	229,84872
818,74	237,26538
818,98	252,99872
819,23	251,84872
819,48	281,43205
819,73	271,51538
819,98	277,23205
820,23	248,04872
820,48	270,04872
820,73	290,91538
820,98	329,48205
821,23	339,71538
821,48	338,16538
821,73	338,29872
821,98	348,48205
822,23	352,23205
822,47	364,94872
822,72	345,14872
822,97	329,24872
823,22	298,61538
823,47	283,83205
823,72	276,21538
823,97	269,48205
824,22	265,53205
824,47	236,73205
824,72	213,93205
824,97	190,61538
825,22	183,69872
825,46	169,31538
825,71	155,98205
825,96	137,53205
826,21	120,11538
826,46	105,38205
826,71	101,26538
826,96	114,66538
827,21	107,46538
827,46	102,46538
827,71	80,39872
827,96	77,71538
828,20	82,01538
828,45	86,59872
828,70	94,29872
828,95	84,64872
829,20	79,76538
829,45	74,94872
829,70	76,41538
829,95	74,74872
830,20	68,71538
830,45	82,58205
830,69	83,81538
830,94	84,46538
831,19	77,23205
831,44	62,43205
831,69	71,41538
831,94	63,83205
832,19	78,71538
832,44	61,54872
832,69	59,08205
832,93	59,73205
833,18	78,48205
833,43	73,86538
833,68	63,54872
833,93	62,83205
834,18	72,29872
834,43	79,39872
834,68	68,59872
834,92	57,08205
835,17	59,43205
835,42	68,63205
835,67	82,56538
835,92	71,14872
836,17	61,21538
836,42	47,28205
836,67	31,69872
836,91	45,38205
837,16	51,48205
837,41	54,53205
837,66	66,66538
837,91	84,33205
838,16	95,26538
838,41	79,71538
838,66	54,48205
838,90	69,09872
839,15	59,73205
839,40	69,33205
839,65	53,58205
839,90	49,76538
840,15	56,88205
840,40	48,64872
840,64	65,94872
840,89	49,51538
841,14	68,94872
841,39	58,33205
841,64	59,81538
841,89	62,58205
842,14	51,66538
842,38	84,94872
842,63	91,23205
842,88	98,96538
843,13	78,24872
843,38	88,26538
843,63	112,24872
843,87	150,08205
844,12	157,09872
844,37	165,11538
844,62	154,13205
844,87	156,08205
845,12	169,58205
845,37	161,93205
845,61	147,88205
845,86	116,28205
846,11	104,94872
846,36	88,43205
846,61	89,14872
846,86	82,84872
847,10	85,56538
847,35	94,61538
847,60	89,76538
847,85	85,19872
848,10	68,26538
848,35	68,59872
848,59	75,18205
848,84	62,44872
849,09	70,58205
849,34	58,23205
849,59	66,94872
849,84	39,66538
850,08	50,18205
850,33	38,44872
850,58	46,16538
850,83	48,04872
851,08	43,83205
851,32	39,71538
851,57	35,08205
851,82	59,56538
852,07	64,71538
852,32	78,83205
852,57	54,34872
852,81	71,93205
853,06	50,06538
853,31	71,83205
853,56	54,61538
853,81	53,38205
854,05	50,16538
854,30	45,78205
854,55	48,04872
854,80	37,64872
855,05	71,53205
855,29	73,01538
855,54	83,24872
855,79	58,14872
856,04	58,86538
856,29	57,51538
856,53	69,19872
856,78	66,93205
857,03	56,43205
857,28	50,73205
857,53	54,89872
857,77	74,96538
858,02	66,81538
858,27	67,93205
858,52	59,88205
858,77	57,93205
859,01	55,44872
859,26	57,58205
859,51	69,79872
859,76	62,89872
860,01	63,39872
860,25	57,98205
860,50	76,39872
860,75	73,34872
861,00	81,83205
861,25	77,64872
861,49	77,89872
861,74	76,33205
861,99	67,38205
862,24	75,01538
862,48	85,84872
862,73	98,58205
862,98	96,29872
863,23	105,84872
863,48	118,59872
863,72	136,76538
863,97	138,46538
864,22	133,83205
864,47	103,61538
864,71	79,68205
864,96	83,31538
865,21	89,66538
865,46	85,89872
865,70	70,76538
865,95	62,94872
866,20	74,94872
866,45	103,78205
866,70	133,46538
866,94	167,71538
867,19	172,11538
867,44	212,74872
867,69	243,19872
867,93	265,88205
868,18	267,58205
868,43	262,86538
868,68	263,06538
868,92	246,76538
869,17	211,89872
869,42	200,21538
869,67	177,66538
869,91	163,73205
870,16	133,96538
870,41	141,13205
870,66	154,59872
870,90	175,04872
871,15	162,08205
871,40	144,21538
871,65	124,23205
871,89	123,88205
872,14	117,76538
872,39	109,61538
872,64	97,69872
872,88	86,24872
873,13	67,91538
873,38	49,39872
873,63	64,61538
873,87	66,99872
874,12	49,83205
874,37	21,99872
874,62	21,74872
874,86	31,73205
875,11	38,46538
875,36	37,61538
875,60	31,43205
875,85	39,21538
876,10	44,58205
876,35	57,99872
876,59	46,23205
876,84	33,76538
877,09	36,73205
877,34	44,03205
877,58	40,86538
877,83	34,81538
878,08	27,08205
878,32	26,06538
878,57	13,64872
878,82	25,88205
879,07	24,23205
879,31	31,78205
879,56	23,93205
879,81	24,51538
880,06	17,76538
880,30	6,86538
880,55	34,41538
880,80	43,51538
881,04	49,51538
881,29	54,63205
881,54	64,74872
881,79	61,36538
882,03	22,11538
882,28	26,86538
882,53	33,59872
882,77	52,89872
883,02	40,23205
883,27	40,21538
883,51	25,71538
883,76	29,14872
884,01	35,56538
884,26	32,28205
884,50	26,14872
884,75	4,58205
885,00	11,34872
885,24	10,16538
885,49	15,48205
885,74	31,63205
885,98	16,38205
886,23	11,31538
886,48	1,61538
886,73	27,16538
886,97	41,34872
887,22	27,53205
887,47	10,11538
887,71	-2,90128
887,96	-2,35128
888,21	8,64872
888,45	18,71538
888,70	36,88205
888,95	22,38205
889,19	14,49872
889,44	4,53205
889,69	16,38205
889,93	0,99872
890,18	10,58205
890,43	14,91538
890,67	34,31538
890,92	12,19872
891,17	21,78205
891,42	34,51538
891,66	62,56538
891,91	55,18205
892,16	48,19872
892,40	50,04872
892,65	43,23205
892,90	36,11538
893,14	24,21538
893,39	22,79872
893,64	17,06538
893,88	-3,96795
894,13	10,58205
894,38	21,73205
894,62	26,19872
894,87	4,04872
895,12	-10,56795
895,36	-1,66795
895,61	1,36538
895,86	6,28205
896,10	-0,93462
896,35	-4,01795
896,60	-17,68462
896,84	-19,01795
897,09	-12,10128
897,33	6,48205
897,58	8,58205
897,83	7,59872
898,07	1,89872
898,32	7,21538
898,57	12,39872
898,81	22,21538
899,06	34,86538
899,31	59,84872
899,55	61,26538
899,80	37,69872
900,05	8,49872
900,29	-0,50128
900,54	27,44872
900,79	25,64872
901,03	24,64872
901,28	11,88205
901,52	28,88205
901,77	45,13205
902,02	55,11538
902,26	32,64872
902,51	19,04872
902,76	-7,73462
903,00	12,58205
903,25	9,23205
903,50	28,79872
903,74	21,59872
903,99	24,58205
904,23	34,46538
904,48	45,24872
904,73	70,33205
904,97	72,34872
905,22	80,79872
905,47	64,94872
905,71	66,71538
905,96	54,11538
906,20	61,66538
906,45	53,48205
906,70	51,73205
906,94	41,23205
907,19	32,34872
907,44	18,43205
907,68	7,53205
907,93	8,43205
908,17	-6,40128
908,42	3,48205
908,67	-9,31795
908,91	19,83205
909,16	28,84872
909,40	31,03205
909,65	13,71538
909,90	2,89872
910,14	5,99872
910,39	-5,68462
910,63	-1,31795
910,88	10,98205
911,13	42,86538
911,37	39,03205
911,62	26,68205
911,86	7,73205
912,11	6,41538
912,36	16,04872
912,60	16,34872
912,85	30,51538
913,09	27,06538
913,34	41,06538
913,59	11,08205
913,83	17,58205
914,08	3,93205
914,32	26,23205
914,57	24,24872
914,82	34,61538
915,06	31,44872
915,31	22,96538
915,55	21,83205
915,80	32,04872
916,05	24,33205
916,29	7,78205
916,54	-11,25128
916,78	7,31538
917,03	24,56538
917,27	24,63205
917,52	8,04872
917,77	8,11538
918,01	13,13205
918,26	10,36538
918,50	-2,28462
918,75	-6,91795
919,00	-3,28462
919,24	-3,58462
919,49	-13,85128
919,73	-1,48462
919,98	-5,45128
920,22	7,89872
920,47	-2,80128
920,72	-6,00128
920,96	-11,06795
921,21	-9,85128
921,45	1,04872
921,70	-4,23462
921,94	3,98205
922,19	9,06538
922,43	12,16538
922,68	35,66538
922,93	38,31538
923,17	35,38205
923,42	-4,73462
923,66	-9,83462
923,91	-7,76795
924,15	3,76538
924,40	1,53205
924,64	1,49872
924,89	0,28205
925,14	4,76538
925,38	7,69872
925,63	23,88205
925,87	29,41538
926,12	46,18205
926,36	32,99872
926,61	25,01538
926,85	97,74872
927,10	94,61538
927,35	92,58205
927,59	20,84872
927,84	14,39872
928,08	26,26538
928,33	10,53205
928,57	18,93205
928,82	19,68205
929,06	26,29872
929,31	26,96538
929,55	16,93205
929,80	20,46538
930,04	18,78205
930,29	16,53205
930,54	11,33205
930,78	8,08205
931,03	-0,31795
931,27	8,26538
931,52	6,01538
931,76	13,61538
932,01	-10,35128
932,25	-10,80128
932,50	5,43205
932,74	12,48205
932,99	34,24872
933,23	13,44872
933,48	22,24872
933,72	6,01538
933,97	2,08205
934,21	26,69872
934,46	39,86538
934,70	60,08205
934,95	32,01538
935,19	2,84872
935,44	-14,78462
935,68	-15,43462
935,93	0,64872
936,18	7,13205
936,42	5,29872
936,67	-2,26795
936,91	6,79872
937,16	33,36538
937,40	31,04872
937,65	5,29872
937,89	-17,66795
938,14	-15,23462
938,38	1,39872
938,63	13,41538
938,87	19,19872
939,12	32,81538
939,36	56,19872
939,61	66,49872
939,85	52,19872
940,10	12,99872
940,34	8,38205
940,59	7,71538
940,83	-0,10128
941,08	4,13205
941,32	9,83205
941,57	29,76538
941,81	8,79872
942,06	3,28205
942,30	-3,01795
942,55	7,69872
942,79	-8,00128
943,03	-7,10128
943,28	0,66538
943,52	37,89872
943,77	21,39872
944,01	-2,31795
944,26	-37,06795
944,50	-36,15128
944,75	-4,75128
944,99	14,51538
945,24	21,68205
945,48	20,78205
945,73	72,31538
945,97	66,53205
946,22	46,94872
946,46	-11,66795
946,71	7,89872
946,95	10,26538
947,20	-2,03462
947,44	-19,30128
947,69	-13,28462
947,93	-8,51795
948,17	-10,35128
948,42	-25,41795
948,66	-19,00128
948,91	-26,66795
949,15	-27,41795
949,40	-36,86795
949,64	-18,98462
949,89	-13,01795
950,13	-8,35128
950,38	-23,63462
950,62	-18,26795
950,87	-10,91795
951,11	12,16538
951,35	4,43205
951,60	2,94872
951,84	-16,21795
952,09	-14,25128
952,33	-16,20128
952,58	-0,75128
952,82	-12,56795
953,07	-19,31795
953,31	-20,10128
953,56	-6,03462
953,80	-4,63462
954,04	-33,31795
954,29	-52,28462
954,53	-59,96795
954,78	-49,65128
955,02	-36,88462
955,27	-30,73462
955,51	-24,40128
955,76	-23,90128
956,00	-19,26795
956,24	-23,85128
956,49	-16,05128
956,73	-10,45128
956,98	-6,05128
957,22	12,49872
957,47	20,83205
957,71	13,09872
957,95	3,88205
958,20	1,34872
958,44	21,84872
958,69	4,11538
958,93	-1,20128
959,18	-8,40128
959,42	8,44872
959,66	-3,00128
959,91	-15,73462
960,15	-33,56795
960,40	-28,80128
960,64	-22,76795
960,89	-9,81795
961,13	98,19872
961,37	115,58205
961,62	118,49872
961,86	18,03205
962,11	16,16538
962,35	-3,63462
962,59	-7,95128
962,84	-37,46795
963,08	-19,73462
963,33	-18,01795
963,57	-4,46795
963,81	-17,41795
964,06	-18,86795
964,30	-2,93462
964,55	-18,35128
964,79	11,51538
965,04	11,91538
965,28	21,33205
965,52	-7,95128
965,77	-21,63462
966,01	-11,36795
966,26	-12,95128
966,50	-8,66795
966,74	-1,06795
966,99	8,51538
967,23	9,44872
967,48	-2,73462
967,72	-12,61795
967,96	-26,00128
968,21	-13,60128
968,45	-15,83462
968,69	-8,01795
968,94	3,73205
969,18	-4,15128
969,43	-15,00128
969,67	-32,05128
969,91	-14,35128
970,16	-0,88462
970,40	-4,85128
970,65	-12,90128
970,89	-31,80128
971,13	-27,20128
971,38	-25,55128
971,62	9,84872
971,86	4,79872
972,11	9,59872
972,35	-13,00128
972,60	-1,98462
972,84	5,16538
973,08	3,53205
973,33	-8,23462
973,57	-10,30128
973,81	1,28205
974,06	0,98205
974,30	-17,36795
974,55	-15,81795
974,79	1,21538
975,03	10,68205
975,28	4,46538
975,52	-17,90128
975,76	-16,51795
976,01	-19,61795
976,25	-7,95128
976,50	-10,76795
976,74	0,53205
976,98	6,06538
977,23	1,18205
977,47	-0,46795
977,71	-6,23462
977,96	-15,75128
978,20	-35,30128
978,44	-46,53462
978,69	-20,15128
978,93	-9,00128
979,17	-2,06795
979,42	-10,71795
979,66	-12,01795
979,90	-1,86795
980,15	21,09872
980,39	29,29872
980,64	11,78205
980,88	5,49872
981,12	4,21538
981,37	3,61538
981,61	-5,53462
981,85	-19,48462
982,10	-10,95128
982,34	-37,03462
982,58	-26,65128
982,83	-42,43462
983,07	-35,30128
983,31	-39,06795
983,56	-38,40128
983,80	-28,13462
984,04	-24,10128
984,29	-2,81795
984,53	-0,51795
984,77	-2,03462
985,02	-0,48462
985,26	-21,50128
985,50	-2,91795
985,75	-15,78462
985,99	2,49872
986,23	-18,25128
986,48	-14,10128
986,72	-16,35128
986,96	1,91538
987,20	2,23205
987,45	-3,71795
987,69	-30,53462
987,93	-21,30128
988,18	-2,88462
988,42	12,73205
988,66	9,38205
988,91	-6,38462
989,15	-12,11795
989,39	-23,80128
989,64	-31,18462
989,88	-28,98462
990,12	-23,60128
990,37	-11,66795
990,61	-10,03462
990,85	-17,61795
991,10	-28,46795
991,34	-30,76795
991,58	-27,10128
991,82	-26,81795
992,07	-29,45128
992,31	-24,06795
992,55	-31,41795
992,80	-35,48462
993,04	-28,06795
993,28	1,26538
993,53	5,46538
993,77	-2,61795
994,01	-30,43462
994,25	-30,93462
994,50	-28,41795
994,74	-10,18462
994,98	-13,31795
995,23	-14,85128
995,47	-11,96795
995,71	-14,11795
995,95	-14,16795
996,20	-6,43462
996,44	4,24872
996,68	-1,43462
996,93	-22,61795
997,17	-24,76795
997,41	-14,15128
997,65	-18,41795
997,90	-28,18462
998,14	-37,95128
998,38	-22,66795
998,63	-19,03462
998,87	-18,45128
999,11	-33,65128
999,35	-30,06795
999,60	-36,18462
999,84	-28,85128
1000,08	-4,28462
1000,32	9,29872
1000,57	10,71538
1000,81	9,08205
1001,05	8,63205
1001,30	19,69872
1001,54	-1,15128
1001,78	13,81538
1002,02	7,04872
1002,27	15,24872
1002,51	-8,86795
1002,75	-10,80128
1002,99	-25,11795
1003,24	-26,75128
1003,48	-23,91795
1003,72	-34,11795
1003,96	-23,31795
1004,21	-18,18462
1004,45	6,68205
1004,69	5,63205
1004,93	1,99872
1005,18	-2,15128
1005,42	4,18205
1005,66	-8,06795
1005,90	-19,63462
1006,15	-37,40128
1006,39	-20,35128
1006,63	2,41538
1006,87	18,43205
1007,12	9,54872
1007,36	4,74872
1007,60	8,29872
1007,84	0,03205
1008,09	-6,48462
1008,33	-23,41795
1008,57	-14,43462
1008,81	-9,61795
1009,06	-9,50128
1009,30	-9,75128
1009,54	-5,95128
1009,78	5,06538
1010,03	3,56538
1010,27	-16,61795
1010,51	-15,43462
1010,75	-16,25128
1010,99	-0,01795
1011,24	-0,53462
1011,48	28,19872
1011,72	21,84872
1011,96	32,24872
1012,21	9,21538
1012,45	6,83205
1012,69	-2,46795
1012,93	-10,46795
1013,18	-4,53462
1013,42	-9,40128
1013,66	-2,40128
1013,90	-14,71795
1014,14	-11,91795
1014,39	-6,20128
1014,63	-1,48462
1014,87	8,39872
1015,11	-5,48462
1015,35	-24,45128
1015,60	-14,88462
1015,84	-2,90128
1016,08	5,88205
1016,32	-12,00128
1016,57	-25,46795
1016,81	-20,05128
1017,05	-17,55128
1017,29	-8,05128
1017,53	-8,23462
1017,78	-10,91795
1018,02	-23,45128
1018,26	-9,90128
1018,50	-17,40128
1018,74	3,54872
1018,99	-12,83462
1019,23	-17,28462
1019,47	-33,03462
1019,71	-19,53462
1019,95	-4,51795
1020,20	-6,85128
1020,44	-18,96795
1020,68	-21,00128
1020,92	-1,10128
1021,16	0,78205
1021,41	-0,26795
1021,65	-24,80128
1021,89	-29,11795
1022,13	-37,40128
1022,37	-35,23462
1022,61	-36,55128
1022,86	-39,63462
1023,10	-15,78462
1023,34	-12,08462
1023,58	-1,45128
1023,82	-27,68462
1024,07	-22,05128
1024,31	-12,30128
1024,55	-5,45128
1024,79	-0,30128
1025,03	-23,28462
1025,27	-15,56795
1025,52	-31,58462
1025,76	-29,50128
1026,00	-19,78462
1026,24	-16,96795
1026,48	-16,01795
1026,73	-22,06795
1026,97	2,76538
1027,21	13,49872
1027,45	13,14872
1027,69	-3,93462
1027,93	0,91538
1028,18	-0,10128
1028,42	6,21538
1028,66	1,26538
1028,90	3,99872
1029,14	-2,13462
1029,38	-14,35128
1029,62	-7,00128
1029,87	-3,50128
1030,11	13,26538
1030,35	-5,45128
1030,59	-8,36795
1030,83	-23,83462
1031,07	-27,13462
1031,32	-36,58462
1031,56	-12,86795
1031,80	2,14872
1032,04	18,34872
1032,28	-3,76795
1032,52	-5,38462
1032,76	-7,83462
1033,01	-11,55128
1033,25	-7,28462
1033,49	-11,56795
1033,73	-6,46795
1033,97	-26,25128
1034,21	-37,51795
1034,45	-44,81795
1034,70	-45,63462
1034,94	-30,58462
1035,18	59,74872
1035,42	68,08205
1035,66	80,51538
1035,90	7,99872
1036,14	-7,50128
1036,39	-10,98462
1036,63	-28,11795
1036,87	13,34872
1037,11	2,34872
1037,35	10,59872
1037,59	3,24872
1037,83	17,69872
1038,07	45,48205
1038,32	24,43205
1038,56	11,11538
1038,80	11,68205
1039,04	27,66538
1039,28	35,53205
1039,52	11,89872
1039,76	-4,81795
1040,00	-5,15128
1040,25	-19,95128
1040,49	-15,68462
1040,73	-17,00128
1040,97	-7,93462
1041,21	3,78205
1041,45	6,91538
1041,69	27,38205
1041,93	5,14872
1042,17	-3,70128
1042,42	-25,86795
1042,66	-19,91795
1042,90	-8,88462
1043,14	-19,10128
1043,38	-5,73462
1043,62	-17,80128
1043,86	-6,75128
1044,10	-5,96795
1044,34	16,56538
1044,59	20,06538
1044,83	13,93205
1045,07	-5,68462
1045,31	-1,96795
1045,55	-9,06795
1045,79	-32,03462
1046,03	-25,15128
1046,27	-7,28462
1046,51	13,44872
1046,75	-2,80128
1047,00	-12,60128
1047,24	-6,18462
1047,48	-1,18462
1047,72	-0,93462
1047,96	-10,83462
1048,20	-0,06795
1048,44	5,49872
1048,68	6,24872
1048,92	-6,63462
1049,16	-24,55128
1049,40	-23,36795
1049,64	-24,45128
1049,89	-4,06795
1050,13	-0,46795
1050,37	28,48205
1050,61	27,84872
1050,85	39,48205
1051,09	22,53205
1051,33	21,71538
1051,57	25,48205
1051,81	22,36538
1052,05	22,94872
1052,29	28,89872
1052,53	18,08205
1052,77	38,64872
1053,02	23,49872
1053,26	41,14872
1053,50	22,41538
1053,74	17,34872
1053,98	12,24872
1054,22	-0,41795
1054,46	8,06538
1054,70	16,99872
1054,94	16,58205
1055,18	18,31538
1055,42	30,58205
1055,66	38,91538
1055,90	30,68205
1056,14	22,96538
1056,38	44,98205
1056,62	49,48205
1056,86	55,58205
1057,11	46,88205
1057,35	46,84872
1057,59	22,49872
1057,83	31,21538
1058,07	50,61538
1058,31	93,18205
1058,55	93,54872
1058,79	80,89872
1059,03	49,29872
1059,27	48,86538
1059,51	51,29872
1059,75	61,73205
1059,99	50,13205
1060,23	59,14872
1060,47	83,59872
1060,71	107,68205
1060,95	89,11538
1061,19	70,06538
1061,43	63,58205
1061,67	98,93205
1061,91	114,03205
1062,15	109,66538
1062,39	98,16538
1062,64	110,89872
1062,88	122,34872
1063,12	147,68205
1063,36	194,28205
1063,60	346,29872
1063,84	828,94872
1064,08	2138,26538
1064,32	4213,38205
1064,56	5565,78205
1064,80	5180,13205
1065,04	3810,64872
1065,28	2390,73205
1065,52	1747,38205
1065,76	1101,74872
1066,00	855,09872
1066,24	652,48205
1066,48	573,81538
1066,72	494,79872
1066,96	444,18205
1067,20	371,38205
1067,44	324,73205
1067,68	282,34872
1067,92	251,88205
1068,16	230,43205
1068,40	223,16538
1068,64	219,76538
1068,88	207,96538
1069,12	181,51538
1069,36	181,13205
1069,60	159,16538
1069,84	187,01538
1070,08	171,53205
1070,32	184,23205
1070,56	152,01538
1070,80	144,44872
1071,04	177,53205
1071,28	176,38205
1071,52	177,49872
1071,76	119,53205
1072,00	116,64872
1072,24	96,51538
1072,48	93,34872
1072,72	83,66538
1072,96	92,26538
1073,20	73,04872
1073,44	77,06538
1073,68	68,23205
1073,92	76,19872
1074,16	52,64872
1074,40	43,76538
1074,64	30,83205
1074,88	28,73205
1075,12	33,71538
1075,36	34,76538
1075,60	41,59872
1075,84	28,58205
1076,08	28,34872
1076,32	18,01538
1076,56	9,99872
1076,80	8,53205
1077,04	-5,78462
1077,28	-6,65128
1077,52	-21,26795
1077,76	-24,36795
1078,00	-12,91795
1078,24	19,91538
1078,48	31,74872
1078,71	22,88205
1078,95	5,58205
1079,19	-8,28462
1079,43	-25,63462
1079,67	-31,50128
1079,91	-13,08462
1080,15	-0,91795
1080,39	-3,83462
1080,63	-4,28462
1080,87	-4,95128
1081,11	-3,21795
1081,35	-6,81795
1081,59	6,33205
1081,83	4,29872
1082,07	-10,21795
1082,31	-17,40128
1082,55	-19,55128
1082,79	-11,73462
1083,03	-8,05128
1083,27	-20,03462
1083,51	-17,50128
1083,75	-21,50128
1083,99	4,71538
1084,22	5,56538
1084,46	-0,58462
1084,70	1,44872
1084,94	-4,20128
1085,18	-4,43462
1085,42	-29,50128
1085,66	-22,08462
1085,90	-21,80128
1086,14	0,48205
1086,38	15,63205
1086,62	5,69872
1086,86	9,39872
1087,10	-6,98462
1087,34	4,96538
1087,58	-16,05128
1087,82	-20,88462
1088,06	-8,11795
1088,29	12,39872
1088,53	5,14872
1088,77	-12,93462
1089,01	-16,23462
1089,25	-8,35128
1089,49	0,41538
1089,73	-13,76795
1089,97	-5,96795
1090,21	-14,25128
1090,45	-5,86795
1090,69	-15,70128
1090,93	-17,18462
1091,17	-32,96795
1091,40	-10,70128
1091,64	-14,75128
1091,88	-9,28462
1092,12	-33,15128
1092,36	-25,15128
1092,60	-24,90128
1092,84	-9,46795
1093,08	1,89872
1093,32	10,99872
1093,56	8,88205
1093,80	18,43205
1094,04	12,09872
1094,27	0,84872
1094,51	-3,98462
1094,75	6,09872
1094,99	12,89872
1095,23	2,66538
1095,47	85,28205
1095,71	79,03205
1095,95	76,59872
1096,19	-13,10128
1096,43	-5,38462
1096,66	-23,98462
1096,90	-32,61795
1097,14	-33,36795
1097,38	-33,61795
1097,62	-22,93462
1097,86	-27,73462
1098,10	-7,68462
1098,34	-5,35128
1098,58	-12,18462
1098,81	-14,06795
1099,05	-11,93462
1099,29	18,48205
1099,53	29,89872
1099,77	24,91538
1100,01	-8,40128
1100,25	-15,50128
1100,49	-12,83462
1100,73	18,73205
1100,96	35,53205
1101,20	44,74872
1101,44	9,68205
1101,68	-4,75128
1101,92	-18,80128
1102,16	-6,46795
1102,40	-0,06795
1102,64	7,24872
1102,87	13,19872
1103,11	-3,40128
1103,35	-4,51795
1103,59	-14,43462
1103,83	-13,56795
1104,07	-2,10128
1104,31	0,73205
1104,55	-0,05128
1104,78	-23,60128
1105,02	-13,36795
1105,26	-23,25128
1105,50	-9,48462
1105,74	-29,03462
1105,98	-16,65128
1106,22	-5,16795
1106,45	-0,80128
1106,69	-9,71795
1106,93	-19,20128
1107,17	-17,43462
1107,41	-16,10128
1107,65	-24,65128
1107,89	-17,10128
1108,12	-11,03462
1108,36	-27,38462
1108,60	-24,66795
1108,84	-21,65128
1109,08	-12,93462
1109,32	-11,20128
1109,55	-18,03462
1109,79	7,31538
1110,03	-5,16795
1110,27	1,03205
1110,51	-17,31795
1110,75	-25,25128
1110,99	-28,75128
1111,22	-35,03462
1111,46	-28,88462
1111,70	-34,83462
1111,94	-48,83462
1112,18	-53,96795
1112,42	-45,86795
1112,65	-22,95128
1112,89	-10,13462
1113,13	-16,98462
1113,37	-14,18462
1113,61	-12,53462
1113,85	10,73205
1114,08	0,81538
1114,32	-9,03462
1114,56	-12,46795
1114,80	-9,61795
1115,04	6,69872
1115,28	-13,01795
1115,51	-5,41795
1115,75	-2,63462
1115,99	2,59872
1116,23	-1,28462
1116,47	-3,71795
1116,70	-6,05128
1116,94	-19,53462
1117,18	-13,80128
1117,42	-19,41795
1117,66	-0,85128
1117,90	-26,58462
1118,13	-26,71795
1118,37	-53,65128
1118,61	-48,35128
1118,85	-37,16795
1119,09	-35,30128
1119,32	-25,91795
1119,56	-23,23462
1119,80	-26,41795
1120,04	-38,10128
1120,28	-28,50128
1120,51	-20,16795
1120,75	-14,95128
1120,99	-36,25962