194,56	-202,47308
194,83	-202,47308
195,09	-198,63974
195,36	-130,40641
195,63	-63,85641
195,90	-5,23974
196,17	-18,80641
196,44	-33,57308
196,71	-22,58974
196,97	-7,72308
197,24	17,44359
197,51	-6,42308
197,78	4,32692
198,05	8,67692
198,32	24,42692
198,59	7,24359
198,86	8,39359
199,12	2,49359
199,39	11,02692
199,66	13,09359
199,93	26,34359
200,20	25,84359
200,47	2,21026
200,74	1,96026
201,00	-5,80641
201,27	5,56026
201,54	-8,08974
201,81	15,76026
202,08	-3,67308
202,35	9,89359
202,61	1,67692
202,88	52,76026
203,15	32,77692
203,42	22,47692
203,69	-11,35641
203,96	-0,28974
204,23	2,44359
204,49	-3,30641
204,76	22,19359
205,03	34,12692
205,30	39,02692
205,57	20,19359
205,84	20,16026
206,10	39,51026
206,37	46,46026
206,64	53,52692
206,91	49,64359
207,18	37,09359
207,45	30,61026
207,71	16,21026
207,98	29,64359
208,25	16,56026
208,52	8,27692
208,79	-0,00641
209,06	6,72692
209,32	19,84359
209,59	24,26026
209,86	-2,52308
210,13	3,52692
210,40	15,26026
210,67	47,54359
210,93	41,26026
211,20	15,21026
211,47	9,27692
211,74	29,94359
212,01	33,24359
212,28	49,11026
212,54	51,01026
212,81	54,84359
213,08	43,47692
213,35	34,84359
213,62	48,46026
213,88	56,01026
214,15	41,24359
214,42	25,99359
214,69	27,77692
214,96	31,14359
215,23	58,86026
215,49	49,86026
215,76	51,42692
216,03	45,41026
216,30	28,26026
216,57	13,31026
216,83	6,92692
217,10	15,04359
217,37	36,44359
217,64	61,17692
217,91	71,57692
218,17	38,61026
218,44	-10,72308
218,71	-11,97308
218,98	13,16026
219,25	48,34359
219,51	53,56026
219,78	49,61026
220,05	33,22692
220,32	19,39359
220,59	25,17692
220,85	25,87692
221,12	41,39359
221,39	55,92692
221,66	57,19359
221,93	37,79359
222,19	12,46026
222,46	24,51026
222,73	38,44359
223,00	58,11026
223,27	40,02692
223,53	39,87692
223,80	34,21026
224,07	47,02692
224,34	60,16026
224,61	50,54359
224,87	31,04359
225,14	1,21026
225,41	5,12692
225,68	29,61026
225,94	46,12692
226,21	50,36026
226,48	32,54359
226,75	34,34359
227,02	18,84359
227,28	25,59359
227,55	10,87692
227,82	20,69359
228,09	-3,83974
228,36	-8,42308
228,62	-0,13974
228,89	24,02692
229,16	35,76026
229,43	29,42692
229,69	26,64359
229,96	27,32692
230,23	17,34359
230,50	24,44359
230,76	14,31026
231,03	22,37692
231,30	22,26026
231,57	32,52692
231,84	28,87692
232,10	18,64359
232,37	19,56026
232,64	10,17692
232,91	13,21026
233,17	21,46026
233,44	31,67692
233,71	32,06026
233,98	11,97692
234,24	12,14359
234,51	32,49359
234,78	43,89359
235,05	59,16026
235,31	42,72692
235,58	37,76026
235,85	13,59359
236,12	-4,25641
236,39	17,69359
236,65	31,04359
236,92	77,86026
237,19	71,57692
237,46	103,97692
237,72	72,97692
237,99	52,92692
238,26	21,27692
238,53	41,92692
238,79	40,64359
239,06	36,97692
239,33	7,22692
239,60	3,66026
239,86	-8,47308
240,13	-11,30641
240,40	-14,32308
240,67	16,21026
240,93	28,01026
241,20	30,61026
241,47	6,16026
241,73	7,26026
242,00	11,74359
242,27	20,66026
242,54	20,97692
242,80	23,92692
243,07	29,54359
243,34	29,11026
243,61	62,94359
243,87	44,54359
244,14	41,99359
244,41	2,42692
244,68	14,09359
244,94	18,17692
245,21	29,91026
245,48	37,52692
245,74	28,76026
246,01	38,24359
246,28	28,64359
246,55	27,16026
246,81	5,04359
247,08	8,19359
247,35	21,57692
247,62	23,57692
247,88	6,41026
248,15	8,69359
248,42	45,26026
248,68	51,52692
248,95	35,21026
249,22	7,39359
249,49	16,54359
249,75	19,11026
250,02	28,26026
250,29	22,94359
250,56	40,39359
250,82	49,27692
251,09	52,57692
251,36	56,59359
251,62	30,74359
251,89	34,71026
252,16	50,66026
252,43	76,52692
252,69	68,54359
252,96	32,49359
253,23	23,27692
253,49	29,91026
253,76	39,57692
254,03	58,27692
254,29	57,51026
254,56	57,37692
254,83	30,21026
255,10	10,47692
255,36	7,52692
255,63	20,39359
255,90	46,57692
256,16	49,64359
256,43	25,36026
256,70	30,01026
256,96	27,32692
257,23	37,72692
257,50	28,96026
257,77	40,09359
258,03	39,96026
258,30	46,27692
258,57	21,57692
258,83	26,17692
259,10	15,36026
259,37	19,66026
259,63	7,66026
259,90	24,71026
260,17	24,02692
260,43	33,37692
260,70	18,09359
260,97	40,52692
261,24	47,44359
261,50	47,82692
261,77	32,74359
262,04	16,47692
262,30	7,84359
262,57	2,91026
262,84	16,37692
263,10	43,51026
263,37	59,92692
263,64	40,12692
263,90	15,77692
264,17	4,32692
264,44	13,59359
264,70	14,22692
264,97	28,14359
265,24	52,46026
265,50	67,22692
265,77	65,97692
266,04	46,37692
266,30	33,46026
266,57	11,47692
266,84	11,17692
267,10	13,14359
267,37	45,26026
267,64	50,76026
267,90	61,76026
268,17	49,44359
268,44	37,86026
268,70	16,79359
268,97	-10,85641
269,24	-0,78974
269,50	15,22692
269,77	37,47692
270,04	49,57692
270,30	40,51026
270,57	46,17692
270,84	18,72692
271,10	32,14359
271,37	21,24359
271,64	49,16026
271,90	76,36026
272,17	82,12692
272,44	69,47692
272,70	37,22692
272,97	26,64359
273,24	20,22692
273,50	27,41026
273,77	43,89359
274,04	48,39359
274,30	40,79359
274,57	28,74359
274,84	41,81026
275,10	41,54359
275,37	42,32692
275,64	23,37692
275,90	7,07692
276,17	2,42692
276,43	13,94359
276,70	15,31026
276,97	8,44359
277,23	20,26026
277,50	23,17692
277,77	17,32692
278,03	-19,57308
278,30	-4,53974
278,57	0,04359
278,83	10,19359
279,10	12,57692
279,37	8,09359
279,63	12,14359
279,90	18,99359
280,16	37,94359
280,43	53,46026
280,70	44,81026
280,96	63,64359
281,23	58,77692
281,50	46,34359
281,76	21,74359
282,03	21,06026
282,29	28,04359
282,56	29,82692
282,83	17,79359
283,09	6,74359
283,36	12,89359
283,63	21,32692
283,89	33,04359
284,16	34,41026
284,42	38,87692
284,69	40,34359
284,96	33,99359
285,22	28,22692
285,49	32,56026
285,76	35,51026
286,02	57,52692
286,29	65,16026
286,55	62,09359
286,82	37,22692
287,09	15,44359
287,35	30,94359
287,62	23,47692
287,88	32,19359
288,15	6,17692
288,42	4,46026
288,68	16,11026
288,95	26,49359
289,22	45,21026
289,48	38,17692
289,75	42,54359
290,01	43,66026
290,28	25,46026
290,55	32,42692
290,81	13,59359
291,08	36,02692
291,34	43,91026
291,61	64,69359
291,88	63,09359
292,14	32,72692
292,41	26,37692
292,67	43,92692
292,94	64,27692
293,21	64,31026
293,47	51,66026
293,74	50,76026
294,00	32,79359
294,27	14,69359
294,54	3,79359
294,80	21,17692
295,07	44,84359
295,33	40,51026
295,60	44,21026
295,86	26,76026
296,13	22,57692
296,40	5,97692
296,66	16,66026
296,93	59,61026
297,19	80,84359
297,46	75,67692
297,73	56,22692
297,99	42,72692
298,26	30,22692
298,52	15,84359
298,79	18,96026
299,05	10,36026
299,32	30,34359
299,59	48,11026
299,85	65,71026
300,12	54,07692
300,38	38,16026
300,65	32,74359
300,92	44,44359
301,18	47,74359
301,45	69,07692
301,71	52,31026
301,98	65,39359
302,24	74,14359
302,51	90,16026
302,78	90,99359
303,04	75,59359
303,31	82,66026
303,57	91,94359
303,84	91,04359
304,10	71,64359
304,37	65,69359
304,63	82,52692
304,90	103,46026
305,17	111,06026
305,43	98,01026
305,70	114,74359
305,96	111,44359
306,23	112,52692
306,49	106,16026
306,76	104,14359
307,03	109,36026
307,29	94,87692
307,56	106,32692
307,82	113,76026
308,09	123,26026
308,35	118,44359
308,62	133,96026
308,88	124,17692
309,15	132,99359
309,42	121,67692
309,68	131,51026
309,95	129,27692
310,21	116,91026
310,48	118,39359
310,74	120,31026
311,01	149,27692
311,27	142,17692
311,54	129,56026
311,80	112,74359
312,07	140,97692
312,34	168,69359
312,60	169,79359
312,87	176,56026
313,13	188,54359
313,40	189,89359
313,66	179,91026
313,93	147,59359
314,19	164,74359
314,46	155,26026
314,72	168,97692
314,99	149,86026
315,25	138,82692
315,52	120,71026
315,78	119,07692
316,05	121,46026
316,32	128,11026
316,58	129,09359
316,85	140,52692
317,11	144,62692
317,38	144,86026
317,64	144,82692
317,91	139,36026
318,17	139,07692
318,44	138,34359
318,70	133,81026
318,97	142,27692
319,23	162,39359
319,50	167,34359
319,76	162,99359
320,03	141,64359
320,29	155,94359
320,56	164,07692
320,82	175,36026
321,09	176,87692
321,36	191,59359
321,62	185,67692
321,89	176,64359
322,15	158,67692
322,42	161,29359
322,68	177,12692
322,95	206,02692
323,21	222,84359
323,48	216,49359
323,74	197,84359
324,01	190,84359
324,27	183,01026
324,54	178,94359
324,80	187,77692
325,07	198,66026
325,33	213,61026
325,60	196,22692
325,86	202,42692
326,13	195,62692
326,39	208,66026
326,66	202,94359
326,92	209,07692
327,19	211,62692
327,45	212,67692
327,72	218,69359
327,98	216,82692
328,25	231,87692
328,51	224,71026
328,78	230,07692
329,04	225,92692
329,31	223,74359
329,57	216,46026
329,84	215,29359
330,10	229,22692
330,37	253,42692
330,63	254,12692
330,90	250,59359
331,16	252,14359
331,43	260,17692
331,69	276,39359
331,96	280,87692
332,22	285,46026
332,49	295,46026
332,75	285,39359
333,01	277,19359
333,28	262,47692
333,54	268,86026
333,81	301,24359
334,07	307,92692
334,34	302,91026
334,60	294,74359
334,87	307,47692
335,13	340,04359
335,40	332,86026
335,66	324,07692
335,93	308,24359
336,19	313,86026
336,46	333,32692
336,72	326,06026
336,99	329,39359
337,25	321,54359
337,52	331,87692
337,78	350,19359
338,05	342,42692
338,31	357,21026
338,57	362,67692
338,84	368,91026
339,10	366,31026
339,37	356,09359
339,63	369,11026
339,90	373,42692
340,16	374,77692
340,43	367,76026
340,69	373,87692
340,96	364,26026
341,22	375,79359
341,49	356,19359
341,75	361,69359
342,01	364,72692
342,28	386,31026
342,54	425,29359
342,81	443,22692
343,07	468,32692
343,34	457,22692
343,60	473,01026
343,87	453,51026
344,13	463,19359
344,40	478,42692
344,66	511,47692
344,92	548,41026
345,19	539,34359
345,45	540,77692
345,72	542,56026
345,98	555,16026
346,25	556,89359
346,51	551,11026
346,78	544,51026
347,04	556,77692
347,30	544,79359
347,57	547,39359
347,83	534,69359
348,10	544,71026
348,36	553,46026
348,63	572,11026
348,89	571,41026
349,15	574,47692
349,42	570,99359
349,68	570,56026
349,95	573,01026
350,21	587,19359
350,48	601,32692
350,74	612,11026
351,01	600,57692
351,27	598,62692
351,53	589,87692
351,80	587,59359
352,06	597,21026
352,33	607,46026
352,59	613,71026
352,86	619,66026
353,12	635,79359
353,38	681,31026
353,65	681,01026
353,91	689,49359
354,18	698,96026
354,44	755,02692
354,70	767,24359
354,97	757,86026
355,23	750,11026
355,50	762,94359
355,76	801,44359
356,03	820,27692
356,29	861,67692
356,55	860,22692
356,82	852,37692
357,08	825,07692
357,35	816,89359
357,61	837,44359
357,87	852,87692
358,14	861,81026
358,40	857,99359
358,67	885,89359
358,93	919,67692
359,20	962,06026
359,46	970,01026
359,72	950,92692
359,99	906,32692
360,25	883,52692
360,52	882,87692
360,78	890,34359
361,04	890,76026
361,31	871,52692
361,57	850,56026
361,84	838,34359
362,10	841,49359
362,36	848,91026
362,63	858,82692
362,89	861,57692
363,16	869,84359
363,42	874,84359
363,68	874,52692
363,95	879,87692
364,21	859,12692
364,47	856,49359
364,74	836,59359
365,00	821,24359
365,27	793,47692
365,53	780,59359
365,79	782,14359
366,06	794,31026
366,32	805,16026
366,59	773,07692
366,85	759,86026
367,11	733,37692
367,38	748,97692
367,64	741,94359
367,91	740,82692
368,17	724,64359
368,43	712,34359
368,70	715,26026
368,96	716,52692
369,22	746,76026
369,49	754,82692
369,75	758,09359
370,02	744,02692
370,28	733,59359
370,54	741,22692
370,81	734,79359
371,07	741,06026
371,33	776,92692
371,60	759,96026
371,86	748,77692
372,13	709,81026
372,39	724,71026
372,65	740,42692
372,92	745,91026
373,18	763,14359
373,44	752,94359
373,71	731,47692
373,97	702,74359
374,23	703,92692
374,50	740,71026
374,76	755,69359
375,03	760,37692
375,29	750,92692
375,55	753,21026
375,82	746,62692
376,08	738,57692
376,34	767,77692
376,61	757,82692
376,87	749,27692
377,13	708,02692
377,40	728,77692
377,66	764,41026
377,92	799,51026
378,19	815,04359
378,45	817,41026
378,72	800,46026
378,98	802,82692
379,24	787,22692
379,51	800,86026
379,77	795,22692
380,03	773,51026
380,30	793,92692
380,56	798,14359
380,82	843,52692
381,09	839,02692
381,35	853,04359
381,61	831,14359
381,88	832,41026
382,14	833,51026
382,40	846,82692
382,67	838,12692
382,93	824,14359
383,19	812,19359
383,46	808,74359
383,72	812,32692
383,98	815,21026
384,25	830,54359
384,51	840,37692
384,77	835,97692
385,04	832,96026
385,30	819,52692
385,56	852,92692
385,83	873,56026
386,09	893,46026
386,35	894,61026
386,62	890,67692
386,88	910,24359
387,14	915,86026
387,41	913,69359
387,67	917,91026
387,93	928,52692
388,20	945,72692
388,46	941,22692
388,72	943,54359
388,99	941,26026
389,25	946,01026
389,51	942,74359
389,78	953,36026
390,04	977,66026
390,30	1015,32692
390,56	1033,32692
390,83	1017,06026
391,09	987,56026
391,35	946,02692
391,62	933,52692
391,88	926,74359
392,14	937,57692
392,41	934,37692
392,67	907,24359
392,93	897,31026
393,20	873,71026
393,46	881,69359
393,72	862,36026
393,99	855,79359
394,25	856,76026
394,51	836,07692
394,77	844,89359
395,04	827,69359
395,30	853,52692
395,56	858,46026
395,83	848,46026
396,09	839,12692
396,35	841,27692
396,62	842,57692
396,88	867,19359
397,14	854,24359
397,40	905,64359
397,67	909,81026
397,93	917,31026
398,19	898,34359
398,46	894,02692
398,72	911,22692
398,98	916,27692
399,24	919,39359
399,51	926,06026
399,77	933,79359
400,03	930,89359
400,30	911,57692
400,56	936,99359
400,82	942,86026
401,08	935,46026
401,35	897,36026
401,61	901,66026
401,87	907,46026
402,14	924,89359
402,40	913,76026
402,66	919,77692
402,92	881,49359
403,19	868,44359
403,45	883,66026
403,71	896,89359
403,98	910,92692
404,24	900,11026
404,50	910,89359
404,76	942,46026
405,03	970,44359
405,29	1002,37692
405,55	1011,72692
405,81	1049,32692
406,08	1056,57692
406,34	1066,22692
406,60	1058,32692
406,87	1095,89359
407,13	1137,16026
407,39	1133,41026
407,65	1082,31026
407,92	1014,61026
408,18	978,47692
408,44	972,29359
408,70	960,27692
408,97	961,31026
409,23	960,46026
409,49	954,46026
409,75	937,57692
410,02	914,06026
410,28	893,59359
410,54	885,32692
410,80	886,74359
411,07	896,87692
411,33	903,16026
411,59	873,02692
411,85	888,96026
412,12	895,46026
412,38	917,56026
412,64	902,44359
412,90	880,96026
413,17	876,37692
413,43	859,62692
413,69	869,02692
413,95	863,99359
414,22	858,92692
414,48	828,26026
414,74	808,92692
415,00	807,52692
415,27	813,29359
415,53	831,82692
415,79	828,02692
416,05	831,99359
416,32	829,54359
416,58	853,44359
416,84	867,02692
417,10	850,44359
417,37	833,32692
417,63	825,02692
417,89	843,54359
418,15	833,19359
418,41	819,21026
418,68	811,51026
418,94	825,51026
419,20	829,76026
419,46	841,94359
419,73	836,02692
419,99	848,46026
420,25	833,14359
420,51	884,12692
420,78	878,81026
421,04	859,76026
421,30	790,14359
421,56	796,82692
421,82	812,22692
422,09	840,37692
422,35	823,27692
422,61	834,02692
422,87	915,71026
423,14	909,42692
423,40	910,96026
423,66	807,97692
423,92	830,26026
424,18	826,17692
424,45	824,49359
424,71	809,51026
424,97	813,07692
425,23	813,37692
425,49	809,07692
425,76	814,16026
426,02	830,51026
426,28	841,56026
426,54	826,44359
426,81	819,92692
427,07	809,99359
427,33	800,14359
427,59	798,06026
427,85	794,71026
428,12	806,41026
428,38	806,36026
428,64	800,29359
428,90	788,87692
429,16	791,99359
429,43	797,99359
429,69	801,71026
429,95	801,31026
430,21	815,17692
430,47	846,09359
430,74	841,71026
431,00	840,86026
431,26	812,52692
431,52	824,96026
431,78	838,11026
432,05	878,32692
432,31	918,11026
432,57	906,04359
432,83	864,77692
433,09	821,01026
433,35	821,54359
433,62	818,77692
433,88	808,71026
434,14	804,89359
434,40	808,89359
434,66	824,86026
434,93	820,34359
435,19	830,19359
435,45	819,59359
435,71	850,12692
435,97	856,16026
436,23	857,11026
436,50	840,11026
436,76	831,97692
437,02	840,36026
437,28	827,04359
437,54	835,01026
437,81	824,07692
438,07	822,99359
438,33	811,57692
438,59	801,72692
438,85	806,39359
439,11	787,97692
439,38	812,54359
439,64	807,99359
439,90	825,79359
440,16	817,02692
440,42	821,04359
440,68	833,69359
440,95	821,96026
441,21	844,87692
441,47	862,01026
441,73	877,99359
441,99	881,31026
442,25	871,06026
442,52	893,79359
442,78	883,06026
443,04	894,42692
443,30	888,29359
443,56	910,51026
443,82	918,01026
444,08	938,87692
444,35	945,29359
444,61	944,21026
444,87	913,34359
445,13	913,11026
445,39	887,04359
445,65	897,52692
445,92	853,59359
446,18	864,42692
446,44	860,24359
446,70	881,11026
446,96	890,81026
447,22	905,59359
447,48	916,17692
447,75	925,47692
448,01	937,62692
448,27	922,91026
448,53	913,52692
448,79	912,42692
449,05	931,52692
449,31	934,77692
449,58	931,94359
449,84	921,61026
450,10	911,52692
450,36	868,66026
450,62	851,26026
450,88	834,84359
451,14	823,66026
451,41	802,19359
451,67	781,37692
451,93	786,29359
452,19	797,44359
452,45	820,79359
452,71	821,12692
452,97	801,04359
453,23	804,24359
453,50	806,51026
453,76	820,24359
454,02	805,96026
454,28	803,81026
454,54	805,59359
454,80	809,51026
455,06	807,21026
455,32	804,59359
455,59	789,91026
455,85	791,61026
456,11	792,54359
456,37	801,12692
456,63	803,19359
456,89	803,66026
457,15	830,07692
457,41	836,87692
457,68	863,04359
457,94	844,77692
458,20	853,47692
458,46	856,32692
458,72	884,14359
458,98	908,21026
459,24	922,31026
459,50	936,54359
459,76	940,94359
460,03	927,92692
460,29	938,32692
460,55	959,66026
460,81	993,44359
461,07	995,42692
461,33	1022,26026
461,59	1052,74359
461,85	1047,11026
462,11	1026,11026
462,37	1008,32692
462,64	1024,51026
462,90	1019,87692
463,16	1021,39359
463,42	1040,42692
463,68	1043,42692
463,94	1029,39359
464,20	1004,14359
464,46	989,61026
464,72	1004,82692
464,98	995,66026
465,24	1009,59359
465,51	987,57692
465,77	985,69359
466,03	956,21026
466,29	946,22692
466,55	928,26026
466,81	920,74359
467,07	918,97692
467,33	915,57692
467,59	940,87692
467,85	926,44359
468,11	915,19359
468,38	875,92692
468,64	888,79359
468,90	879,91026
469,16	891,41026
469,42	873,02692
469,68	878,41026
469,94	886,59359
470,20	895,64359
470,46	893,24359
470,72	883,39359
470,98	865,81026
471,24	874,96026
471,50	878,47692
471,77	893,36026
472,03	899,72692
472,29	882,86026
472,55	886,02692
472,81	896,17692
473,07	908,37692
473,33	891,36026
473,59	885,49359
473,85	881,71026
474,11	894,97692
474,37	888,84359
474,63	891,71026
474,89	919,36026
475,15	948,07692
475,41	987,96026
475,68	991,89359
475,94	998,21026
476,20	1006,27692
476,46	1034,44359
476,72	1037,59359
476,98	1058,14359
477,24	1062,37692
477,50	1102,47692
477,76	1158,06026
478,02	1255,32692
478,28	1351,62692
478,54	1421,66026
478,80	1491,97692
479,06	1552,32692
479,32	1621,17692
479,58	1667,66026
479,84	1752,94359
480,10	1751,64359
480,36	1702,76026
480,63	1586,99359
480,89	1489,79359
481,15	1435,22692
481,41	1385,94359
481,67	1378,84359
481,93	1348,62692
482,19	1311,24359
482,45	1276,39359
482,71	1242,62692
482,97	1222,74359
483,23	1206,51026
483,49	1200,32692
483,75	1213,66026
484,01	1213,36026
484,27	1210,14359
484,53	1218,07692
484,79	1266,84359
485,05	1275,57692
485,31	1279,37692
485,57	1235,49359
485,83	1248,71026
486,09	1239,92692
486,35	1252,02692
486,61	1243,81026
486,87	1253,59359
487,13	1264,34359
487,39	1289,67692
487,65	1317,66026
487,91	1331,16026
488,17	1328,32692
488,43	1308,71026
488,70	1322,14359
488,96	1339,26026
489,22	1350,82692
489,48	1357,57692
489,74	1369,42692
490,00	1400,89359
490,26	1400,24359
490,52	1433,16026
490,78	1442,79359
491,04	1463,21026
491,30	1462,01026
491,56	1467,87692
491,82	1467,66026
492,08	1464,67692
492,34	1480,77692
492,60	1504,42692
492,86	1521,69359
493,12	1538,99359
493,38	1570,19359
493,64	1605,14359
493,90	1620,64359
494,16	1611,66026
494,42	1615,07692
494,68	1635,47692
494,94	1688,22692
495,20	1729,76026
495,46	1750,77692
495,72	1751,09359
495,98	1752,11026
496,24	1752,66026
496,50	1774,79359
496,76	1822,64359
497,02	1866,29359
497,28	1899,17692
497,54	1937,01026
497,80	1976,01026
498,06	2008,04359
498,32	2013,87692
498,58	2059,69359
498,84	2105,04359
499,10	2162,99359
499,36	2225,14359
499,62	2301,51026
499,88	2374,44359
500,14	2414,94359
500,40	2428,56026
500,66	2448,41026
500,92	2467,99359
501,18	2459,41026
501,44	2416,17692
501,69	2360,46026
501,95	2330,57692
502,21	2281,21026
502,47	2225,76026
502,73	2157,07692
502,99	2120,67692
503,25	2092,72692
503,51	2080,57692
503,77	2054,26026
504,03	2042,17692
504,29	2038,82692
504,55	2044,56026
504,81	2025,39359
505,07	1994,84359
505,33	1971,72692
505,59	1961,51026
505,85	1970,32692
506,11	1964,26026
506,37	1951,56026
506,63	1920,06026
506,89	1904,54359
507,15	1912,11026
507,41	1900,79359
507,67	1895,49359
507,93	1871,74359
508,19	1864,51026
508,45	1865,16026
508,71	1858,96026
508,97	1850,24359
509,23	1828,24359
509,49	1848,21026
509,74	1874,84359
510,00	1878,99359
510,26	1868,22692
510,52	1844,21026
510,78	1858,99359
511,04	1840,62692
511,30	1871,24359
511,56	1859,04359
511,82	1867,39359
512,08	1840,14359
512,34	1866,36026
512,60	1863,01026
512,86	1887,16026
513,12	1873,51026
513,38	1894,99359
513,64	1917,86026
513,90	1943,84359
514,16	1992,71026
514,42	2018,24359
514,67	2038,34359
514,93	2039,87692
515,19	2036,16026
515,45	2034,09359
515,71	2016,89359
515,97	2011,69359
516,23	2000,12692
516,49	1987,26026
516,75	1983,24359
517,01	1987,24359
517,27	1986,79359
517,53	1970,26026
517,79	1958,92692
518,05	1951,67692
518,31	1963,72692
518,56	1963,46026
518,82	1961,81026
519,08	1920,36026
519,34	1893,39359
519,60	1863,72692
519,86	1873,91026
520,12	1864,91026
520,38	1856,17692
520,64	1854,59359
520,90	1870,39359
521,16	1875,12692
521,42	1875,44359
521,68	1891,67692
521,93	1987,06026
522,19	2073,79359
522,45	2168,87692
522,71	2192,41026
522,97	2234,64359
523,23	2240,86026
523,49	2326,59359
523,75	2387,34359
524,01	2376,79359
524,27	2245,04359
524,53	2120,29359
524,79	2055,86026
525,04	2020,27692
525,30	1957,76026
525,56	1903,81026
525,82	1864,64359
526,08	1858,56026
526,34	1841,09359
526,60	1859,31026
526,86	1842,77692
527,12	1848,01026
527,38	1812,44359
527,63	1805,84359
527,89	1792,06026
528,15	1794,67692
528,41	1786,06026
528,67	1790,11026
528,93	1801,81026
529,19	1791,81026
529,45	1776,86026
529,71	1756,31026
529,97	1769,01026
530,22	1789,87692
530,48	1808,74359
530,74	1811,02692
531,00	1813,46026
531,26	1830,27692
531,52	1840,91026
531,78	1828,56026
532,04	1821,82692
532,30	1818,44359
532,55	1860,21026
532,81	1864,64359
533,07	1855,97692
533,33	1826,44359
533,59	1799,84359
533,85	1780,76026
534,11	1799,07692
534,37	1814,01026
534,62	1834,67692
534,88	1788,02692
535,14	1763,71026
535,40	1752,82692
535,66	1772,36026
535,92	1779,04359
536,18	1789,07692
536,44	1783,39359
536,69	1774,02692
536,95	1768,91026
537,21	1780,29359
537,47	1807,34359
537,73	1826,06026
537,99	1812,59359
538,25	1799,81026
538,51	1778,91026
538,76	1782,31026
539,02	1780,62692
539,28	1801,59359
539,54	1799,82692
539,80	1790,89359
540,06	1775,07692
540,32	1789,22692
540,57	1806,91026
540,83	1818,47692
541,09	1795,47692
541,35	1772,94359
541,61	1756,47692
541,87	1752,76026
542,13	1778,89359
542,38	1791,82692
542,64	1794,51026
542,90	1782,52692
543,16	1743,02692
543,42	1745,29359
543,68	1720,81026
543,94	1730,97692
544,19	1722,82692
544,45	1736,72692
544,71	1736,57692
544,97	1741,22692
545,23	1720,56026
545,49	1721,56026
545,74	1693,16026
546,00	1706,92692
546,26	1671,14359
546,52	1704,49359
546,78	1700,89359
547,04	1722,49359
547,29	1701,11026
547,55	1689,84359
547,81	1686,71026
548,07	1685,21026
548,33	1676,52692
548,59	1680,82692
548,84	1680,62692
549,10	1680,56026
549,36	1676,76026
549,62	1677,06026
549,88	1689,94359
550,14	1693,62692
550,39	1692,92692
550,65	1707,76026
550,91	1719,02692
551,17	1722,02692
551,43	1716,87692
551,69	1718,82692
551,94	1745,47692
552,20	1758,62692
552,46	1772,82692
552,72	1760,26026
552,98	1754,41026
553,24	1744,37692
553,49	1746,81026
553,75	1748,22692
554,01	1751,86026
554,27	1755,96026
554,53	1766,37692
554,78	1768,82692
555,04	1758,74359
555,30	1750,79359
555,56	1745,27692
555,82	1770,02692
556,07	1781,56026
556,33	1794,47692
556,59	1787,19359
556,85	1793,84359
557,11	1820,46026
557,37	1836,59359
557,62	1827,36026
557,88	1806,06026
558,14	1820,84359
558,40	1823,22692
558,66	1831,04359
558,91	1806,12692
559,17	1813,67692
559,43	1819,01026
559,69	1806,77692
559,95	1786,66026
560,20	1762,14359
560,46	1776,62692
560,72	1786,57692
560,98	1800,54359
561,24	1768,82692
561,49	1756,31026
561,75	1733,52692
562,01	1745,64359
562,27	1747,47692
562,52	1744,26026
562,78	1740,57692
563,04	1744,84359
563,30	1737,56026
563,56	1740,76026
563,81	1752,76026
564,07	1794,89359
564,33	1851,07692
564,59	1873,71026
564,85	1892,17692
565,10	1937,44359
565,36	1975,11026
565,62	2030,21026
565,88	2013,52692
566,13	2058,11026
566,39	2074,71026
566,65	2118,06026
566,91	2125,87692
567,17	2112,79359
567,42	2122,81026
567,68	2092,42692
567,94	2087,24359
568,20	2045,07692
568,45	2028,59359
568,71	1989,64359
568,97	1936,82692
569,23	1925,26026
569,49	1896,39359
569,74	1883,27692
570,00	1815,87692
570,26	1801,51026
570,52	1784,12692
570,77	1802,64359
571,03	1811,12692
571,29	1818,06026
571,55	1811,61026
571,80	1771,59359
572,06	1743,62692
572,32	1720,42692
572,58	1752,44359
572,83	1759,41026
573,09	1743,34359
573,35	1716,96026
573,61	1689,76026
573,86	1687,32692
574,12	1659,26026
574,38	1672,49359
574,64	1666,96026
574,89	1690,22692
575,15	1708,72692
575,41	1716,84359
575,67	1709,94359
575,92	1690,27692
576,18	1698,34359
576,44	1701,37692
576,70	1694,86026
576,95	1674,39359
577,21	1656,16026
577,47	1653,12692
577,73	1660,97692
577,98	1649,77692
578,24	1636,42692
578,50	1614,44359
578,76	1612,36026
579,01	1592,61026
579,27	1580,34359
579,53	1588,47692
579,79	1577,19359
580,04	1559,42692
580,30	1510,54359
580,56	1487,14359
580,81	1480,67692
581,07	1489,66026
581,33	1495,02692
581,59	1497,92692
581,84	1511,07692
582,10	1539,79359
582,36	1570,16026
582,62	1611,66026
582,87	1655,29359
583,13	1723,19359
583,39	1749,42692
583,64	1783,77692
583,90	1764,66026
584,16	1799,67692
584,42	1812,12692
584,67	1815,41026
584,93	1777,59359
585,19	1719,76026
585,45	1688,37692
585,70	1652,61026
585,96	1648,11026
586,22	1633,41026
586,47	1613,16026
586,73	1612,27692
586,99	1611,82692
587,25	1629,76026
587,50	1610,04359
587,76	1595,37692
588,02	1584,39359
588,27	1597,42692
588,53	1624,34359
588,79	1619,21026
589,04	1598,66026
589,30	1600,81026
589,56	1604,24359
589,82	1621,96026
590,07	1603,76026
590,33	1600,14359
590,59	1586,24359
590,84	1586,91026
591,10	1595,57692
591,36	1608,22692
591,61	1609,06026
591,87	1619,12692
592,13	1617,57692
592,39	1624,87692
592,64	1626,71026
592,90	1616,72692
593,16	1616,52692
593,41	1614,27692
593,67	1628,69359
593,93	1620,72692
594,18	1627,26026
594,44	1636,91026
594,70	1639,72692
594,95	1640,59359
595,21	1647,64359
595,47	1643,67692
595,73	1628,41026
595,98	1614,26026
596,24	1610,52692
596,50	1584,22692
596,75	1563,12692
597,01	1540,49359
597,27	1516,94359
597,52	1475,44359
597,78	1440,69359
598,04	1418,59359
598,29	1376,16026
598,55	1362,64359
598,81	1334,44359
599,06	1332,92692
599,32	1303,67692
599,58	1316,79359
599,83	1293,46026
600,09	1293,42692
600,35	1270,04359
600,60	1273,19359
600,86	1272,81026
601,12	1272,41026
601,37	1273,52692
601,63	1249,72692
601,89	1234,11026
602,14	1226,31026
602,40	1224,17692
602,66	1215,17692
602,91	1193,17692
603,17	1201,02692
603,43	1210,69359
603,68	1230,61026
603,94	1212,87692
604,20	1200,47692
604,45	1182,37692
604,71	1181,82692
604,97	1182,32692
605,22	1183,77692
605,48	1189,47692
605,74	1196,69359
605,99	1199,17692
606,25	1191,72692
606,51	1181,86026
606,76	1163,69359
607,02	1173,57692
607,27	1158,49359
607,53	1173,82692
607,79	1169,21026
608,04	1161,22692
608,30	1145,52692
608,56	1126,81026
608,81	1149,41026
609,07	1152,27692
609,33	1181,14359
609,58	1187,87692
609,84	1195,87692
610,10	1177,44359
610,35	1147,06026
610,61	1134,44359
610,86	1120,66026
611,12	1126,41026
611,38	1117,46026
611,63	1111,74359
611,89	1107,46026
612,15	1120,77692
612,40	1110,89359
612,66	1096,36026
612,92	1065,99359
613,17	1091,17692
613,43	1107,42692
613,68	1124,82692
613,94	1106,72692
614,20	1095,07692
614,45	1083,97692
614,71	1102,59359
614,97	1092,71026
615,22	1098,82692
615,48	1086,69359
615,73	1102,57692
615,99	1106,64359
616,25	1108,56026
616,50	1119,34359
616,76	1116,34359
617,01	1121,24359
617,27	1097,77692
617,53	1103,36026
617,78	1118,22692
618,04	1138,19359
618,30	1142,12692
618,55	1106,72692
618,81	1103,89359
619,06	1083,54359
619,32	1087,59359
619,58	1080,84359
619,83	1088,69359
620,09	1081,87692
620,34	1077,07692
620,60	1068,72692
620,86	1070,94359
621,11	1066,46026
621,37	1083,41026
621,62	1080,81026
621,88	1061,72692
622,14	1034,82692
622,39	1042,86026
622,65	1060,24359
622,90	1063,49359
623,16	1067,71026
623,42	1068,31026
623,67	1060,96026
623,93	1065,37692
624,18	1061,82692
624,44	1093,17692
624,70	1095,42692
624,95	1093,69359
625,21	1085,46026
625,46	1070,34359
625,72	1092,02692
625,98	1078,06026
626,23	1095,22692
626,49	1090,07692
626,74	1127,67692
627,00	1154,04359
627,25	1172,44359
627,51	1183,41026
627,77	1171,62692
628,02	1169,07692
628,28	1179,39359
628,53	1199,17692
628,79	1207,67692
629,04	1175,12692
629,30	1150,84359
629,56	1147,91026
629,81	1142,67692
630,07	1141,92692
630,32	1127,87692
630,58	1155,72692
630,83	1147,26026
631,09	1138,82692
631,35	1109,47692
631,60	1105,29359
631,86	1109,24359
632,11	1107,91026
632,37	1080,27692
632,62	1055,46026
632,88	1039,96026
633,14	1045,91026
633,39	1043,26026
633,65	1064,16026
633,90	1079,52692
634,16	1076,79359
634,41	1047,31026
634,67	1036,07692
634,93	1047,71026
635,18	1059,16026
635,44	1041,22692
635,69	1026,49359
635,95	1028,22692
636,20	1053,47692
636,46	1054,62692
636,71	1050,56026
636,97	1037,19359
637,22	1040,67692
637,48	1026,67692
637,74	1030,59359
637,99	1039,79359
638,25	1055,37692
638,50	1046,12692
638,76	1047,07692
639,01	1034,49359
639,27	1030,44359
639,52	1024,77692
639,78	1033,91026
640,03	1033,76026
640,29	1022,84359
640,55	1022,21026
640,80	1025,67692
641,06	1023,44359
641,31	1037,56026
641,57	1042,07692
641,82	1063,97692
642,08	1066,79359
642,33	1079,89359
642,59	1089,64359
642,84	1093,12692
643,10	1084,57692
643,35	1070,64359
643,61	1063,72692
643,87	1068,37692
644,12	1071,26026
644,38	1053,77692
644,63	1052,79359
644,89	1063,56026
645,14	1071,72692
645,40	1063,87692
645,65	1061,81026
645,91	1058,24359
646,16	1076,36026
646,42	1075,57692
646,67	1071,57692
646,93	1062,44359
647,18	1060,42692
647,44	1065,11026
647,69	1059,57692
647,95	1049,64359
648,20	1050,32692
648,46	1054,51026
648,71	1065,31026
648,97	1073,46026
649,22	1078,47692
649,48	1073,84359
649,73	1068,37692
649,99	1063,72692
650,24	1082,32692
650,50	1098,14359
650,75	1110,26026
651,01	1106,37692
651,26	1110,76026
651,52	1101,97692
651,77	1096,32692
652,03	1094,31026
652,28	1098,44359
652,54	1124,94359
652,79	1158,71026
653,05	1192,89359
653,30	1204,62692
653,56	1199,37692
653,81	1212,71026
654,07	1238,92692
654,32	1275,71026
654,58	1317,59359
654,83	1369,97692
655,09	1413,47692
655,34	1466,76026
655,60	1512,37692
655,85	1560,89359
656,11	1619,51026
656,36	1645,39359
656,62	1655,52692
656,87	1629,56026
657,13	1587,56026
657,38	1560,21026
657,64	1519,41026
657,89	1489,06026
658,15	1415,34359
658,40	1344,42692
658,66	1294,02692
658,91	1253,72692
659,17	1226,07692
659,42	1190,11026
659,68	1168,27692
659,93	1127,62692
660,19	1101,59359
660,44	1096,02692
660,70	1102,16026
660,95	1088,39359
661,20	1069,67692
661,46	1046,91026
661,71	1037,76026
661,97	1014,41026
662,22	1012,21026
662,48	1004,24359
662,73	997,66026
662,99	995,97692
663,24	995,69359
663,50	981,87692
663,75	969,77692
664,01	935,86026
664,26	955,02692
664,52	943,72692
664,77	967,01026
665,02	968,61026
665,28	973,16026
665,53	961,37692
665,79	958,59359
666,04	957,54359
666,30	950,29359
666,55	944,81026
666,81	927,64359
667,06	929,69359
667,32	927,22692
667,57	922,96026
667,82	916,76026
668,08	908,79359
668,33	906,92692
668,59	895,77692
668,84	896,57692
669,10	887,27692
669,35	942,51026
669,61	911,17692
669,86	926,89359
670,11	860,84359
670,37	879,69359
670,62	873,66026
670,88	887,74359
671,13	861,81026
671,39	836,04359
671,64	818,19359
671,90	828,67692
672,15	832,61026
672,40	819,87692
672,66	796,76026
672,91	798,94359
673,17	799,96026
673,42	809,12692
673,68	795,94359
673,93	788,16026
674,18	785,47692
674,44	778,04359
674,69	777,17692
674,95	779,71026
675,20	778,86026
675,46	775,36026
675,71	756,09359
675,96	765,51026
676,22	756,49359
676,47	764,71026
676,73	756,81026
676,98	756,36026
677,23	760,47692
677,49	766,82692
677,74	788,29359
678,00	770,12692
678,25	762,77692
678,51	759,69359
678,76	752,22692
679,01	754,82692
679,27	734,56026
679,52	737,59359
679,78	727,21026
680,03	732,62692
680,28	730,19359
680,54	719,56026
680,79	695,92692
681,05	690,87692
681,30	682,64359
681,55	687,96026
681,81	690,86026
682,06	707,56026
682,32	715,72692
682,57	721,02692
682,82	706,96026
683,08	694,02692
683,33	665,12692
683,59	674,14359
683,84	667,12692
684,09	678,72692
684,35	669,44359
684,60	683,04359
684,86	683,22692
685,11	700,32692
685,36	696,51026
685,62	710,11026
685,87	674,59359
686,13	663,17692
686,38	638,39359
686,63	659,07692
686,89	677,76026
687,14	708,67692
687,40	701,27692
687,65	697,34359
687,90	682,42692
688,16	684,64359
688,41	677,94359
688,66	670,57692
688,92	672,76026
689,17	664,51026
689,43	660,12692
689,68	662,27692
689,93	670,42692
690,19	672,41026
690,44	653,96026
690,69	639,91026
690,95	634,07692
691,20	644,46026
691,46	636,31026
691,71	642,52692
691,96	638,49359
692,22	641,52692
692,47	628,16026
692,72	615,46026
692,98	616,14359
693,23	619,07692
693,49	635,29359
693,74	637,36026
693,99	643,92692
694,25	636,46026
694,50	637,86026
694,75	629,11026
695,01	604,19359
695,26	604,57692
695,51	605,42692
695,77	606,64359
696,02	599,64359
696,27	595,84359
696,53	612,54359
696,78	618,19359
697,04	623,99359
697,29	611,26026
697,54	603,61026
697,80	584,89359
698,05	587,91026
698,30	575,61026
698,56	575,84359
698,81	574,49359
699,06	581,17692
699,32	576,39359
699,57	576,34359
699,82	587,81026
700,08	583,29359
700,33	576,09359
700,58	560,47692
700,84	562,47692
701,09	552,76026
701,34	549,06026
701,60	556,27692
701,85	560,66026
702,10	567,51026
702,36	573,62692
702,61	566,07692
702,86	552,19359
703,12	526,76026
703,37	531,76026
703,62	524,97692
703,88	524,87692
704,13	511,97692
704,38	516,69359
704,64	541,66026
704,89	551,86026
705,14	571,97692
705,40	565,07692
705,65	564,71026
705,90	541,96026
706,16	516,89359
706,41	516,24359
706,66	516,16026
706,92	517,84359
707,17	524,27692
707,42	544,27692
707,68	532,04359
707,93	518,36026
708,18	503,84359
708,44	534,76026
708,69	545,64359
708,94	543,14359
709,19	529,02692
709,45	534,51026
709,70	524,32692
709,95	523,46026
710,21	499,02692
710,46	493,02692
710,71	510,39359
710,97	511,99359
711,22	522,01026
711,47	493,49359
711,73	500,32692
711,98	496,84359
712,23	499,99359
712,48	490,97692
712,74	487,62692
712,99	484,89359
713,24	474,06026
713,50	474,02692
713,75	494,62692
714,00	512,49359
714,26	513,21026
714,51	504,44359
714,76	514,09359
715,01	516,81026
715,27	543,71026
715,52	545,94359
715,77	563,36026
716,03	546,91026
716,28	547,27692
716,53	554,87692
716,78	549,11026
717,04	548,59359
717,29	539,24359
717,54	542,27692
717,80	522,36026
718,05	510,04359
718,30	493,26026
718,55	495,74359
718,81	485,37692
719,06	490,06026
719,31	488,32692
719,57	473,37692
719,82	466,31026
720,07	464,66026
720,32	465,62692
720,58	465,72692
720,83	456,02692
721,08	458,21026
721,33	451,92692
721,59	465,51026
721,84	470,57692
722,09	479,66026
722,35	469,91026
722,60	459,99359
722,85	451,62692
723,10	439,92692
723,36	439,56026
723,61	427,61026
723,86	434,74359
724,11	445,32692
724,37	437,54359
724,62	429,02692
724,87	414,16026
725,12	416,17692
725,38	414,97692
725,63	411,09359
725,88	403,54359
726,13	402,79359
726,39	388,49359
726,64	407,46026
726,89	407,74359
727,14	415,76026
727,40	409,79359
727,65	413,34359
727,90	429,06026
728,15	431,39359
728,41	416,91026
728,66	418,11026
728,91	402,89359
729,16	412,89359
729,42	409,72692
729,67	415,72692
729,92	395,22692
730,17	383,52692
730,43	387,74359
730,68	407,51026
730,93	410,99359
731,18	408,84359
731,44	402,61026
731,69	395,69359
731,94	391,82692
732,19	400,77692
732,45	410,12692
732,70	427,54359
732,95	412,77692
733,20	393,66026
733,45	382,17692
733,71	392,79359
733,96	392,51026
734,21	395,77692
734,46	388,66026
734,72	395,77692
734,97	391,19359
735,22	386,04359
735,47	389,31026
735,72	382,46026
735,98	379,59359
736,23	380,42692
736,48	384,97692
736,73	390,81026
736,99	382,51026
737,24	384,09359
737,49	383,97692
737,74	387,42692
737,99	403,21026
738,25	407,26026
738,50	408,42692
738,75	379,34359
739,00	382,07692
739,25	390,84359
739,51	391,54359
739,76	393,19359
740,01	395,39359
740,26	413,72692
740,52	422,76026
740,77	450,72692
741,02	462,99359
741,27	473,19359
741,52	480,22692
741,78	503,59359
742,03	527,72692
742,28	536,42692
742,53	553,61026
742,78	582,39359
743,04	633,24359
743,29	687,96026
743,54	734,12692
743,79	737,91026
744,04	717,69359
744,30	702,44359
744,55	698,79359
744,80	725,46026
745,05	735,36026
745,30	747,44359
745,55	738,07692
745,81	776,29359
746,06	819,46026
746,31	867,62692
746,56	868,59359
746,81	866,94359
747,07	859,21026
747,32	862,49359
747,57	886,97692
747,82	880,04359
748,07	842,69359
748,32	746,14359
748,58	672,46026
748,83	604,04359
749,08	577,36026
749,33	549,87692
749,58	545,17692
749,84	538,72692
750,09	539,14359
750,34	545,47692
750,59	561,67692
750,84	549,26026
751,09	556,22692
751,35	537,82692
751,60	551,04359
751,85	522,52692
752,10	494,86026
752,35	479,07692
752,60	458,42692
752,86	443,76026
753,11	403,07692
753,36	378,67692
753,61	365,26026
753,86	348,57692
754,11	344,12692
754,37	322,01026
754,62	319,22692
754,87	313,77692
755,12	333,86026
755,37	343,44359
755,62	345,71026
755,87	317,72692
756,13	304,42692
756,38	303,42692
756,63	323,29359
756,88	345,06026
757,13	337,14359
757,38	336,31026
757,64	306,21026
757,89	303,67692
758,14	312,91026
758,39	314,19359
758,64	332,17692
758,89	316,62692
759,14	331,26026
759,40	323,42692
759,65	319,42692
759,90	311,01026
760,15	296,69359
760,40	276,04359
760,65	267,34359
760,90	268,17692
761,15	277,06026
761,41	284,44359
761,66	278,84359
761,91	292,31026
762,16	281,02692
762,41	298,07692
762,66	285,32692
762,91	292,11026
763,17	287,29359
763,42	291,91026
763,67	301,06026
763,92	296,96026
764,17	295,77692
764,42	279,04359
764,67	283,66026
764,92	294,56026
765,18	297,91026
765,43	278,74359
765,68	283,07692
765,93	290,66026
766,18	298,27692
766,43	288,37692
766,68	290,17692
766,93	282,67692
767,18	271,09359
767,44	266,57692
767,69	261,89359
767,94	280,82692
768,19	272,41026
768,44	278,64359
768,69	272,82692
768,94	285,97692
769,19	284,89359
769,44	287,02692
769,70	268,02692
769,95	274,29359
770,20	274,77692
770,45	297,24359
770,70	304,96026
770,95	299,56026
771,20	281,01026
771,45	292,22692
771,70	292,84359
771,95	295,47692
772,21	298,86026
772,46	302,72692
772,71	317,29359
772,96	313,39359
773,21	318,96026
773,46	334,32692
773,71	341,57692
773,96	340,79359
774,21	349,89359
774,46	363,86026
774,72	395,24359
774,97	409,27692
775,22	429,04359
775,47	481,64359
775,72	562,11026
775,97	710,14359
776,22	895,79359
776,47	1141,19359
776,72	1317,69359
776,97	1395,36026
777,22	1348,59359
777,47	1294,06026
777,73	1276,79359
777,98	1311,59359
778,23	1276,29359
778,48	1140,12692
778,73	922,56026
778,98	750,11026
779,23	633,51026
779,48	553,86026
779,73	473,29359
779,98	414,69359
780,23	384,06026
780,48	364,37692
780,73	359,51026
780,98	349,06026
781,24	338,11026
781,49	308,19359
781,74	281,09359
781,99	273,61026
782,24	272,86026
782,49	270,52692
782,74	262,47692
782,99	260,36026
783,24	257,34359
783,49	258,91026
783,74	253,97692
783,99	266,77692
784,24	254,57692
784,49	248,37692
784,74	238,27692
784,99	246,62692
785,24	232,87692
785,49	207,94359
785,75	227,99359
786,00	257,21026
786,25	260,94359
786,50	235,49359
786,75	209,27692
787,00	229,37692
787,25	228,22692
787,50	239,61026
787,75	230,49359
788,00	252,26026
788,25	229,51026
788,50	217,79359
788,75	197,26026
789,00	201,06026
789,25	196,17692
789,50	181,21026
789,75	185,16026
790,00	198,64359
790,25	206,94359
790,50	239,69359
790,75	256,86026
791,00	256,59359
791,25	246,17692
791,50	226,04359
791,75	228,22692
792,01	236,11026
792,26	238,39359
792,51	247,54359
792,76	227,64359
793,01	229,86026
793,26	209,14359
793,51	226,99359
793,76	247,67692
794,01	296,81026
794,26	319,19359
794,51	335,51026
794,76	326,54359
795,01	329,21026
795,26	328,12692
795,51	337,94359
795,76	324,04359
796,01	320,86026
796,26	304,62692
796,51	283,19359
796,76	252,64359
797,01	220,64359
797,26	219,24359
797,51	201,26026
797,76	214,09359
798,01	203,97692
798,26	225,27692
798,51	210,72692
798,76	193,82692
799,01	179,22692
799,26	169,19359
799,51	173,64359
799,76	168,96026
800,01	186,19359
800,26	176,94359
800,51	181,11026
800,76	168,07692
801,01	176,84359
801,26	166,72692
801,51	167,32692
801,76	166,27692
802,01	163,64359
802,26	168,66026
802,51	182,81026
802,76	189,24359
803,01	185,69359
803,26	160,41026
803,51	158,52692
803,76	160,89359
804,01	176,84359
804,26	167,32692
804,51	155,76026
804,76	142,64359
805,01	145,07692
805,26	143,99359
805,51	147,06026
805,76	143,11026
806,01	179,66026
806,26	188,72692
806,51	191,61026
806,76	146,21026
807,01	131,34359
807,26	129,87692
807,51	128,36026
807,76	129,24359
808,01	134,19359
808,26	149,46026
808,50	153,07692
808,75	152,32692
809,00	144,59359
809,25	153,11026
809,50	150,06026
809,75	157,81026
810,00	152,66026
810,25	147,31026
810,50	156,99359
810,75	162,72692
811,00	183,86026
811,25	180,19359
811,50	191,19359
811,75	190,46026
812,00	182,06026
812,25	168,84359
812,50	138,19359
812,75	131,12692
813,00	128,19359
813,25	140,96026
813,50	148,54359
813,75	143,21026
814,00	149,57692
814,25	149,72692
814,50	171,51026
814,74	169,49359
814,99	187,52692
815,24	167,69359
815,49	172,86026
815,74	162,02692
815,99	186,14359
816,24	197,64359
816,49	207,96026
816,74	226,31026
816,99	229,51026
817,24	256,14359
817,49	255,12692
817,74	320,79359
817,99	357,74359
818,24	401,89359
818,49	410,77692
818,74	413,77692
818,98	433,17692
819,23	438,87692
819,48	474,67692
819,73	461,37692
819,98	461,64359
820,23	428,39359
820,48	461,46026
820,73	507,89359
820,98	577,89359
821,23	609,61026
821,48	617,29359
821,73	619,21026
821,98	631,37692
822,23	634,67692
822,47	638,96026
822,72	603,66026
822,97	567,04359
823,22	519,36026
823,47	491,12692
823,72	469,17692
823,97	447,87692
824,22	425,34359
824,47	382,22692
824,72	351,02692
824,97	323,66026
825,22	310,52692
825,46	281,32692
825,71	253,96026
825,96	226,07692
826,21	204,09359
826,46	184,02692
826,71	172,56026
826,96	182,17692
827,21	170,74359
827,46	166,42692
827,71	143,22692
827,96	141,91026
828,20	141,24359
828,45	144,07692
828,70	146,52692
828,95	136,64359
829,20	131,77692
829,45	128,37692
829,70	127,76026
829,95	122,44359
830,20	116,77692
830,45	132,51026
830,69	134,04359
830,94	133,19359
831,19	125,34359
831,44	111,19359
831,69	117,47692
831,94	108,39359
832,19	122,12692
832,44	104,52692
832,69	102,44359
832,93	100,97692
833,18	120,87692
833,43	115,56026
833,68	106,21026
833,93	104,29359
834,18	111,04359
834,43	117,82692
834,68	107,19359
834,92	98,94359
835,17	99,96026
835,42	107,29359
835,67	119,32692
835,92	108,42692
836,17	99,96026
836,42	86,22692
836,67	71,91026
836,91	86,04359
837,16	94,22692
837,41	97,54359
837,66	111,47692
837,91	127,71026
838,16	135,77692
838,41	117,14359
838,66	92,91026
838,90	107,59359
839,15	100,37692
839,40	108,44359
839,65	92,14359
839,90	88,26026
840,15	97,39359
840,40	92,82692
840,64	109,04359
840,89	92,06026
841,14	108,67692
841,39	100,99359
841,64	105,81026
841,89	112,19359
842,14	101,97692
842,38	136,61026
842,63	146,69359
842,88	161,06026
843,13	143,14359
843,38	163,57692
843,63	201,99359
843,87	263,94359
844,12	289,02692
844,37	306,12692
844,62	288,84359
844,87	282,44359
845,12	294,07692
845,37	286,84359
845,61	264,57692
845,86	214,51026
846,11	185,94359
846,36	158,24359
846,61	151,31026
846,86	140,42692
847,10	138,91026
847,35	146,09359
847,60	138,14359
847,85	132,37692
848,10	111,39359
848,35	109,69359
848,59	112,11026
848,84	98,87692
849,09	104,64359
849,34	96,39359
849,59	103,56026
849,84	78,89359
850,08	86,51026
850,33	76,64359
850,58	82,71026
850,83	83,04359
851,08	78,67692
851,32	72,99359
851,57	70,12692
851,82	94,02692
852,07	101,44359
852,32	113,57692
852,57	89,91026
852,81	105,66026
853,06	83,51026
853,31	102,92692
853,56	85,49359
853,81	87,14359
854,05	84,92692
854,30	81,09359
854,55	84,46026
854,80	75,69359
855,05	111,34359
855,29	112,32692
855,54	121,19359
855,79	99,66026
856,04	100,64359
856,29	102,61026
856,53	112,94359
856,78	112,71026
857,03	101,57692
857,28	97,29359
857,53	101,51026
857,77	123,02692
858,02	113,86026
858,27	114,92692
858,52	109,01026
858,77	110,74359
859,01	113,44359
859,26	117,22692
859,51	129,56026
859,76	121,76026
860,01	121,62692
860,25	115,17692
860,50	130,99359
860,75	125,52692
861,00	132,61026
861,25	127,99359
861,49	131,91026
861,74	133,36026
861,99	131,24359
862,24	146,69359
862,48	168,29359
862,73	187,04359
862,98	185,31026
863,23	195,04359
863,48	208,51026
863,72	224,11026
863,97	221,81026
864,22	211,07692
864,47	180,39359
864,71	150,92692
864,96	153,39359
865,21	158,12692
865,46	156,44359
865,70	140,04359
865,95	129,97692
866,20	146,46026
866,45	179,57692
866,70	220,64359
866,94	267,77692
867,19	300,94359
867,44	375,81026
867,69	437,34359
867,93	473,69359
868,18	476,74359
868,43	466,77692
868,68	465,22692
868,92	439,66026
869,17	389,37692
869,42	356,07692
869,67	318,09359
869,91	293,59359
870,16	255,41026
870,41	254,97692
870,66	265,79359
870,90	287,12692
871,15	274,27692
871,40	256,24359
871,65	233,04359
871,89	227,32692
872,14	212,02692
872,39	195,49359
872,64	176,26026
872,88	157,07692
873,13	129,44359
873,38	102,79359
873,63	113,17692
873,87	111,37692
874,12	92,34359
874,37	61,39359
874,62	63,02692
874,86	77,57692
875,11	84,11026
875,36	81,34359
875,60	68,77692
875,85	71,79359
876,10	75,47692
876,35	86,92692
876,59	75,94359
876,84	61,61026
877,09	63,29359
877,34	69,69359
877,58	67,81026
877,83	60,62692
878,08	52,67692
878,32	49,57692
878,57	38,91026
878,82	52,24359
879,07	49,99359
879,31	57,06026
879,56	48,07692
879,81	50,21026
880,06	44,24359
880,30	34,94359
880,55	59,26026
880,80	67,81026
881,04	72,39359
881,29	78,77692
881,54	88,19359
881,79	85,07692
882,03	48,24359
882,28	54,32692
882,53	61,49359
882,77	79,31026
883,02	64,79359
883,27	65,17692
883,51	49,22692
883,76	52,37692
884,01	56,37692
884,26	53,11026
884,50	43,96026
884,75	22,54359
885,00	29,16026
885,24	30,14359
885,49	36,62692
885,74	53,57692
885,98	36,59359
886,23	29,89359
886,48	19,67692
886,73	46,76026
886,97	60,16026
887,22	48,22692
887,47	28,27692
887,71	15,21026
887,96	12,41026
888,21	25,56026
888,45	34,07692
888,70	51,42692
888,95	36,49359
889,19	31,04359
889,44	21,32692
889,69	34,12692
889,93	18,99359
890,18	28,31026
890,43	29,59359
890,67	50,76026
890,92	30,22692
891,17	41,42692
891,42	50,22692
891,66	78,16026
891,91	69,87692
892,16	65,14359
892,40	66,39359
892,65	60,67692
892,90	50,22692
893,14	35,21026
893,39	35,02692
893,64	31,26026
893,88	13,61026
894,13	28,66026
894,38	41,04359
894,62	45,76026
894,87	20,76026
895,12	5,11026
895,36	13,77692
895,61	18,26026
895,86	23,12692
896,10	15,19359
896,35	10,77692
896,60	-2,70641
896,84	-2,87308
897,09	5,72692
897,33	25,92692
897,58	26,99359
897,83	28,39359
898,07	22,92692
898,32	27,69359
898,57	31,16026
898,81	41,44359
899,06	55,09359
899,31	79,81026
899,55	79,32692
899,80	56,12692
900,05	23,96026
900,29	15,84359
900,54	43,31026
900,79	42,59359
901,03	40,66026
901,28	30,46026
901,52	50,64359
901,77	69,59359
902,02	79,69359
902,26	58,21026
902,51	45,36026
902,76	19,97692
903,00	40,64359
903,25	39,57692
903,50	58,99359
903,74	55,19359
903,99	59,17692
904,23	76,26026
904,48	91,59359
904,73	122,59359
904,97	126,74359
905,22	133,26026
905,47	115,06026
905,71	113,89359
905,96	100,57692
906,20	105,87692
906,45	94,39359
906,70	89,82692
906,94	77,04359
907,19	66,34359
907,44	51,24359
907,68	37,17692
907,93	37,81026
908,17	21,74359
908,42	31,82692
908,67	15,47692
908,91	41,59359
909,16	49,14359
909,40	49,61026
909,65	31,99359
909,90	19,84359
910,14	24,54359
910,39	13,31026
910,63	18,06026
910,88	30,56026
911,13	64,26026
911,37	60,02692
911,62	45,32692
911,86	24,09359
912,11	23,86026
912,36	33,17692
912,60	33,72692
912,85	46,61026
913,09	45,57692
913,34	57,81026
913,59	28,69359
913,83	32,84359
914,08	17,94359
914,32	42,54359
914,57	42,21026
914,82	55,17692
915,06	49,34359
915,31	42,32692
915,55	40,79359
915,80	49,31026
916,05	37,57692
916,29	19,29359
916,54	0,71026
916,78	20,91026
917,03	38,72692
917,27	40,36026
917,52	24,37692
917,77	24,14359
918,01	28,82692
918,26	23,64359
918,50	10,74359
918,75	4,52692
919,00	9,74359
919,24	10,44359
919,49	0,61026
919,73	11,24359
919,98	8,07692
920,22	21,87692
920,47	12,19359
920,72	6,26026
920,96	-1,40641
921,21	0,62692
921,45	11,92692
921,70	8,12692
921,94	16,77692
922,19	23,27692
922,43	25,89359
922,68	47,16026
922,93	47,64359
923,17	45,67692
923,42	7,02692
923,66	4,84359
923,91	6,74359
924,15	20,89359
924,40	20,31026
924,64	19,76026
924,89	14,02692
925,14	15,99359
925,38	21,04359
925,63	41,26026
925,87	51,42692
926,12	71,02692
926,36	62,52692
926,61	56,29359
926,85	131,54359
927,10	128,61026
927,35	126,36026
927,59	50,96026
927,84	41,26026
928,08	49,59359
928,33	34,46026
928,57	43,49359
928,82	45,62692
929,06	48,41026
929,31	46,17692
929,55	35,04359
929,80	40,11026
930,04	36,42692
930,29	31,49359
930,54	25,32692
930,78	22,04359
931,03	15,32692
931,27	24,06026
931,52	23,31026
931,76	29,27692
932,01	3,59359
932,25	1,27692
932,50	16,39359
932,74	23,62692
932,99	46,42692
933,23	26,59359
933,48	36,19359
933,72	19,96026
933,97	15,46026
934,21	39,26026
934,46	53,17692
934,70	74,79359
934,95	45,87692
935,19	14,44359
935,44	-4,72308
935,68	-5,28974
935,93	11,71026
936,18	19,07692
936,42	19,29359
936,67	11,42692
936,91	19,06026
937,16	45,76026
937,40	42,77692
937,65	20,52692
937,89	-1,88974
938,14	4,72692
938,38	24,29359
938,63	40,22692
938,87	52,01026
939,12	68,22692
939,36	95,52692
939,61	107,06026
939,85	92,39359
940,10	49,06026
940,34	36,96026
940,59	30,51026
940,83	19,24359
941,08	19,96026
941,32	24,34359
941,57	42,94359
941,81	21,02692
942,06	11,56026
942,30	3,31026
942,55	15,81026
942,79	4,92692
943,03	7,19359
943,28	13,56026
943,52	46,84359
943,77	30,94359
944,01	7,61026
944,26	-27,10641
944,50	-29,70641
944,75	0,69359
944,99	23,72692
945,24	29,94359
945,48	30,41026
945,73	79,17692
945,97	75,87692
946,22	55,37692
946,46	-4,02308
946,71	15,02692
946,95	17,06026
947,20	5,64359
947,44	-9,13974
947,69	-3,97308
947,93	-0,35641
948,17	-3,80641
948,42	-15,70641
948,66	-7,20641
948,91	-15,58974
949,15	-20,87308
949,40	-31,17308
949,64	-14,58974
949,89	-6,48974
950,13	-2,20641
950,38	-16,20641
950,62	-9,92308
950,87	-4,12308
951,11	17,64359
951,35	6,99359
951,60	6,56026
951,84	-9,87308
952,09	-7,12308
952,33	-8,22308
952,58	4,29359
952,82	-6,77308
953,07	-14,47308
953,31	-12,43974
953,56	3,34359
953,80	5,77692
954,04	-25,37308
954,29	-46,02308
954,53	-56,72308
954,78	-46,83974
955,02	-34,27308
955,27	-25,65641
955,51	-18,62308
955,76	-18,47308
956,00	-15,32308
956,24	-18,62308
956,49	-11,03974
956,73	-3,40641
956,98	0,76026
957,22	19,47692
957,47	28,11026
957,71	19,12692
957,95	10,57692
958,20	6,89359
958,44	29,07692
958,69	11,06026
958,93	3,62692
959,18	-6,93974
959,42	10,47692
959,66	1,87692
959,91	-10,00641
960,15	-30,13974
960,40	-28,82308
960,64	-20,80641
960,89	-6,07308
961,13	104,14359
961,37	119,52692
961,62	122,16026
961,86	21,81026
962,11	18,51026
962,35	-0,98974
962,59	-7,00641
962,84	-34,33974
963,08	-16,88974
963,33	-14,20641
963,57	-1,48974
963,81	-14,95641
964,06	-15,95641
964,30	1,16026
964,55	-13,47308
964,79	15,39359
965,04	16,37692
965,28	25,57692
965,52	-1,68974
965,77	-16,52308
966,01	-5,20641
966,26	-6,65641
966,50	-0,82308
966,74	4,92692
966,99	13,31026
967,23	12,72692
967,48	1,39359
967,72	-8,95641
967,96	-22,05641
968,21	-11,30641
968,45	-13,72308
968,69	-5,12308
968,94	7,22692
969,18	-1,12308
969,43	-12,17308
969,67	-27,48974
969,91	-8,20641
970,16	4,84359
970,40	-2,32308
970,65	-8,48974
970,89	-25,88974
971,13	-19,27308
971,38	-21,13974
971,62	14,84359
971,86	11,69359
972,11	16,79359
972,35	-10,17308
972,60	-0,87308
972,84	6,67692
973,08	8,14359
973,33	-4,17308
973,57	-6,43974
973,81	5,34359
974,06	6,67692
974,30	-12,37308
974,55	-12,10641
974,79	1,67692
975,03	11,72692
975,28	5,26026
975,52	-16,07308
975,76	-12,88974
976,01	-15,83974
976,25	-2,95641
976,50	-7,85641
976,74	3,14359
976,98	7,89359
977,23	5,61026
977,47	2,34359
977,71	-3,00641
977,96	-14,97308
978,20	-31,68974
978,44	-43,45641
978,69	-15,47308
978,93	-4,47308
979,17	2,67692
979,42	-5,98974
979,66	-7,13974
979,90	3,84359
980,15	25,41026
980,39	31,09359
980,64	14,12692
980,88	8,82692
981,12	8,62692
981,37	8,12692
981,61	-2,38974
981,85	-16,12308
982,10	-9,63974
982,34	-36,48974
982,58	-24,67308
982,83	-39,03974
983,07	-31,50641
983,31	-34,68974
983,56	-33,85641
983,80	-22,37308
984,04	-20,00641
984,29	1,97692
984,53	3,72692
984,77	1,27692
985,02	2,41026
985,26	-17,77308
985,50	4,07692
985,75	-10,87308
985,99	6,37692
986,23	-16,48974
986,48	-10,98974
986,72	-12,07308
986,96	5,27692
987,20	5,76026
987,45	0,24359
987,69	-22,70641
987,93	-13,20641
988,18	4,42692
988,42	15,67692
988,66	10,82692
988,91	-6,23974
989,15	-10,78974
989,39	-21,93974
989,64	-28,05641
989,88	-24,73974
990,12	-19,70641
990,37	-7,67308
990,61	-7,45641
990,85	-15,92308
991,10	-26,27308
991,34	-27,73974
991,58	-23,37308
991,82	-25,10641
992,07	-28,00641
992,31	-21,17308
992,55	-26,42308
992,80	-30,02308
993,04	-21,62308
993,28	6,11026
993,53	10,16026
993,77	-0,77308
994,01	-30,30641
994,25	-32,65641
994,50	-27,30641
994,74	-7,03974
994,98	-8,88974
995,23	-14,15641
995,47	-10,75641
995,71	-12,65641
995,95	-12,03974
996,20	-2,63974
996,44	6,17692
996,68	1,56026
996,93	-21,17308
997,17	-22,02308
997,41	-11,77308
997,65	-18,57308
997,90	-29,47308
998,14	-38,70641
998,38	-22,05641
998,63	-17,88974
998,87	-18,98974
999,11	-32,97308
999,35	-29,17308
999,60	-31,33974
999,84	-24,97308
1000,08	-1,40641
1000,32	9,84359
1000,57	11,62692
1000,81	10,74359
1001,05	11,52692
1001,30	20,77692
1001,54	2,14359
1001,78	15,02692
1002,02	9,32692
1002,27	13,81026
1002,51	-10,98974
1002,75	-11,75641
1002,99	-25,08974
1003,24	-25,47308
1003,48	-23,15641
1003,72	-33,35641
1003,96	-23,05641
1004,21	-18,77308
1004,45	7,42692
1004,69	5,79359
1004,93	3,06026
1005,18	-0,88974
1005,42	6,94359
1005,66	-3,98974
1005,90	-14,18974
1006,15	-30,58974
1006,39	-14,82308
1006,63	4,49359
1006,87	17,76026
1007,12	9,71026
1007,36	6,91026
1007,60	10,64359
1007,84	2,24359
1008,09	-5,08974
1008,33	-21,32308
1008,57	-11,78974
1008,81	-6,92308
1009,06	-5,73974
1009,30	-7,88974
1009,54	-4,85641
1009,78	3,76026
1010,03	4,82692
1010,27	-13,17308
1010,51	-10,52308
1010,75	-12,18974
1010,99	3,74359
1011,24	4,52692
1011,48	33,72692
1011,72	27,72692
1011,96	37,79359
1012,21	16,96026
1012,45	15,52692
1012,69	7,49359
1012,93	-1,82308
1013,18	2,46026
1013,42	-2,40641
1013,66	3,26026
1013,90	-8,72308
1014,14	-8,27308
1014,39	-1,22308
1014,63	4,87692
1014,87	14,34359
1015,11	-3,02308
1015,35	-22,33974
1015,60	-10,52308
1015,84	2,72692
1016,08	9,06026
1016,32	-10,62308
1016,57	-23,72308
1016,81	-16,83974
1017,05	-14,23974
1017,29	-4,22308
1017,53	-4,07308
1017,78	-7,47308
1018,02	-20,90641
1018,26	-9,87308
1018,50	-17,62308
1018,74	3,02692
1018,99	-12,13974
1019,23	-16,53974
1019,47	-31,25641
1019,71	-19,87308
1019,95	-5,53974
1020,20	-9,10641
1020,44	-18,20641
1020,68	-19,18974
1020,92	0,62692
1021,16	2,16026
1021,41	0,19359
1021,65	-21,67308
1021,89	-26,15641
1022,13	-32,48974
1022,37	-33,53974
1022,61	-35,83974
1022,86	-40,33974
1023,10	-16,22308
1023,34	-9,97308
1023,58	0,99359
1023,82	-25,35641
1024,07	-22,65641
1024,31	-12,50641
1024,55	-5,77308
1024,79	-0,25641
1025,03	-22,82308
1025,27	-14,27308
1025,52	-29,47308
1025,76	-28,58974
1026,00	-19,07308
1026,24	-15,73974
1026,48	-13,83974
1026,73	-19,72308
1026,97	4,29359
1027,21	15,16026
1027,45	14,76026
1027,69	-4,65641
1027,93	-0,25641
1028,18	-1,68974
1028,42	6,82692
1028,66	3,81026
1028,90	5,74359
1029,14	-0,08974
1029,38	-14,02308
1029,62	-7,13974
1029,87	-5,47308
1030,11	11,74359
1030,35	-7,05641
1030,59	-8,90641
1030,83	-24,02308
1031,07	-26,83974
1031,32	-37,90641
1031,56	-12,53974
1031,80	4,16026
1032,04	20,94359
1032,28	-3,02308
1032,52	-6,45641
1032,76	-7,97308
1033,01	-9,60641
1033,25	-5,00641
1033,49	-12,28974
1033,73	-11,28974
1033,97	-29,10641
1034,21	-34,10641
1034,45	-40,37308
1034,70	-43,10641
1034,94	-30,08974
1035,18	59,97692
1035,42	69,41026
1035,66	82,51026
1035,90	10,42692
1036,14	-4,22308
1036,39	-9,93974
1036,63	-26,70641
1036,87	14,01026
1037,11	1,61026
1037,35	10,12692
1037,59	2,59359
1037,83	19,39359
1038,07	48,71026
1038,32	27,77692
1038,56	14,81026
1038,80	14,52692
1039,04	31,86026
1039,28	40,72692
1039,52	15,69359
1039,76	-2,78974
1040,00	-6,10641
1040,25	-22,10641
1040,49	-15,80641
1040,73	-17,82308
1040,97	-7,77308
1041,21	3,67692
1041,45	10,39359
1041,69	30,44359
1041,93	6,61026
1042,17	-2,47308
1042,42	-25,42308
1042,66	-20,63974
1042,90	-10,80641
1043,14	-18,70641
1043,38	-3,70641
1043,62	-15,47308
1043,86	-5,73974
1044,10	-3,88974
1044,34	18,39359
1044,59	23,57692
1044,83	15,92692
1045,07	-4,03974
1045,31	-3,12308
1045,55	-9,77308
1045,79	-32,58974
1046,03	-24,20641
1046,27	-6,97308
1046,51	12,02692
1046,75	-3,60641
1047,00	-15,42308
1047,24	-8,78974
1047,48	-4,67308
1047,72	-2,08974
1047,96	-9,55641
1048,20	1,09359
1048,44	6,52692
1048,68	4,92692
1048,92	-6,33974
1049,16	-27,67308
1049,40	-24,27308
1049,64	-27,87308
1049,89	-3,45641
1050,13	0,12692
1050,37	29,67692
1050,61	29,97692
1050,85	42,01026
1051,09	27,37692
1051,33	24,74359
1051,57	28,17692
1051,81	24,99359
1052,05	26,71026
1052,29	36,81026
1052,53	24,44359
1052,77	43,02692
1053,02	21,69359
1053,26	38,97692
1053,50	20,29359
1053,74	14,84359
1053,98	13,06026
1054,22	2,37692
1054,46	13,07692
1054,70	16,59359
1054,94	13,89359
1055,18	15,79359
1055,42	27,46026
1055,66	37,09359
1055,90	28,57692
1056,14	23,07692
1056,38	44,44359
1056,62	48,21026
1056,86	53,86026
1057,11	42,22692
1057,35	42,87692
1057,59	19,16026
1057,83	32,56026
1058,07	51,76026
1058,31	93,64359
1058,55	92,37692
1058,79	79,14359
1059,03	45,31026
1059,27	43,56026
1059,51	48,36026
1059,75	62,69359
1059,99	54,94359
1060,23	61,22692
1060,47	85,12692
1060,71	105,52692
1060,95	85,07692
1061,19	66,16026
1061,43	61,57692
1061,67	99,17692
1061,91	112,64359
1062,15	106,49359
1062,39	92,52692
1062,64	106,76026
1062,88	119,24359
1063,12	145,02692
1063,36	190,54359
1063,60	337,24359
1063,84	811,07692
1064,08	2097,46026
1064,32	4142,74359
1064,56	5434,37692
1064,80	5005,49359
1065,04	3617,62692
1065,28	2240,36026
1065,52	1645,61026
1065,76	1044,72692
1066,00	816,41026
1066,24	628,59359
1066,48	555,32692
1066,72	484,49359
1066,96	433,79359
1067,20	363,59359
1067,44	318,31026
1067,68	280,01026
1067,92	248,71026
1068,16	226,72692
1068,40	217,17692
1068,64	212,59359
1068,88	202,46026
1069,12	176,51026
1069,36	178,14359
1069,60	156,74359
1069,84	183,61026
1070,08	166,81026
1070,32	177,07692
1070,56	148,66026
1070,80	141,96026
1071,04	176,17692
1071,28	167,44359
1071,52	167,91026
1071,76	109,57692
1072,00	112,44359
1072,24	92,89359
1072,48	89,89359
1072,72	80,16026
1072,96	90,87692
1073,20	71,81026
1073,44	75,21026
1073,68	65,82692
1073,92	75,36026
1074,16	51,51026
1074,40	43,62692
1074,64	29,57692
1074,88	28,59359
1075,12	32,69359
1075,36	32,74359
1075,60	40,87692
1075,84	27,77692
1076,08	28,81026
1076,32	16,47692
1076,56	7,74359
1076,80	3,59359
1077,04	-10,15641
1077,28	-9,93974
1077,52	-23,00641
1077,76	-26,85641
1078,00	-17,00641
1078,24	15,99359
1078,48	29,84359
1078,71	20,49359
1078,95	4,32692
1079,19	-11,37308
1079,43	-26,18974
1079,67	-31,23974
1079,91	-9,00641
1080,15	3,02692
1080,39	0,34359
1080,63	-2,88974
1080,87	-3,70641
1081,11	-2,82308
1081,35	-5,83974
1081,59	6,19359
1081,83	5,59359
1082,07	-7,95641
1082,31	-15,80641
1082,55	-20,30641
1082,79	-16,53974
1083,03	-10,48974
1083,27	-20,12308
1083,51	-12,90641
1083,75	-19,38974
1083,99	7,11026
1084,22	5,82692
1084,46	0,81026
1084,70	3,49359
1084,94	-4,50641
1085,18	-2,88974
1085,42	-31,07308
1085,66	-21,40641
1085,90	-23,95641
1086,14	-0,22308
1086,38	15,99359
1086,62	7,51026
1086,86	10,36026
1087,10	-8,30641
1087,34	3,89359
1087,58	-17,12308
1087,82	-18,92308
1088,06	-9,33974
1088,29	11,37692
1088,53	3,46026
1088,77	-12,83974
1089,01	-14,18974
1089,25	-7,05641
1089,49	2,76026
1089,73	-13,52308
1089,97	-3,80641
1090,21	-13,95641
1090,45	-4,45641
1090,69	-16,70641
1090,93	-17,52308
1091,17	-33,12308
1091,40	-9,08974
1091,64	-11,93974
1091,88	-6,28974
1092,12	-32,67308
1092,36	-24,42308
1092,60	-25,43974
1092,84	-10,35641
1093,08	0,11026
1093,32	9,37692
1093,56	8,24359
1093,80	18,81026
1094,04	10,87692
1094,27	0,36026
1094,51	-5,38974
1094,75	5,22692
1094,99	10,77692
1095,23	1,81026
1095,47	86,56026
1095,71	81,39359
1095,95	75,17692
1096,19	-16,98974
1096,43	-9,25641
1096,66	-25,73974
1096,90	-32,25641
1097,14	-32,43974
1097,38	-32,17308
1097,62	-22,92308
1097,86	-29,45641
1098,10	-11,62308
1098,34	-7,10641
1098,58	-11,57308
1098,81	-9,85641
1099,05	-9,85641
1099,29	17,92692
1099,53	27,96026
1099,77	21,59359
1100,01	-8,47308
1100,25	-16,53974
1100,49	-12,62308
1100,73	18,84359
1100,96	34,74359
1101,20	44,87692
1101,44	8,39359
1101,68	-4,22308
1101,92	-17,87308
1102,16	-6,00641
1102,40	-1,00641
1102,64	4,71026
1102,87	12,21026
1103,11	-2,70641
1103,35	-3,78974
1103,59	-13,60641
1103,83	-14,33974
1104,07	-3,45641
1104,31	-2,10641
1104,55	0,24359
1104,78	-22,77308
1105,02	-12,55641
1105,26	-23,63974
1105,50	-9,47308
1105,74	-28,73974
1105,98	-15,43974
1106,22	-3,88974
1106,45	-1,17308
1106,69	-11,35641
1106,93	-21,53974
1107,17	-18,45641
1107,41	-15,97308
1107,65	-23,43974
1107,89	-16,08974
1108,12	-11,35641
1108,36	-27,58974
1108,60	-24,60641
1108,84	-20,48974
1109,08	-11,18974
1109,32	-12,00641
1109,55	-18,27308
1109,79	6,04359
1110,03	-4,45641
1110,27	-1,38974
1110,51	-19,67308
1110,75	-26,40641
1110,99	-28,88974
1111,22	-37,65641
1111,46	-32,45641
1111,70	-37,32308
1111,94	-48,67308
1112,18	-54,30641
1112,42	-46,52308
1112,65	-24,23974
1112,89	-10,07308
1113,13	-18,62308
1113,37	-14,02308
1113,61	-10,65641
1113,85	14,92692
1114,08	4,11026
1114,32	-8,38974
1114,56	-11,63974
1114,80	-8,23974
1115,04	8,74359
1115,28	-10,12308
1115,51	-3,77308
1115,75	-3,20641
1115,99	1,04359
1116,23	-2,15641
1116,47	-2,98974
1116,70	-8,07308
1116,94	-19,73974
1117,18	-13,40641
1117,42	-18,00641
1117,66	-2,77308
1117,90	-30,10641
1118,13	-28,42308
1118,37	-53,33974
1118,61	-47,82308
1118,85	-39,22308
1119,09	-36,87308
1119,32	-25,53974
1119,56	-21,42308
1119,80	-26,82308
1120,04	-40,75641
1120,28	-30,87308
1120,51	-21,52308
1120,75	-12,70641
1120,99	-32,89808