194,56	-177,41154
194,83	-177,41154
195,09	-180,86154
195,36	-121,02821
195,63	-64,74487
195,90	-6,89487
196,17	-20,44487
196,44	-33,32821
196,71	-22,14487
196,97	-11,26154
197,24	14,08846
197,51	-8,61154
197,78	7,52179
198,05	10,75513
198,32	25,77179
198,59	7,25513
198,86	11,33846
199,12	5,00513
199,39	11,55513
199,66	10,88846
199,93	25,57179
200,20	27,92179
200,47	5,87179
200,74	4,72179
201,00	-3,51154
201,27	7,52179
201,54	-8,09487
201,81	14,62179
202,08	-4,49487
202,35	9,93846
202,61	3,15513
202,88	54,60513
203,15	34,40513
203,42	21,58846
203,69	-13,26154
203,96	-2,42821
204,23	1,58846
204,49	-4,42821
204,76	22,43846
205,03	35,32179
205,30	40,72179
205,57	21,12179
205,84	20,88846
206,10	40,83846
206,37	48,58846
206,64	53,57179
206,91	49,68846
207,18	35,30513
207,45	30,40513
207,71	14,50513
207,98	31,27179
208,25	16,88846
208,52	11,62179
208,79	-0,34487
209,06	9,15513
209,32	19,63846
209,59	26,73846
209,86	-0,57821
210,13	6,45513
210,40	15,88846
210,67	48,45513
210,93	42,08846
211,20	15,77179
211,47	9,05513
211,74	32,20513
212,01	36,28846
212,28	52,72179
212,54	49,67179
212,81	55,15513
213,08	44,12179
213,35	36,98846
213,62	48,72179
213,88	56,28846
214,15	43,48846
214,42	30,28846
214,69	30,75513
214,96	34,63846
215,23	61,03846
215,49	51,08846
215,76	49,55513
216,03	42,93846
216,30	25,12179
216,57	11,08846
216,83	3,43846
217,10	13,80513
217,37	34,43846
217,64	59,27179
217,91	69,07179
218,17	36,95513
218,44	-10,21154
218,71	-9,44487
218,98	14,32179
219,25	47,77179
219,51	51,17179
219,78	47,52179
220,05	30,88846
220,32	16,95513
220,59	23,40513
220,85	26,33846
221,12	43,38846
221,39	60,05513
221,66	59,98846
221,93	38,08846
222,19	11,10513
222,46	24,30513
222,73	41,57179
223,00	63,17179
223,27	45,72179
223,53	40,98846
223,80	27,30513
224,07	41,37179
224,34	57,67179
224,61	54,05513
224,87	33,28846
225,14	4,70513
225,41	8,10513
225,68	32,50513
225,94	47,00513
226,21	49,85513
226,48	30,03846
226,75	30,45513
227,02	18,93846
227,28	27,23846
227,55	13,25513
227,82	21,87179
228,09	-3,29487
228,36	-6,11154
228,62	-0,71154
228,89	23,38846
229,16	35,28846
229,43	29,63846
229,69	25,07179
229,96	25,08846
230,23	16,40513
230,50	24,95513
230,76	13,65513
231,03	19,63846
231,30	21,45513
231,57	33,72179
231,84	31,28846
232,10	17,27179
232,37	16,17179
232,64	5,75513
232,91	10,67179
233,17	19,95513
233,44	30,93846
233,71	32,78846
233,98	10,72179
234,24	11,68846
234,51	31,13846
234,78	43,65513
235,05	57,95513
235,31	38,87179
235,58	35,08846
235,85	14,22179
236,12	-0,31154
236,39	22,55513
236,65	33,52179
236,92	77,77179
237,19	69,75513
237,46	104,57179
237,72	75,72179
237,99	54,80513
238,26	20,50513
238,53	40,42179
238,79	41,47179
239,06	38,98846
239,33	10,63846
239,60	5,08846
239,86	-8,49487
240,13	-10,74487
240,40	-13,02821
240,67	18,40513
240,93	28,60513
241,20	29,97179
241,47	5,48846
241,73	6,57179
242,00	13,32179
242,27	23,75513
242,54	25,38846
242,80	25,27179
243,07	28,12179
243,34	28,92179
243,61	64,45513
243,87	47,83846
244,14	42,17179
244,41	3,15513
244,68	14,67179
244,94	18,13846
245,21	29,97179
245,48	38,57179
245,74	32,68846
246,01	42,43846
246,28	30,77179
246,55	26,95513
246,81	4,40513
247,08	8,70513
247,35	20,35513
247,62	21,85513
247,88	5,37179
248,15	12,53846
248,42	49,73846
248,68	55,22179
248,95	35,40513
249,22	6,73846
249,49	16,35513
249,75	19,05513
250,02	26,88846
250,29	19,55513
250,56	36,77179
250,82	47,20513
251,09	52,82179
251,36	57,28846
251,62	29,45513
251,89	31,32179
252,16	46,00513
252,43	75,45513
252,69	69,07179
252,96	36,40513
253,23	26,33846
253,49	32,47179
253,76	39,80513
254,03	57,52179
254,29	59,22179
254,56	59,58846
254,83	33,78846
255,10	10,60513
255,36	7,48846
255,63	19,83846
255,90	46,53846
256,16	50,38846
256,43	24,80513
256,70	29,05513
256,96	26,82179
257,23	37,97179
257,50	29,23846
257,77	39,83846
258,03	40,78846
258,30	49,40513
258,57	25,07179
258,83	29,67179
259,10	19,40513
259,37	23,45513
259,63	10,25513
259,90	26,00513
260,17	24,60513
260,43	35,32179
260,70	18,67179
260,97	42,20513
261,24	47,42179
261,50	51,02179
261,77	36,22179
262,04	22,27179
262,30	10,77179
262,57	6,37179
262,84	17,32179
263,10	46,72179
263,37	60,67179
263,64	44,05513
263,90	18,30513
264,17	8,90513
264,44	15,42179
264,70	16,18846
264,97	29,63846
265,24	52,23846
265,50	65,05513
265,77	62,83846
266,04	45,60513
266,30	32,85513
266,57	10,73846
266,84	10,40513
267,10	12,70513
267,37	44,90513
267,64	49,70513
267,90	60,45513
268,17	49,27179
268,44	39,57179
268,70	19,03846
268,97	-8,26154
269,24	-0,69487
269,50	16,93846
269,77	37,38846
270,04	50,02179
270,30	40,12179
270,57	48,02179
270,84	19,82179
271,10	33,72179
271,37	22,43846
271,64	50,90513
271,90	77,85513
272,17	78,17179
272,44	66,88846
272,70	36,02179
272,97	31,75513
273,24	24,50513
273,50	28,20513
273,77	41,52179
274,04	46,63846
274,30	39,05513
274,57	28,93846
274,84	40,65513
275,10	44,33846
275,37	44,72179
275,64	26,78846
275,90	6,72179
276,17	1,72179
276,43	13,80513
276,70	17,25513
276,97	11,07179
277,23	22,35513
277,50	22,83846
277,77	17,53846
278,03	-18,84487
278,30	-1,69487
278,57	0,05513
278,83	11,32179
279,10	12,85513
279,37	8,37179
279,63	10,28846
279,90	20,02179
280,16	41,73846
280,43	57,15513
280,70	46,62179
280,96	62,85513
281,23	59,43846
281,50	46,33846
281,76	24,55513
282,03	24,97179
282,29	33,23846
282,56	36,85513
282,83	25,38846
283,09	13,82179
283,36	17,90513
283,63	22,67179
283,89	33,12179
284,16	33,83846
284,42	37,80513
284,69	40,88846
284,96	37,05513
285,22	31,57179
285,49	34,52179
285,76	32,58846
286,02	57,05513
286,29	64,20513
286,55	62,18846
286,82	37,67179
287,09	15,87179
287,35	32,43846
287,62	23,23846
287,88	32,88846
288,15	7,28846
288,42	4,52179
288,68	17,93846
288,95	29,55513
289,22	47,70513
289,48	37,48846
289,75	41,27179
290,01	45,05513
290,28	28,78846
290,55	34,15513
290,81	14,15513
291,08	36,20513
291,34	44,72179
291,61	67,37179
291,88	66,95513
292,14	37,23846
292,41	31,40513
292,67	47,93846
292,94	68,90513
293,21	65,03846
293,47	53,67179
293,74	52,93846
294,00	40,17179
294,27	20,65513
294,54	10,73846
294,80	26,08846
295,07	49,93846
295,33	46,32179
295,60	50,92179
295,86	34,20513
296,13	29,53846
296,40	13,20513
296,66	25,63846
296,93	68,68846
297,19	89,15513
297,46	83,07179
297,73	61,32179
297,99	48,40513
298,26	35,05513
298,52	22,48846
298,79	27,02179
299,05	19,80513
299,32	42,03846
299,59	58,28846
299,85	78,17179
300,12	65,40513
300,38	50,23846
300,65	43,78846
300,92	56,12179
301,18	60,62179
301,45	82,00513
301,71	67,12179
301,98	80,27179
302,24	93,37179
302,51	108,95513
302,78	113,75513
303,04	93,82179
303,31	104,22179
303,57	111,27179
303,84	113,85513
304,10	93,35513
304,37	89,30513
304,63	104,30513
304,90	125,98846
305,17	133,83846
305,43	123,90513
305,70	142,25513
305,96	138,38846
306,23	141,65513
306,49	133,10513
306,76	133,90513
307,03	135,42179
307,29	122,42179
307,56	134,18846
307,82	142,37179
308,09	153,98846
308,35	150,80513
308,62	168,38846
308,88	157,55513
309,15	163,83846
309,42	152,67179
309,68	165,97179
309,95	164,70513
310,21	153,32179
310,48	153,40513
310,74	156,00513
311,01	183,92179
311,27	177,13846
311,54	164,70513
311,80	151,88846
312,07	183,23846
312,34	214,33846
312,60	219,00513
312,87	226,60513
313,13	242,23846
313,40	242,43846
313,66	229,12179
313,93	193,97179
314,19	209,85513
314,46	199,57179
314,72	212,95513
314,99	194,73846
315,25	184,55513
315,52	164,77179
315,78	161,20513
316,05	162,20513
316,32	169,72179
316,58	170,97179
316,85	185,07179
317,11	186,95513
317,38	185,87179
317,64	184,90513
317,91	182,98846
318,17	183,38846
318,44	185,13846
318,70	177,52179
318,97	187,83846
319,23	205,92179
319,50	213,58846
319,76	210,18846
320,03	190,33846
320,29	207,72179
320,56	215,10513
320,82	226,90513
321,09	225,93846
321,36	242,52179
321,62	238,50513
321,89	230,95513
322,15	215,48846
322,42	216,50513
322,68	234,43846
322,95	258,60513
323,21	278,93846
323,48	270,47179
323,74	258,68846
324,01	249,67179
324,27	240,13846
324,54	229,92179
324,80	237,03846
325,07	248,33846
325,33	265,17179
325,60	252,15513
325,86	261,67179
326,13	256,37179
326,39	269,43846
326,66	262,62179
326,92	268,35513
327,19	270,17179
327,45	270,70513
327,72	274,85513
327,98	273,88846
328,25	292,05513
328,51	288,83846
328,78	294,22179
329,04	289,40513
329,31	288,60513
329,57	281,32179
329,84	280,55513
330,10	292,82179
330,37	320,10513
330,63	322,58846
330,90	321,48846
331,16	320,62179
331,43	331,00513
331,69	350,15513
331,96	358,33846
332,22	368,23846
332,49	378,42179
332,75	370,48846
333,01	359,33846
333,28	346,38846
333,54	354,18846
333,81	387,30513
334,07	398,90513
334,34	394,97179
334,60	387,27179
334,87	396,45513
335,13	432,75513
335,40	429,23846
335,66	423,10513
335,93	406,62179
336,19	414,17179
336,46	434,50513
336,72	423,43846
336,99	424,10513
337,25	414,93846
337,52	427,67179
337,78	446,07179
338,05	438,67179
338,31	453,38846
338,57	458,80513
338,84	467,60513
339,10	466,90513
339,37	456,63846
339,63	470,25513
339,90	474,25513
340,16	476,15513
340,43	465,57179
340,69	475,83846
340,96	468,90513
341,22	483,92179
341,49	456,87179
341,75	465,22179
342,01	469,37179
342,28	498,07179
342,54	537,55513
342,81	560,22179
343,07	589,92179
343,34	584,57179
343,60	605,05513
343,87	589,45513
344,13	605,70513
344,40	627,82179
344,66	665,45513
344,92	704,78846
345,19	693,22179
345,45	695,27179
345,72	695,18846
345,98	709,75513
346,25	710,43846
346,51	702,87179
346,78	692,55513
347,04	702,53846
347,30	691,17179
347,57	694,78846
347,83	683,30513
348,10	694,53846
348,36	706,87179
348,63	725,53846
348,89	727,13846
349,15	731,33846
349,42	726,08846
349,68	724,08846
349,95	720,88846
350,21	739,77179
350,48	754,60513
350,74	769,07179
351,01	761,25513
351,27	759,27179
351,53	749,68846
351,80	745,55513
352,06	757,67179
352,33	769,42179
352,59	777,17179
352,86	784,45513
353,12	804,55513
353,38	854,70513
353,65	859,68846
353,91	870,35513
354,18	879,93846
354,44	933,97179
354,70	948,55513
354,97	941,65513
355,23	937,52179
355,50	952,32179
355,76	993,57179
356,03	1015,28846
356,29	1059,35513
356,55	1061,75513
356,82	1054,70513
357,08	1026,07179
357,35	1013,17179
357,61	1033,75513
357,87	1056,18846
358,14	1071,50513
358,40	1071,43846
358,67	1100,05513
358,93	1136,85513
359,20	1183,77179
359,46	1192,03846
359,72	1171,55513
359,99	1118,83846
360,25	1092,00513
360,52	1086,77179
360,78	1096,60513
361,04	1100,27179
361,31	1081,85513
361,57	1060,87179
361,84	1042,33846
362,10	1045,57179
362,36	1052,82179
362,63	1065,27179
362,89	1066,57179
363,16	1073,95513
363,42	1080,28846
363,68	1082,68846
363,95	1086,03846
364,21	1061,13846
364,47	1055,77179
364,74	1034,67179
365,00	1017,20513
365,27	984,33846
365,53	967,28846
365,79	972,07179
366,06	984,65513
366,32	996,47179
366,59	962,15513
366,85	945,08846
367,11	919,37179
367,38	928,62179
367,64	925,53846
367,91	926,38846
368,17	915,27179
368,43	901,62179
368,70	900,85513
368,96	900,92179
369,22	931,48846
369,49	942,83846
369,75	946,10513
370,02	937,58846
370,28	927,68846
370,54	936,85513
370,81	928,02179
371,07	931,72179
371,33	966,70513
371,60	951,73846
371,86	945,80513
372,13	907,23846
372,39	917,72179
372,65	930,78846
372,92	940,17179
373,18	957,42179
373,44	946,68846
373,71	922,23846
373,97	899,45513
374,23	898,60513
374,50	936,72179
374,76	948,40513
375,03	955,92179
375,29	948,15513
375,55	952,95513
375,82	951,57179
376,08	946,38846
376,34	975,88846
376,61	962,07179
376,87	948,20513
377,13	906,18846
377,40	930,85513
377,66	968,82179
377,92	1007,05513
378,19	1020,12179
378,45	1025,32179
378,72	1007,22179
378,98	1008,63846
379,24	992,85513
379,51	1011,22179
379,77	1010,62179
380,03	992,98846
380,30	1013,85513
380,56	1019,05513
380,82	1064,00513
381,09	1057,00513
381,35	1068,25513
381,61	1046,47179
381,88	1047,85513
382,14	1050,97179
382,40	1065,20513
382,67	1058,68846
382,93	1045,63846
383,19	1034,22179
383,46	1028,38846
383,72	1035,10513
383,98	1036,88846
384,25	1055,95513
384,51	1067,37179
384,77	1070,03846
385,04	1072,92179
385,30	1057,85513
385,56	1089,68846
385,83	1107,33846
386,09	1133,82179
386,35	1140,77179
386,62	1141,30513
386,88	1160,48846
387,14	1165,65513
387,41	1165,05513
387,67	1174,37179
387,93	1190,00513
388,20	1207,57179
388,46	1210,15513
388,72	1211,95513
388,99	1213,98846
389,25	1208,27179
389,51	1203,13846
389,78	1212,98846
390,04	1241,45513
390,30	1287,18846
390,56	1311,12179
390,83	1297,22179
391,09	1259,43846
391,35	1211,73846
391,62	1197,38846
391,88	1190,38846
392,14	1201,98846
392,41	1197,23846
392,67	1170,92179
392,93	1153,98846
393,20	1125,52179
393,46	1125,40513
393,72	1102,28846
393,99	1091,72179
394,25	1092,53846
394,51	1078,07179
394,77	1091,17179
395,04	1081,92179
395,30	1109,88846
395,56	1116,48846
395,83	1111,73846
396,09	1104,98846
396,35	1113,20513
396,62	1116,78846
396,88	1146,07179
397,14	1134,62179
397,40	1183,28846
397,67	1190,25513
397,93	1202,83846
398,19	1195,57179
398,46	1198,43846
398,72	1221,52179
398,98	1226,97179
399,24	1237,58846
399,51	1251,18846
399,77	1269,93846
400,03	1269,07179
400,30	1254,17179
400,56	1281,45513
400,82	1284,33846
401,08	1274,20513
401,35	1227,87179
401,61	1226,80513
401,87	1225,63846
402,14	1237,65513
402,40	1226,58846
402,66	1227,63846
402,92	1188,33846
403,19	1174,00513
403,45	1191,78846
403,71	1210,33846
403,98	1226,43846
404,24	1219,18846
404,50	1229,38846
404,76	1265,15513
405,03	1297,40513
405,29	1334,48846
405,55	1348,12179
405,81	1388,28846
406,08	1400,02179
406,34	1406,95513
406,60	1405,12179
406,87	1442,40513
407,13	1493,25513
407,39	1491,40513
407,65	1443,02179
407,92	1368,18846
408,18	1322,68846
408,44	1306,90513
408,70	1291,20513
408,97	1290,55513
409,23	1287,20513
409,49	1278,08846
409,75	1254,67179
410,02	1227,72179
410,28	1201,90513
410,54	1193,58846
410,80	1197,08846
411,07	1205,48846
411,33	1215,95513
411,59	1183,53846
411,85	1196,27179
412,12	1196,63846
412,38	1212,63846
412,64	1194,33846
412,90	1171,43846
413,17	1170,47179
413,43	1159,27179
413,69	1166,53846
413,95	1159,38846
414,22	1155,18846
414,48	1127,08846
414,74	1107,67179
415,00	1107,28846
415,27	1111,32179
415,53	1129,25513
415,79	1121,80513
416,05	1126,40513
416,32	1122,40513
416,58	1147,85513
416,84	1163,70513
417,10	1148,57179
417,37	1129,48846
417,63	1115,93846
417,89	1134,72179
418,15	1125,48846
418,41	1116,72179
418,68	1108,92179
418,94	1121,78846
419,20	1121,40513
419,46	1133,30513
419,73	1130,98846
419,99	1146,05513
420,25	1135,73846
420,51	1184,58846
420,78	1181,27179
421,04	1161,30513
421,30	1098,02179
421,56	1108,03846
421,82	1123,08846
422,09	1145,02179
422,35	1129,70513
422,61	1140,83846
422,87	1223,00513
423,14	1213,70513
423,40	1211,58846
423,66	1108,77179
423,92	1128,75513
424,18	1126,38846
424,45	1124,43846
424,71	1108,03846
424,97	1109,77179
425,23	1111,15513
425,49	1104,40513
425,76	1105,92179
426,02	1120,12179
426,28	1134,23846
426,54	1120,42179
426,81	1109,47179
427,07	1093,70513
427,33	1083,93846
427,59	1079,27179
427,85	1074,97179
428,12	1084,17179
428,38	1085,75513
428,64	1079,87179
428,90	1065,75513
429,16	1067,90513
429,43	1070,78846
429,69	1075,33846
429,95	1075,02179
430,21	1090,85513
430,47	1124,93846
430,74	1119,87179
431,00	1119,75513
431,26	1089,65513
431,52	1106,45513
431,78	1125,10513
432,05	1171,05513
432,31	1211,33846
432,57	1202,70513
432,83	1162,03846
433,09	1114,52179
433,35	1110,37179
433,62	1108,77179
433,88	1104,45513
434,14	1095,85513
434,40	1097,42179
434,66	1111,65513
434,93	1113,45513
435,19	1123,57179
435,45	1118,17179
435,71	1151,13846
435,97	1159,13846
436,23	1158,45513
436,50	1133,70513
436,76	1121,85513
437,02	1125,93846
437,28	1114,87179
437,54	1122,97179
437,81	1109,40513
438,07	1106,72179
438,33	1096,55513
438,59	1094,13846
438,85	1102,60513
439,11	1086,10513
439,38	1107,93846
439,64	1101,90513
439,90	1120,67179
440,16	1117,55513
440,42	1124,58846
440,68	1137,83846
440,95	1129,63846
441,21	1156,07179
441,47	1174,48846
441,73	1188,30513
441,99	1195,72179
442,25	1190,47179
442,52	1218,22179
442,78	1206,85513
443,04	1220,28846
443,30	1215,52179
443,56	1244,58846
443,82	1258,20513
444,08	1283,57179
444,35	1291,15513
444,61	1287,38846
444,87	1256,57179
445,13	1258,32179
445,39	1234,12179
445,65	1241,22179
445,92	1188,80513
446,18	1193,02179
446,44	1182,87179
446,70	1199,87179
446,96	1209,33846
447,22	1224,00513
447,48	1236,43846
447,75	1241,57179
448,01	1248,98846
448,27	1231,37179
448,53	1218,92179
448,79	1214,27179
449,05	1230,90513
449,31	1235,30513
449,58	1237,72179
449,84	1226,03846
450,10	1210,38846
450,36	1158,10513
450,62	1133,07179
450,88	1116,80513
451,14	1108,80513
451,41	1088,25513
451,67	1061,52179
451,93	1061,97179
452,19	1073,82179
452,45	1097,20513
452,71	1098,45513
452,97	1076,12179
453,23	1080,18846
453,50	1080,43846
453,76	1092,72179
454,02	1079,28846
454,28	1076,82179
454,54	1080,85513
454,80	1084,20513
455,06	1083,25513
455,32	1079,28846
455,59	1067,57179
455,85	1066,93846
456,11	1070,92179
456,37	1079,92179
456,63	1084,47179
456,89	1089,92179
457,15	1113,97179
457,41	1126,67179
457,68	1149,48846
457,94	1135,20513
458,20	1147,43846
458,46	1157,03846
458,72	1191,38846
458,98	1221,72179
459,24	1240,45513
459,50	1262,93846
459,76	1276,57179
460,03	1276,02179
460,29	1295,35513
460,55	1324,12179
460,81	1366,95513
461,07	1376,15513
461,33	1414,93846
461,59	1453,03846
461,85	1456,43846
462,11	1433,92179
462,37	1418,78846
462,64	1433,00513
462,90	1431,10513
463,16	1433,63846
463,42	1458,20513
463,68	1467,75513
463,94	1455,38846
464,20	1427,05513
464,46	1399,22179
464,72	1404,93846
464,98	1387,60513
465,24	1400,42179
465,51	1372,05513
465,77	1363,88846
466,03	1319,55513
466,29	1294,78846
466,55	1268,82179
466,81	1261,33846
467,07	1262,92179
467,33	1258,35513
467,59	1278,78846
467,85	1259,87179
468,11	1238,70513
468,38	1199,17179
468,64	1210,93846
468,90	1204,67179
469,16	1213,87179
469,42	1195,15513
469,68	1202,97179
469,94	1211,23846
470,20	1220,45513
470,46	1219,20513
470,72	1209,58846
470,98	1191,02179
471,24	1196,13846
471,50	1199,65513
471,77	1210,48846
472,03	1221,18846
472,29	1201,80513
472,55	1205,55513
472,81	1209,37179
473,07	1228,05513
473,33	1209,23846
473,59	1202,27179
473,85	1194,42179
474,11	1216,22179
474,37	1214,40513
474,63	1215,75513
474,89	1243,03846
475,15	1270,30513
475,41	1312,83846
475,68	1315,15513
475,94	1331,08846
476,20	1340,43846
476,46	1373,75513
476,72	1380,38846
476,98	1409,67179
477,24	1424,98846
477,50	1476,08846
477,76	1556,40513
478,02	1678,32179
478,28	1799,12179
478,54	1882,22179
478,80	1962,38846
479,06	2035,40513
479,32	2108,53846
479,58	2166,52179
479,84	2261,37179
480,10	2271,25513
480,36	2216,13846
480,63	2080,27179
480,89	1967,43846
481,15	1898,08846
481,41	1840,72179
481,67	1822,15513
481,93	1784,03846
482,19	1737,63846
482,45	1691,53846
482,71	1651,02179
482,97	1623,23846
483,23	1607,93846
483,49	1602,68846
483,75	1619,45513
484,01	1622,88846
484,27	1621,53846
484,53	1631,12179
484,79	1677,78846
485,05	1689,55513
485,31	1695,92179
485,57	1658,00513
485,83	1675,63846
486,09	1674,02179
486,35	1693,98846
486,61	1687,87179
486,87	1697,32179
487,13	1709,05513
487,39	1738,93846
487,65	1768,78846
487,91	1785,50513
488,17	1787,65513
488,43	1774,25513
488,70	1785,72179
488,96	1806,47179
489,22	1819,42179
489,48	1835,80513
489,74	1846,22179
490,00	1884,73846
490,26	1887,53846
490,52	1919,38846
490,78	1935,20513
491,04	1958,45513
491,30	1970,23846
491,56	1981,00513
491,82	1983,85513
492,08	1978,98846
492,34	1999,15513
492,60	2027,48846
492,86	2055,43846
493,12	2077,97179
493,38	2115,27179
493,64	2157,70513
493,90	2178,28846
494,16	2173,65513
494,42	2178,60513
494,68	2203,18846
494,94	2265,80513
495,20	2314,37179
495,46	2341,05513
495,72	2343,43846
495,98	2344,53846
496,24	2353,30513
496,50	2385,98846
496,76	2448,97179
497,02	2502,27179
497,28	2551,00513
497,54	2612,13846
497,80	2677,53846
498,06	2740,03846
498,32	2773,53846
498,58	2857,33846
498,84	2941,57179
499,10	3045,57179
499,36	3145,63846
499,62	3263,18846
499,88	3378,87179
500,14	3453,67179
500,40	3498,50513
500,66	3538,68846
500,92	3571,87179
501,18	3549,38846
501,44	3465,95513
501,69	3363,98846
501,95	3278,33846
502,21	3189,85513
502,47	3087,20513
502,73	2991,20513
502,99	2930,25513
503,25	2887,92179
503,51	2861,22179
503,77	2810,55513
504,03	2786,23846
504,29	2769,95513
504,55	2767,38846
504,81	2732,52179
505,07	2685,35513
505,33	2651,67179
505,59	2631,38846
505,85	2630,25513
506,11	2614,38846
506,37	2594,07179
506,63	2555,85513
506,89	2540,00513
507,15	2539,07179
507,41	2520,93846
507,67	2501,22179
507,93	2477,05513
508,19	2473,37179
508,45	2470,18846
508,71	2457,43846
508,97	2438,22179
509,23	2419,88846
509,49	2441,13846
509,74	2468,95513
510,00	2475,10513
510,26	2461,82179
510,52	2433,32179
510,78	2448,53846
511,04	2430,90513
511,30	2465,02179
511,56	2449,33846
511,82	2456,60513
512,08	2426,53846
512,34	2455,63846
512,60	2454,93846
512,86	2484,30513
513,12	2475,80513
513,38	2502,90513
513,64	2535,43846
513,90	2565,88846
514,16	2623,58846
514,42	2654,12179
514,67	2677,35513
514,93	2683,33846
515,19	2683,83846
515,45	2685,38846
515,71	2666,80513
515,97	2666,37179
516,23	2658,92179
516,49	2658,17179
516,75	2661,58846
517,01	2674,83846
517,27	2672,35513
517,53	2654,47179
517,79	2641,50513
518,05	2635,27179
518,31	2645,05513
518,56	2635,58846
518,82	2629,98846
519,08	2576,97179
519,34	2544,57179
519,60	2496,12179
519,86	2497,08846
520,12	2471,63846
520,38	2457,45513
520,64	2448,12179
520,90	2462,78846
521,16	2469,27179
521,42	2471,95513
521,68	2494,98846
521,93	2596,77179
522,19	2698,22179
522,45	2802,18846
522,71	2837,05513
522,97	2878,93846
523,23	2890,18846
523,49	2986,43846
523,75	3066,58846
524,01	3053,30513
524,27	2898,38846
524,53	2743,98846
524,79	2663,27179
525,04	2625,10513
525,30	2552,37179
525,56	2495,83846
525,82	2451,05513
526,08	2440,22179
526,34	2411,08846
526,60	2420,52179
526,86	2403,30513
527,12	2410,72179
527,38	2375,68846
527,63	2363,10513
527,89	2349,65513
528,15	2339,13846
528,41	2334,00513
528,67	2332,80513
528,93	2350,95513
529,19	2335,38846
529,45	2323,78846
529,71	2304,35513
529,97	2322,05513
530,22	2342,40513
530,48	2365,32179
530,74	2369,48846
531,00	2381,92179
531,26	2399,25513
531,52	2412,70513
531,78	2397,72179
532,04	2391,90513
532,30	2390,17179
532,55	2429,63846
532,81	2432,92179
533,07	2415,05513
533,33	2380,12179
533,59	2351,43846
533,85	2336,00513
534,11	2359,72179
534,37	2375,33846
534,62	2397,13846
534,88	2346,65513
535,14	2316,18846
535,40	2300,80513
535,66	2317,55513
535,92	2328,25513
536,18	2342,98846
536,44	2338,78846
536,69	2331,00513
536,95	2326,80513
537,21	2340,50513
537,47	2368,02179
537,73	2381,52179
537,99	2366,22179
538,25	2351,98846
538,51	2334,62179
538,76	2330,83846
539,02	2332,45513
539,28	2345,83846
539,54	2351,33846
539,80	2336,87179
540,06	2322,82179
540,32	2335,22179
540,57	2353,15513
540,83	2366,88846
541,09	2343,53846
541,35	2324,55513
541,61	2310,38846
541,87	2307,05513
542,13	2330,37179
542,38	2339,10513
542,64	2340,95513
542,90	2326,72179
543,16	2286,77179
543,42	2289,55513
543,68	2262,42179
543,94	2269,00513
544,19	2255,72179
544,45	2266,80513
544,71	2269,38846
544,97	2274,68846
545,23	2257,03846
545,49	2255,17179
545,74	2228,85513
546,00	2245,23846
546,26	2209,68846
546,52	2242,47179
546,78	2239,68846
547,04	2271,60513
547,29	2253,98846
547,55	2240,58846
547,81	2229,88846
548,07	2232,52179
548,33	2224,67179
548,59	2237,93846
548,84	2243,52179
549,10	2253,55513
549,36	2251,33846
549,62	2246,80513
549,88	2257,33846
550,14	2259,17179
550,39	2255,17179
550,65	2270,75513
550,91	2280,25513
551,17	2288,88846
551,43	2285,77179
551,69	2294,53846
551,94	2323,93846
552,20	2339,72179
552,46	2360,75513
552,72	2351,38846
552,98	2348,03846
553,24	2336,97179
553,49	2342,22179
553,75	2342,13846
554,01	2343,25513
554,27	2344,03846
554,53	2361,12179
554,78	2360,60513
555,04	2344,95513
555,30	2327,02179
555,56	2315,43846
555,82	2334,17179
556,07	2342,82179
556,33	2356,60513
556,59	2358,52179
556,85	2367,88846
557,11	2393,95513
557,37	2402,52179
557,62	2386,73846
557,88	2369,55513
558,14	2384,78846
558,40	2393,68846
558,66	2400,42179
558,91	2379,18846
559,17	2384,03846
559,43	2384,30513
559,69	2368,53846
559,95	2345,63846
560,20	2316,85513
560,46	2328,53846
560,72	2329,95513
560,98	2345,25513
561,24	2307,90513
561,49	2298,25513
561,75	2270,23846
562,01	2281,15513
562,27	2283,93846
562,52	2285,60513
562,78	2287,50513
563,04	2295,35513
563,30	2293,53846
563,56	2305,35513
563,81	2331,00513
564,07	2385,05513
564,33	2455,38846
564,59	2494,07179
564,85	2530,73846
565,10	2594,75513
565,36	2651,65513
565,62	2728,95513
565,88	2731,62179
566,13	2798,90513
566,39	2834,63846
566,65	2898,03846
566,91	2913,50513
567,17	2915,25513
567,42	2932,55513
567,68	2904,48846
567,94	2895,03846
568,20	2837,92179
568,45	2809,13846
568,71	2747,35513
568,97	2673,60513
569,23	2637,55513
569,49	2584,15513
569,74	2548,65513
570,00	2458,43846
570,26	2424,07179
570,52	2392,50513
570,77	2402,93846
571,03	2398,38846
571,29	2395,00513
571,55	2380,15513
571,80	2335,30513
572,06	2297,33846
572,32	2263,33846
572,58	2291,27179
572,83	2296,52179
573,09	2281,50513
573,35	2253,65513
573,61	2227,57179
573,86	2221,22179
574,12	2189,55513
574,38	2200,33846
574,64	2192,37179
574,89	2213,93846
575,15	2239,25513
575,41	2247,43846
575,67	2245,23846
575,92	2214,62179
576,18	2224,15513
576,44	2221,97179
576,70	2211,85513
576,95	2183,13846
577,21	2158,43846
577,47	2150,93846
577,73	2153,88846
577,98	2139,03846
578,24	2126,65513
578,50	2102,07179
578,76	2101,27179
579,01	2083,07179
579,27	2066,98846
579,53	2068,63846
579,79	2052,83846
580,04	2038,12179
580,30	1987,43846
580,56	1960,38846
580,81	1947,73846
581,07	1957,32179
581,33	1961,18846
581,59	1963,93846
581,84	1978,60513
582,10	2007,55513
582,36	2044,03846
582,62	2086,98846
582,87	2135,68846
583,13	2209,18846
583,39	2243,48846
583,64	2275,50513
583,90	2260,60513
584,16	2297,27179
584,42	2326,58846
584,67	2332,45513
584,93	2289,45513
585,19	2224,63846
585,45	2187,40513
585,70	2149,23846
585,96	2138,45513
586,22	2122,48846
586,47	2103,47179
586,73	2109,72179
586,99	2110,85513
587,25	2127,43846
587,50	2102,48846
587,76	2082,77179
588,02	2071,35513
588,27	2080,12179
588,53	2107,50513
588,79	2103,55513
589,04	2083,52179
589,30	2085,37179
589,56	2086,57179
589,82	2104,88846
590,07	2086,63846
590,33	2084,07179
590,59	2073,17179
590,84	2076,30513
591,10	2083,83846
591,36	2101,65513
591,61	2106,65513
591,87	2131,83846
592,13	2137,90513
592,39	2154,05513
592,64	2159,63846
592,90	2150,87179
593,16	2161,07179
593,41	2168,08846
593,67	2183,18846
593,93	2174,35513
594,18	2174,60513
594,44	2188,38846
594,70	2190,02179
594,95	2189,13846
595,21	2191,17179
595,47	2180,68846
595,73	2160,13846
595,98	2133,82179
596,24	2123,97179
596,50	2084,60513
596,75	2059,53846
597,01	2022,27179
597,27	1987,73846
597,52	1939,67179
597,78	1893,52179
598,04	1870,32179
598,29	1817,32179
598,55	1804,05513
598,81	1766,22179
599,06	1763,33846
599,32	1726,50513
599,58	1736,55513
599,83	1708,65513
600,09	1708,50513
600,35	1685,87179
600,60	1686,27179
600,86	1680,95513
601,12	1682,38846
601,37	1683,68846
601,63	1662,72179
601,89	1640,67179
602,14	1629,32179
602,40	1624,73846
602,66	1621,25513
602,91	1603,12179
603,17	1613,47179
603,43	1619,40513
603,68	1634,50513
603,94	1612,77179
604,20	1601,62179
604,45	1581,70513
604,71	1585,00513
604,97	1579,63846
605,22	1585,18846
605,48	1584,88846
605,74	1593,23846
605,99	1594,10513
606,25	1586,70513
606,51	1579,15513
606,76	1558,70513
607,02	1570,20513
607,27	1552,02179
607,53	1564,00513
607,79	1558,28846
608,04	1550,35513
608,30	1537,05513
608,56	1515,88846
608,81	1531,68846
609,07	1529,37179
609,33	1556,25513
609,58	1564,75513
609,84	1568,52179
610,10	1547,17179
610,35	1516,65513
610,61	1506,95513
610,86	1489,17179
611,12	1493,08846
611,38	1484,43846
611,63	1480,75513
611,89	1477,07179
612,15	1488,07179
612,40	1478,35513
612,66	1462,65513
612,92	1433,67179
613,17	1461,08846
613,43	1476,65513
613,68	1493,60513
613,94	1472,00513
614,20	1462,53846
614,45	1451,95513
614,71	1476,75513
614,97	1467,45513
615,22	1476,60513
615,48	1460,62179
615,73	1480,42179
615,99	1488,75513
616,25	1493,25513
616,50	1509,18846
616,76	1509,45513
617,01	1521,33846
617,27	1493,55513
617,53	1490,80513
617,78	1505,95513
618,04	1528,72179
618,30	1542,23846
618,55	1506,20513
618,81	1497,20513
619,06	1470,70513
619,32	1472,93846
619,58	1457,82179
619,83	1466,27179
620,09	1459,82179
620,34	1459,95513
620,60	1448,93846
620,86	1445,67179
621,11	1443,07179
621,37	1459,88846
621,62	1458,85513
621,88	1441,45513
622,14	1411,23846
622,39	1414,77179
622,65	1426,67179
622,90	1432,93846
623,16	1438,78846
623,42	1442,77179
623,67	1431,70513
623,93	1435,73846
624,18	1426,70513
624,44	1459,43846
624,70	1460,40513
624,95	1459,48846
625,21	1448,75513
625,46	1433,77179
625,72	1454,23846
625,98	1445,10513
626,23	1464,63846
626,49	1469,25513
626,74	1507,72179
627,00	1533,55513
627,25	1555,32179
627,51	1565,62179
627,77	1558,12179
628,02	1547,17179
628,28	1562,17179
628,53	1581,23846
628,79	1592,90513
629,04	1549,85513
629,30	1519,67179
629,56	1517,72179
629,81	1516,90513
630,07	1518,27179
630,32	1500,40513
630,58	1523,52179
630,83	1511,78846
631,09	1499,37179
631,35	1474,52179
631,60	1473,97179
631,86	1484,18846
632,11	1486,52179
632,37	1458,10513
632,62	1429,75513
632,88	1405,18846
633,14	1406,28846
633,39	1401,70513
633,65	1419,72179
633,90	1428,10513
634,16	1420,22179
634,41	1392,40513
634,67	1384,35513
634,93	1397,68846
635,18	1407,77179
635,44	1392,35513
635,69	1375,87179
635,95	1375,38846
636,20	1397,30513
636,46	1399,10513
636,71	1392,90513
636,97	1383,22179
637,22	1386,98846
637,48	1379,33846
637,74	1382,37179
637,99	1390,28846
638,25	1408,00513
638,50	1397,53846
638,76	1399,80513
639,01	1381,85513
639,27	1375,73846
639,52	1370,43846
639,78	1381,15513
640,03	1385,62179
640,29	1374,83846
640,55	1375,13846
640,80	1373,73846
641,06	1372,88846
641,31	1385,53846
641,57	1396,08846
641,82	1416,13846
642,08	1419,18846
642,33	1426,58846
642,59	1438,23846
642,84	1441,93846
643,10	1441,33846
643,35	1429,15513
643,61	1421,70513
643,87	1426,65513
644,12	1426,78846
644,38	1412,17179
644,63	1409,85513
644,89	1423,42179
645,14	1433,72179
645,40	1424,20513
645,65	1425,90513
645,91	1422,58846
646,16	1446,68846
646,42	1451,05513
646,67	1453,40513
646,93	1448,42179
647,18	1450,30513
647,44	1460,27179
647,69	1458,73846
647,95	1444,15513
648,20	1448,08846
648,46	1449,00513
648,71	1469,07179
648,97	1475,02179
649,22	1485,75513
649,48	1480,30513
649,73	1474,50513
649,99	1468,53846
650,24	1487,70513
650,50	1500,30513
650,75	1507,62179
651,01	1498,83846
651,26	1504,13846
651,52	1497,73846
651,77	1493,28846
652,03	1497,27179
652,28	1505,90513
652,54	1533,38846
652,79	1572,62179
653,05	1611,28846
653,30	1634,30513
653,56	1633,62179
653,81	1661,30513
654,07	1704,25513
654,32	1758,38846
654,58	1817,53846
654,83	1897,75513
655,09	1972,53846
655,34	2059,32179
655,60	2123,67179
655,85	2193,17179
656,11	2263,70513
656,36	2300,95513
656,62	2315,95513
656,87	2286,23846
657,13	2239,30513
657,38	2194,60513
657,64	2130,13846
657,89	2066,58846
658,15	1964,40513
658,40	1868,80513
658,66	1796,87179
658,91	1738,10513
659,17	1692,92179
659,42	1646,97179
659,68	1612,88846
659,93	1573,07179
660,19	1535,77179
660,44	1525,10513
660,70	1517,83846
660,95	1500,85513
661,20	1474,83846
661,46	1448,00513
661,71	1430,32179
661,97	1399,70513
662,22	1389,13846
662,48	1377,23846
662,73	1370,15513
662,99	1365,67179
663,24	1359,55513
663,50	1339,13846
663,75	1322,52179
664,01	1288,82179
664,26	1304,88846
664,52	1290,15513
664,77	1306,80513
665,02	1306,20513
665,28	1310,28846
665,53	1298,72179
665,79	1294,88846
666,04	1290,65513
666,30	1283,12179
666,55	1279,67179
666,81	1263,95513
667,06	1264,93846
667,32	1254,57179
667,57	1247,68846
667,82	1233,68846
668,08	1222,35513
668,33	1217,05513
668,59	1207,65513
668,84	1207,18846
669,10	1197,35513
669,35	1248,98846
669,61	1215,68846
669,86	1226,65513
670,11	1158,17179
670,37	1177,75513
670,62	1168,57179
670,88	1181,38846
671,13	1152,88846
671,39	1129,58846
671,64	1111,83846
671,90	1118,78846
672,15	1121,97179
672,40	1107,47179
672,66	1085,00513
672,91	1083,73846
673,17	1082,88846
673,42	1087,92179
673,68	1071,77179
673,93	1058,62179
674,18	1054,52179
674,44	1045,18846
674,69	1049,40513
674,95	1050,53846
675,20	1046,40513
675,46	1039,27179
675,71	1020,40513
675,96	1031,82179
676,22	1021,38846
676,47	1024,97179
676,73	1018,32179
676,98	1020,28846
677,23	1030,57179
677,49	1040,10513
677,74	1059,72179
678,00	1038,65513
678,25	1030,70513
678,51	1026,00513
678,76	1016,42179
679,01	1012,15513
679,27	989,65513
679,52	989,60513
679,78	979,82179
680,03	981,28846
680,28	978,28846
680,54	968,50513
680,79	945,02179
681,05	940,58846
681,30	928,55513
681,55	937,28846
681,81	939,70513
682,06	956,20513
682,32	961,95513
682,57	967,15513
682,82	951,02179
683,08	937,37179
683,33	911,55513
683,59	922,22179
683,84	916,10513
684,09	927,07179
684,35	916,13846
684,60	928,72179
684,86	922,85513
685,11	940,45513
685,36	938,75513
685,62	955,92179
685,87	918,30513
686,13	904,55513
686,38	876,82179
686,63	898,20513
686,89	920,80513
687,14	955,32179
687,40	951,32179
687,65	945,28846
687,90	930,45513
688,16	927,68846
688,41	918,47179
688,66	908,22179
688,92	911,65513
689,17	899,17179
689,43	893,55513
689,68	897,40513
689,93	905,52179
690,19	904,32179
690,44	881,27179
690,69	866,07179
690,95	862,37179
691,20	869,70513
691,46	857,75513
691,71	863,27179
691,96	859,48846
692,22	868,37179
692,47	851,03846
692,72	837,87179
692,98	833,32179
693,23	835,60513
693,49	851,78846
693,74	855,40513
693,99	863,88846
694,25	854,27179
694,50	852,72179
694,75	843,35513
695,01	824,28846
695,26	826,45513
695,51	824,93846
695,77	820,87179
696,02	813,88846
696,27	811,25513
696,53	827,97179
696,78	832,83846
697,04	837,92179
697,29	829,03846
697,54	821,85513
697,80	804,80513
698,05	806,22179
698,30	795,15513
698,56	791,17179
698,81	786,88846
699,06	787,72179
699,32	784,33846
699,57	785,87179
699,82	801,68846
700,08	796,18846
700,33	788,78846
700,58	770,62179
700,84	774,32179
701,09	762,37179
701,34	759,38846
701,60	766,82179
701,85	770,47179
702,10	773,63846
702,36	775,90513
702,61	768,82179
702,86	756,00513
703,12	731,97179
703,37	736,40513
703,62	731,53846
703,88	729,62179
704,13	715,95513
704,38	719,65513
704,64	743,32179
704,89	749,90513
705,14	765,08846
705,40	752,78846
705,65	755,87179
705,90	733,33846
706,16	710,47179
706,41	710,68846
706,66	706,53846
706,92	708,30513
707,17	708,92179
707,42	731,05513
707,68	723,98846
707,93	713,85513
708,18	699,75513
708,44	721,47179
708,69	726,58846
708,94	721,78846
709,19	710,72179
709,45	712,83846
709,70	700,40513
709,95	698,22179
710,21	675,38846
710,46	670,22179
710,71	687,25513
710,97	689,17179
711,22	701,32179
711,47	674,98846
711,73	680,90513
711,98	676,55513
712,23	675,42179
712,48	668,18846
712,74	666,12179
712,99	663,87179
713,24	653,68846
713,50	656,97179
713,75	680,32179
714,00	699,87179
714,26	699,82179
714,51	696,28846
714,76	709,63846
715,01	720,55513
715,27	750,58846
715,52	755,82179
715,77	772,20513
716,03	756,45513
716,28	759,45513
716,53	770,35513
716,78	763,75513
717,04	756,78846
717,29	738,52179
717,54	733,40513
717,80	708,73846
718,05	690,55513
718,30	670,65513
718,55	669,83846
718,81	653,45513
719,06	656,43846
719,31	648,07179
719,57	634,87179
719,82	626,17179
720,07	627,97179
720,32	625,62179
720,58	625,95513
720,83	615,38846
721,08	618,70513
721,33	610,68846
721,59	622,73846
721,84	630,70513
722,09	641,48846
722,35	635,43846
722,60	623,87179
722,85	616,00513
723,10	603,17179
723,36	601,17179
723,61	585,97179
723,86	594,97179
724,11	608,53846
724,37	601,00513
724,62	589,18846
724,87	574,18846
725,12	578,32179
725,38	574,63846
725,63	568,98846
725,88	558,92179
726,13	557,67179
726,39	540,82179
726,64	559,83846
726,89	561,68846
727,14	567,68846
727,40	561,30513
727,65	562,63846
727,90	579,52179
728,15	582,82179
728,41	570,78846
728,66	571,10513
728,91	552,95513
729,16	559,22179
729,42	558,22179
729,67	564,97179
729,92	543,72179
730,17	530,88846
730,43	533,57179
730,68	555,63846
730,93	556,85513
731,18	552,18846
731,44	543,67179
731,69	533,60513
731,94	532,03846
732,19	541,38846
732,45	550,42179
732,70	566,57179
732,95	551,78846
733,20	536,22179
733,45	525,92179
733,71	534,42179
733,96	531,50513
734,21	533,40513
734,46	527,68846
734,72	535,05513
734,97	529,67179
735,22	524,33846
735,47	528,55513
735,72	520,50513
735,98	516,08846
736,23	514,67179
736,48	524,90513
736,73	533,37179
736,99	528,85513
737,24	529,22179
737,49	527,90513
737,74	529,50513
737,99	541,78846
738,25	544,18846
738,50	547,57179
738,75	517,50513
739,00	519,10513
739,25	526,17179
739,51	530,65513
739,76	537,62179
740,01	540,50513
740,26	558,42179
740,52	570,78846
740,77	605,70513
741,02	626,02179
741,27	648,82179
741,52	672,72179
741,78	714,42179
742,03	745,83846
742,28	757,00513
742,53	775,18846
742,78	820,40513
743,04	897,62179
743,29	986,05513
743,54	1052,10513
743,79	1062,20513
744,04	1038,45513
744,30	1014,75513
744,55	1007,73846
744,80	1040,63846
745,05	1060,52179
745,30	1079,00513
745,55	1071,02179
745,81	1126,72179
746,06	1194,75513
746,31	1261,55513
746,56	1264,95513
746,81	1256,58846
747,07	1239,48846
747,32	1243,50513
747,57	1275,27179
747,82	1267,55513
748,07	1210,33846
748,32	1071,00513
748,58	957,22179
748,83	856,58846
749,08	810,40513
749,33	768,57179
749,58	747,27179
749,84	733,22179
750,09	724,65513
750,34	730,38846
750,59	739,13846
750,84	730,57179
751,09	732,18846
751,35	711,08846
751,60	718,87179
751,85	692,42179
752,10	662,62179
752,35	640,22179
752,60	605,12179
752,86	585,20513
753,11	539,02179
753,36	514,90513
753,61	497,97179
753,86	478,60513
754,11	473,40513
754,37	448,25513
754,62	442,78846
754,87	438,98846
755,12	459,40513
755,37	469,23846
755,62	465,42179
755,87	439,32179
756,13	425,80513
756,38	423,93846
756,63	436,60513
756,88	458,55513
757,13	450,73846
757,38	453,92179
757,64	422,45513
757,89	420,70513
758,14	428,25513
758,39	429,27179
758,64	442,02179
758,89	426,08846
759,14	440,73846
759,40	434,93846
759,65	429,75513
759,90	418,42179
760,15	405,80513
760,40	386,15513
760,65	379,57179
760,90	377,58846
761,15	383,73846
761,41	390,88846
761,66	386,23846
761,91	397,02179
762,16	385,70513
762,41	403,05513
762,66	393,75513
762,91	399,43846
763,17	394,22179
763,42	399,62179
763,67	404,60513
763,92	403,62179
764,17	403,85513
764,42	392,07179
764,67	390,13846
764,92	398,90513
765,18	399,08846
765,43	382,18846
765,68	385,07179
765,93	396,42179
766,18	403,02179
766,43	392,32179
766,68	389,18846
766,93	382,88846
767,18	373,35513
767,44	371,67179
767,69	368,40513
767,94	383,68846
768,19	375,17179
768,44	377,08846
768,69	372,73846
768,94	385,22179
769,19	385,42179
769,44	386,92179
769,70	367,83846
769,95	374,87179
770,20	380,67179
770,45	402,37179
770,70	409,00513
770,95	400,97179
771,20	382,18846
771,45	396,92179
771,70	400,23846
771,95	406,62179
772,21	410,50513
772,46	416,02179
772,71	429,40513
772,96	429,72179
773,21	435,62179
773,46	458,20513
773,71	466,88846
773,96	470,13846
774,21	480,50513
774,46	502,10513
774,72	541,85513
774,97	571,48846
775,22	608,72179
775,47	686,00513
775,72	810,23846
775,97	1029,27179
776,22	1324,08846
776,47	1683,08846
776,72	1948,80513
776,97	2057,57179
777,22	1997,03846
777,47	1913,35513
777,73	1897,40513
777,98	1948,53846
778,23	1899,80513
778,48	1685,08846
778,73	1356,03846
778,98	1086,33846
779,23	904,10513
779,48	780,90513
779,73	669,97179
779,98	587,90513
780,23	541,52179
780,48	508,37179
780,73	498,80513
780,98	482,13846
781,24	466,87179
781,49	432,22179
781,74	400,65513
781,99	387,07179
782,24	381,43846
782,49	376,02179
782,74	368,75513
782,99	364,55513
783,24	357,13846
783,49	356,42179
783,74	347,97179
783,99	360,73846
784,24	347,80513
784,49	344,07179
784,74	331,60513
784,99	340,80513
785,24	325,38846
785,49	301,63846
785,75	318,30513
786,00	344,85513
786,25	350,55513
786,50	323,35513
786,75	297,28846
787,00	314,68846
787,25	315,65513
787,50	326,20513
787,75	316,45513
788,00	334,85513
788,25	311,75513
788,50	300,67179
788,75	282,77179
789,00	286,58846
789,25	282,08846
789,50	267,67179
789,75	269,57179
790,00	283,57179
790,25	289,92179
790,50	325,33846
790,75	337,65513
791,00	335,85513
791,25	326,30513
791,50	306,80513
791,75	312,28846
792,01	317,87179
792,26	324,77179
792,51	336,68846
792,76	319,97179
793,01	324,48846
793,26	306,00513
793,51	329,98846
793,76	360,00513
794,01	420,03846
794,26	454,55513
794,51	477,27179
794,76	472,10513
795,01	473,22179
795,26	472,37179
795,51	481,17179
795,76	466,83846
796,01	458,45513
796,26	432,35513
796,51	399,85513
796,76	355,18846
797,01	316,22179
797,26	308,75513
797,51	290,30513
797,76	303,38846
798,01	292,68846
798,26	310,32179
798,51	290,47179
798,76	267,63846
799,01	254,00513
799,26	242,07179
799,51	247,85513
799,76	242,25513
800,01	258,82179
800,26	251,03846
800,51	254,10513
800,76	243,25513
801,01	248,70513
801,26	240,67179
801,51	234,90513
801,76	235,65513
802,01	228,98846
802,26	238,17179
802,51	250,83846
802,76	258,52179
803,01	252,85513
803,26	225,62179
803,51	220,80513
803,76	223,77179
804,01	239,82179
804,26	232,02179
804,51	219,13846
804,76	207,52179
805,01	210,82179
805,26	209,98846
805,51	209,52179
805,76	200,55513
806,01	236,73846
806,26	248,72179
806,51	255,57179
806,76	214,08846
807,01	198,88846
807,26	196,88846
807,51	192,22179
807,76	191,73846
808,01	199,27179
808,26	214,03846
808,50	217,03846
808,75	211,95513
809,00	206,00513
809,25	216,05513
809,50	213,48846
809,75	221,65513
810,00	217,70513
810,25	213,05513
810,50	223,07179
810,75	229,67179
811,00	251,32179
811,25	246,75513
811,50	257,03846
811,75	256,82179
812,00	248,00513
812,25	233,73846
812,50	203,58846
812,75	198,72179
813,00	196,60513
813,25	207,23846
813,50	210,00513
813,75	203,48846
814,00	210,10513
814,25	212,57179
814,50	234,37179
814,74	235,15513
814,99	254,90513
815,24	237,80513
815,49	243,13846
815,74	232,72179
815,99	259,30513
816,24	271,43846
816,49	284,00513
816,74	305,97179
816,99	317,83846
817,24	359,88846
817,49	379,07179
817,74	472,92179
817,99	536,97179
818,24	602,73846
818,49	613,37179
818,74	612,42179
818,98	630,67179
819,23	647,82179
819,48	691,92179
819,73	671,27179
819,98	662,08846
820,23	624,98846
820,48	676,43846
820,73	755,30513
820,98	858,75513
821,23	911,65513
821,48	927,55513
821,73	932,50513
821,98	946,90513
822,23	952,52179
822,47	944,92179
822,72	891,05513
822,97	829,77179
823,22	763,87179
823,47	720,87179
823,72	687,45513
823,97	647,28846
824,22	605,98846
824,47	542,15513
824,72	507,43846
824,97	473,28846
825,22	449,07179
825,46	402,63846
825,71	362,67179
825,96	324,72179
826,21	294,38846
826,46	267,22179
826,71	251,92179
826,96	257,93846
827,21	246,43846
827,46	237,03846
827,71	212,03846
827,96	202,97179
828,20	201,65513
828,45	200,08846
828,70	204,50513
828,95	193,95513
829,20	189,90513
829,45	182,88846
829,70	181,33846
829,95	176,50513
830,20	171,60513
830,45	186,20513
830,69	186,80513
830,94	186,08846
831,19	179,02179
831,44	162,62179
831,69	168,38846
831,94	157,70513
832,19	170,32179
832,44	152,50513
832,69	149,78846
832,93	148,97179
833,18	166,42179
833,43	159,43846
833,68	151,00513
833,93	148,33846
834,18	155,62179
834,43	162,65513
834,68	152,07179
834,92	141,62179
835,17	142,87179
835,42	151,37179
835,67	165,40513
835,92	153,98846
836,17	142,70513
836,42	129,47179
836,67	111,58846
836,91	126,38846
837,16	131,07179
837,41	133,23846
837,66	145,58846
837,91	163,67179
838,16	175,55513
838,41	159,73846
838,66	133,62179
838,90	148,88846
839,15	139,68846
839,40	151,70513
839,65	135,00513
839,90	132,53846
840,15	140,35513
840,40	134,17179
840,64	153,73846
840,89	138,20513
841,14	160,07179
841,39	153,47179
841,64	157,78846
841,89	162,92179
842,14	152,65513
842,38	188,93846
842,63	200,18846
842,88	215,98846
843,13	204,65513
843,38	238,25513
843,63	297,88846
843,87	385,73846
844,12	431,60513
844,37	455,75513
844,62	429,97179
844,87	414,87179
845,12	429,15513
845,37	422,87179
845,61	391,90513
845,86	324,05513
846,11	279,58846
846,36	240,07179
846,61	220,97179
846,86	199,55513
847,10	192,05513
847,35	192,17179
847,60	183,28846
847,85	173,20513
848,10	152,82179
848,35	150,23846
848,59	154,00513
848,84	141,52179
849,09	147,67179
849,34	134,28846
849,59	140,42179
849,84	115,10513
850,08	125,77179
850,33	114,62179
850,58	119,37179
850,83	119,90513
851,08	111,95513
851,32	106,17179
851,57	99,98846
851,82	127,80513
852,07	135,53846
852,32	151,60513
852,57	125,53846
852,81	141,27179
853,06	118,17179
853,31	137,67179
853,56	118,15513
853,81	117,95513
854,05	117,32179
854,30	115,07179
854,55	117,87179
854,80	108,37179
855,05	144,92179
855,29	148,20513
855,54	159,78846
855,79	135,97179
856,04	140,77179
856,29	143,88846
856,53	159,17179
856,78	158,47179
857,03	146,88846
857,28	142,67179
857,53	148,80513
857,77	171,90513
858,02	163,58846
858,27	164,42179
858,52	160,80513
858,77	168,00513
859,01	175,20513
859,26	180,67179
859,51	192,93846
859,76	185,18846
860,01	185,63846
860,25	176,60513
860,50	190,02179
860,75	180,83846
861,00	187,72179
861,25	180,83846
861,49	186,77179
861,74	192,23846
861,99	200,00513
862,24	230,32179
862,48	263,63846
862,73	290,53846
862,98	286,35513
863,23	294,92179
863,48	306,40513
863,72	322,70513
863,97	316,02179
864,22	296,55513
864,47	255,72179
864,71	223,07179
864,96	225,78846
865,21	230,95513
865,46	228,25513
865,70	214,15513
865,95	209,92179
866,20	228,90513
866,45	265,10513
866,70	314,78846
866,94	381,73846
867,19	448,62179
867,44	564,87179
867,69	658,07179
867,93	707,97179
868,18	706,97179
868,43	696,03846
868,68	689,12179
868,92	655,55513
869,17	583,85513
869,42	525,92179
869,67	466,13846
869,91	427,23846
870,16	380,77179
870,41	377,95513
870,66	392,75513
870,90	420,35513
871,15	409,00513
871,40	387,35513
871,65	356,40513
871,89	340,45513
872,14	314,78846
872,39	292,47179
872,64	263,03846
872,88	234,03846
873,13	195,63846
873,38	163,25513
873,63	169,10513
873,87	161,78846
874,12	140,10513
874,37	106,28846
874,62	103,73846
874,86	116,63846
875,11	121,97179
875,36	118,08846
875,60	101,80513
875,85	103,45513
876,10	105,58846
876,35	118,43846
876,59	105,95513
876,84	93,12179
877,09	93,48846
877,34	100,00513
877,58	96,07179
877,83	86,77179
878,08	77,10513
878,32	73,62179
878,57	63,02179
878,82	75,85513
879,07	72,45513
879,31	78,83846
879,56	70,50513
879,81	73,40513
880,06	67,80513
880,30	57,05513
880,55	84,00513
880,80	92,60513
881,04	98,65513
881,29	105,00513
881,54	116,97179
881,79	114,07179
882,03	77,92179
882,28	81,90513
882,53	90,18846
882,77	106,67179
883,02	92,83846
883,27	88,63846
883,51	71,20513
883,76	74,27179
884,01	81,67179
884,26	76,77179
884,50	68,18846
884,75	43,00513
885,00	51,03846
885,24	52,42179
885,49	59,90513
885,74	76,90513
885,98	57,62179
886,23	51,15513
886,48	39,03846
886,73	65,28846
886,97	79,55513
887,22	68,12179
887,47	47,17179
887,71	34,78846
887,96	32,65513
888,21	45,93846
888,45	52,95513
888,70	70,28846
888,95	55,67179
889,19	49,05513
889,44	39,98846
889,69	52,00513
889,93	36,53846
890,18	46,07179
890,43	49,60513
890,67	72,40513
890,92	51,30513
891,17	60,33846
891,42	68,05513
891,66	94,03846
891,91	85,83846
892,16	80,45513
892,40	81,97179
892,65	77,72179
892,90	69,72179
893,14	56,33846
893,39	55,55513
893,64	51,52179
893,88	32,78846
894,13	47,85513
894,38	58,85513
894,62	64,02179
894,87	39,35513
895,12	22,47179
895,36	31,25513
895,61	35,80513
895,86	43,17179
896,10	36,17179
896,35	33,15513
896,60	19,05513
896,84	16,68846
897,09	22,67179
897,33	40,87179
897,58	44,10513
897,83	45,30513
898,07	39,85513
898,32	44,92179
898,57	47,53846
898,81	59,73846
899,06	72,93846
899,31	99,20513
899,55	98,58846
899,80	75,23846
900,05	46,02179
900,29	36,15513
900,54	62,80513
900,79	61,00513
901,03	61,18846
901,28	52,15513
901,52	71,22179
901,77	91,82179
902,02	103,90513
902,26	84,50513
902,51	73,23846
902,76	47,83846
903,00	70,30513
903,25	69,43846
903,50	91,23846
903,74	90,82179
903,99	104,48846
904,23	130,20513
904,48	151,98846
904,73	182,73846
904,97	186,67179
905,22	193,63846
905,47	172,92179
905,71	169,28846
905,96	150,52179
906,20	150,95513
906,45	133,95513
906,70	127,50513
906,94	114,18846
907,19	101,93846
907,44	83,25513
907,68	64,72179
907,93	62,68846
908,17	44,37179
908,42	55,57179
908,67	37,83846
908,91	62,35513
909,16	67,58846
909,40	70,08846
909,65	52,82179
909,90	42,37179
910,14	44,42179
910,39	35,65513
910,63	39,52179
910,88	52,73846
911,13	82,28846
911,37	77,30513
911,62	60,92179
911,86	42,48846
912,11	43,05513
912,36	53,57179
912,60	54,45513
912,85	63,92179
913,09	62,22179
913,34	73,58846
913,59	45,38846
913,83	52,55513
914,08	36,32179
914,32	59,92179
914,57	56,40513
914,82	70,20513
915,06	64,67179
915,31	58,93846
915,55	57,58846
915,80	66,85513
916,05	53,85513
916,29	34,47179
916,54	17,10513
916,78	37,20513
917,03	56,57179
917,27	58,80513
917,52	42,02179
917,77	42,02179
918,01	45,47179
918,26	41,13846
918,50	26,10513
918,75	20,53846
919,00	24,30513
919,24	25,37179
919,49	14,20513
919,73	25,53846
919,98	21,43846
920,22	34,02179
920,47	24,27179
920,72	18,88846
920,96	13,75513
921,21	14,37179
921,45	25,17179
921,70	19,20513
921,94	28,67179
922,19	36,65513
922,43	40,10513
922,68	61,97179
922,93	63,30513
923,17	60,77179
923,42	22,70513
923,66	20,33846
923,91	21,95513
924,15	33,47179
924,40	30,97179
924,64	33,78846
924,89	33,23846
925,14	38,32179
925,38	42,67179
925,63	61,87179
925,87	72,90513
926,12	97,13846
926,36	92,07179
926,61	91,30513
926,85	169,03846
927,10	166,95513
927,35	164,28846
927,59	87,97179
927,84	79,87179
928,08	85,53846
928,33	67,18846
928,57	69,02179
928,82	67,47179
929,06	69,80513
929,31	69,50513
929,55	59,67179
929,80	62,35513
930,04	57,63846
930,29	48,77179
930,54	42,53846
930,78	38,98846
931,03	31,58846
931,27	38,83846
931,52	40,42179
931,76	46,43846
932,01	22,10513
932,25	15,57179
932,50	31,73846
932,74	39,25513
932,99	61,60513
933,23	41,42179
933,48	47,75513
933,72	33,30513
933,97	27,30513
934,21	51,47179
934,46	64,08846
934,70	86,68846
934,95	58,72179
935,19	26,87179
935,44	7,98846
935,68	9,03846
935,93	26,48846
936,18	34,33846
936,42	32,77179
936,67	23,07179
936,91	31,52179
937,16	56,57179
937,40	56,75513
937,65	34,40513
937,89	15,17179
938,14	22,87179
938,38	45,72179
938,63	68,62179
938,87	87,42179
939,12	109,40513
939,36	140,18846
939,61	151,68846
939,85	132,03846
940,10	81,97179
940,34	65,03846
940,59	56,92179
940,83	43,83846
941,08	43,13846
941,32	43,93846
941,57	58,82179
941,81	33,57179
942,06	23,35513
942,30	17,12179
942,55	28,18846
942,79	14,65513
943,03	13,00513
943,28	17,98846
943,52	53,33846
943,77	37,03846
944,01	15,87179
944,26	-18,49487
944,50	-19,09487
944,75	10,88846
944,99	30,78846
945,24	38,02179
945,48	38,42179
945,73	88,20513
945,97	85,28846
946,22	65,47179
946,46	10,02179
946,71	26,83846
946,95	28,77179
947,20	13,33846
947,44	-4,12821
947,69	-1,32821
947,93	4,23846
948,17	1,27179
948,42	-8,52821
948,66	-1,52821
948,91	-8,51154
949,15	-15,44487
949,40	-25,32821
949,64	-9,11154
949,89	0,32179
950,13	3,95513
950,38	-10,86154
950,62	-5,51154
950,87	1,22179
951,11	25,42179
951,35	16,77179
951,60	13,82179
951,84	-3,42821
952,09	-2,36154
952,33	-3,09487
952,58	10,92179
952,82	-1,31154
953,07	-8,92821
953,31	-9,09487
953,56	6,08846
953,80	9,83846
954,04	-20,27821
954,29	-40,77821
954,53	-50,44487
954,78	-39,44487
955,02	-26,07821
955,27	-16,69487
955,51	-11,34487
955,76	-9,26154
956,00	-7,87821
956,24	-12,39487
956,49	-6,72821
956,73	-0,57821
956,98	2,95513
957,22	21,42179
957,47	29,45513
957,71	21,10513
957,95	11,75513
958,20	8,82179
958,44	31,10513
958,69	14,17179
958,93	8,65513
959,18	-0,56154
959,42	16,63846
959,66	7,25513
959,91	-5,81154
960,15	-25,62821
960,40	-23,39487
960,64	-14,91154
960,89	1,13846
961,13	109,63846
961,37	124,72179
961,62	126,57179
961,86	26,80513
962,11	25,20513
962,35	5,15513
962,59	-0,62821
962,84	-29,52821
963,08	-12,27821
963,33	-9,16154
963,57	2,73846
963,81	-9,31154
964,06	-10,12821
964,30	8,42179
964,55	-7,01154
964,79	22,82179
965,04	22,48846
965,28	31,45513
965,52	2,08846
965,77	-12,06154
966,01	-1,41154
966,26	-1,86154
966,50	5,52179
966,74	11,83846
966,99	17,47179
967,23	15,37179
967,48	3,38846
967,72	-4,67821
967,96	-17,21154
968,21	-5,54487
968,45	-10,06154
968,69	-1,31154
968,94	9,78846
969,18	4,37179
969,43	-9,69487
969,67	-24,47821
969,91	-7,39487
970,16	6,45513
970,40	1,20513
970,65	-6,49487
970,89	-24,66154
971,13	-20,32821
971,38	-19,41154
971,62	18,25513
971,86	13,12179
972,11	20,65513
972,35	-6,14487
972,60	7,67179
972,84	14,48846
973,08	14,30513
973,33	1,43846
973,57	-3,34487
973,81	8,72179
974,06	6,72179
974,30	-10,84487
974,55	-9,07821
974,79	5,93846
975,03	16,78846
975,28	9,48846
975,52	-10,92821
975,76	-9,12821
976,01	-10,54487
976,25	2,48846
976,50	-1,72821
976,74	8,95513
976,98	13,23846
977,23	7,80513
977,47	7,75513
977,71	0,72179
977,96	-9,51154
978,20	-31,01154
978,44	-41,21154
978,69	-14,01154
978,93	-2,09487
979,17	7,23846
979,42	-2,47821
979,66	-4,02821
979,90	3,00513
980,15	26,38846
980,39	31,43846
980,64	15,17179
980,88	10,22179
981,12	10,03846
981,37	10,57179
981,61	-1,64487
981,85	-15,34487
982,10	-7,51154
982,34	-31,57821
982,58	-18,02821
982,83	-35,59487
983,07	-30,59487
983,31	-33,97821
983,56	-30,14487
983,80	-17,24487
984,04	-16,54487
984,29	5,50513
984,53	5,53846
984,77	4,58846
985,02	4,10513
985,26	-15,17821
985,50	6,63846
985,75	-6,32821
985,99	13,43846
986,23	-9,61154
986,48	-5,76154
986,72	-8,72821
986,96	6,92179
987,20	6,73846
987,45	1,18846
987,69	-22,32821
987,93	-12,66154
988,18	4,78846
988,42	18,55513
988,66	13,68846
988,91	-3,51154
989,15	-8,76154
989,39	-20,72821
989,64	-27,89487
989,88	-25,49487
990,12	-21,32821
990,37	-9,06154
990,61	-8,32821
990,85	-15,26154
991,10	-25,12821
991,34	-27,17821
991,58	-22,09487
991,82	-22,11154
992,07	-24,61154
992,31	-17,66154
992,55	-24,21154
992,80	-28,31154
993,04	-20,02821
993,28	7,50513
993,53	11,35513
993,77	1,15513
994,01	-26,46154
994,25	-28,01154
994,50	-23,29487
994,74	-5,36154
994,98	-7,76154
995,23	-12,82821
995,47	-11,02821
995,71	-11,26154
995,95	-9,59487
996,20	1,80513
996,44	9,55513
996,68	2,82179
996,93	-18,57821
997,17	-19,51154
997,41	-11,54487
997,65	-18,49487
997,90	-28,36154
998,14	-35,82821
998,38	-18,47821
998,63	-14,66154
998,87	-12,82821
999,11	-29,29487
999,35	-26,42821
999,60	-32,32821
999,84	-24,72821
1000,08	-1,56154
1000,32	10,68846
1000,57	12,02179
1000,81	11,90513
1001,05	12,15513
1001,30	23,48846
1001,54	4,73846
1001,78	19,80513
1002,02	12,97179
1002,27	18,68846
1002,51	-6,29487
1002,75	-7,49487
1002,99	-20,49487
1003,24	-22,14487
1003,48	-19,22821
1003,72	-28,67821
1003,96	-19,91154
1004,21	-15,66154
1004,45	8,90513
1004,69	10,60513
1004,93	6,25513
1005,18	0,82179
1005,42	6,48846
1005,66	-4,77821
1005,90	-15,19487
1006,15	-33,86154
1006,39	-17,66154
1006,63	4,68846
1006,87	21,37179
1007,12	12,92179
1007,36	8,70513
1007,60	13,47179
1007,84	6,08846
1008,09	-1,29487
1008,33	-18,54487
1008,57	-8,67821
1008,81	-3,89487
1009,06	-3,34487
1009,30	-8,21154
1009,54	-5,31154
1009,78	3,40513
1010,03	6,17179
1010,27	-10,71154
1010,51	-7,52821
1010,75	-9,64487
1010,99	5,52179
1011,24	6,03846
1011,48	35,42179
1011,72	30,33846
1011,96	40,67179
1012,21	21,45513
1012,45	20,80513
1012,69	12,30513
1012,93	2,58846
1013,18	8,33846
1013,42	5,17179
1013,66	12,85513
1013,90	-3,14487
1014,14	-4,84487
1014,39	-0,54487
1014,63	3,12179
1014,87	12,35513
1015,11	-4,04487
1015,35	-19,39487
1015,60	-6,82821
1015,84	5,38846
1016,08	12,53846
1016,32	-7,21154
1016,57	-20,96154
1016,81	-15,61154
1017,05	-11,72821
1017,29	-0,49487
1017,53	-0,51154
1017,78	-3,71154
1018,02	-17,39487
1018,26	-6,74487
1018,50	-17,71154
1018,74	4,57179
1018,99	-9,72821
1019,23	-12,36154
1019,47	-30,96154
1019,71	-17,29487
1019,95	-1,99487
1020,20	-1,89487
1020,44	-13,86154
1020,68	-15,32821
1020,92	4,73846
1021,16	5,87179
1021,41	3,65513
1021,65	-22,21154
1021,89	-26,74487
1022,13	-34,22821
1022,37	-32,32821
1022,61	-33,91154
1022,86	-37,59487
1023,10	-13,67821
1023,34	-8,94487
1023,58	3,12179
1023,82	-24,46154
1024,07	-21,77821
1024,31	-13,26154
1024,55	-5,21154
1024,79	1,08846
1025,03	-21,39487
1025,27	-13,01154
1025,52	-30,22821
1025,76	-28,51154
1026,00	-21,54487
1026,24	-17,77821
1026,48	-16,79487
1026,73	-23,11154
1026,97	3,43846
1027,21	14,40513
1027,45	16,15513
1027,69	-3,69487
1027,93	2,03846
1028,18	1,70513
1028,42	9,47179
1028,66	4,68846
1028,90	7,43846
1029,14	2,68846
1029,38	-10,59487
1029,62	-4,87821
1029,87	-3,61154
1030,11	13,70513
1030,35	-4,06154
1030,59	-6,11154
1030,83	-22,91154
1031,07	-27,62821
1031,32	-35,59487
1031,56	-9,82821
1031,80	6,72179
1032,04	21,05513
1032,28	-0,59487
1032,52	-3,71154
1032,76	-6,19487
1033,01	-9,02821
1033,25	-4,12821
1033,49	-9,19487
1033,73	-6,69487
1033,97	-24,11154
1034,21	-33,06154
1034,45	-38,44487
1034,70	-41,87821
1034,94	-25,84487
1035,18	63,70513
1035,42	73,42179
1035,66	85,22179
1035,90	11,12179
1036,14	-4,51154
1036,39	-9,81154
1036,63	-27,14487
1036,87	14,18846
1037,11	2,75513
1037,35	11,25513
1037,59	2,15513
1037,83	18,07179
1038,07	48,05513
1038,32	27,52179
1038,56	12,68846
1038,80	12,62179
1039,04	30,07179
1039,28	39,58846
1039,52	12,27179
1039,76	-5,64487
1040,00	-7,66154
1040,25	-19,16154
1040,49	-13,46154
1040,73	-14,97821
1040,97	-6,77821
1041,21	3,83846
1041,45	8,45513
1041,69	28,33846
1041,93	6,62179
1042,17	-2,57821
1042,42	-24,14487
1042,66	-19,91154
1042,90	-10,17821
1043,14	-20,87821
1043,38	-8,04487
1043,62	-20,44487
1043,86	-8,61154
1044,10	-6,21154
1044,34	19,48846
1044,59	22,88846
1044,83	16,08846
1045,07	-5,87821
1045,31	-3,29487
1045,55	-10,56154
1045,79	-33,54487
1046,03	-24,96154
1046,27	-6,12821
1046,51	14,23846
1046,75	-2,92821
1047,00	-11,62821
1047,24	-5,47821
1047,48	-2,42821
1047,72	-3,62821
1047,96	-10,86154
1048,20	-1,16154
1048,44	5,58846
1048,68	3,05513
1048,92	-7,14487
1049,16	-28,34487
1049,40	-24,52821
1049,64	-25,12821
1049,89	-1,46154
1050,13	4,03846
1050,37	30,87179
1050,61	29,80513
1050,85	37,92179
1051,09	24,18846
1051,33	22,48846
1051,57	27,50513
1051,81	22,73846
1052,05	24,48846
1052,29	31,02179
1052,53	19,13846
1052,77	39,87179
1053,02	23,68846
1053,26	41,98846
1053,50	22,73846
1053,74	17,55513
1053,98	13,65513
1054,22	-0,86154
1054,46	9,67179
1054,70	16,60513
1054,94	17,88846
1055,18	17,72179
1055,42	28,92179
1055,66	36,23846
1055,90	28,75513
1056,14	22,80513
1056,38	44,22179
1056,62	47,63846
1056,86	53,30513
1057,11	41,42179
1057,35	40,57179
1057,59	15,30513
1057,83	28,62179
1058,07	48,30513
1058,31	90,15513
1058,55	90,73846
1058,79	76,83846
1059,03	46,62179
1059,27	43,45513
1059,51	46,78846
1059,75	57,07179
1059,99	49,42179
1060,23	57,40513
1060,47	83,80513
1060,71	104,78846
1060,95	86,98846
1061,19	65,67179
1061,43	58,68846
1061,67	93,58846
1061,91	108,38846
1062,15	102,68846
1062,39	88,80513
1062,64	102,42179
1062,88	116,23846
1063,12	141,97179
1063,36	187,00513
1063,60	334,82179
1063,84	800,12179
1064,08	2033,58846
1064,32	3932,70513
1064,56	5097,78846
1064,80	4665,15513
1065,04	3360,17179
1065,28	2096,30513
1065,52	1536,65513
1065,76	990,22179
1066,00	777,68846
1066,24	605,80513
1066,48	534,35513
1066,72	468,42179
1066,96	422,47179
1067,20	359,17179
1067,44	312,67179
1067,68	273,93846
1067,92	241,92179
1068,16	224,83846
1068,40	217,68846
1068,64	215,22179
1068,88	203,05513
1069,12	176,75513
1069,36	176,00513
1069,60	154,60513
1069,84	182,90513
1070,08	165,53846
1070,32	179,03846
1070,56	148,92179
1070,80	144,87179
1071,04	177,92179
1071,28	171,30513
1071,52	171,78846
1071,76	111,87179
1072,00	113,40513
1072,24	92,60513
1072,48	90,10513
1072,72	78,40513
1072,96	88,38846
1073,20	66,53846
1073,44	70,82179
1073,68	60,80513
1073,92	74,43846
1074,16	53,25513
1074,40	44,42179
1074,64	28,07179
1074,88	24,97179
1075,12	31,18846
1075,36	31,42179
1075,60	38,88846
1075,84	27,02179
1076,08	27,97179
1076,32	19,12179
1076,56	8,82179
1076,80	6,77179
1077,04	-9,47821
1077,28	-8,99487
1077,52	-23,61154
1077,76	-27,54487
1078,00	-17,74487
1078,24	15,68846
1078,48	29,80513
1078,71	19,75513
1078,95	2,47179
1079,19	-13,24487
1079,43	-27,51154
1079,67	-32,31154
1079,91	-11,31154
1080,15	-0,41154
1080,39	-2,27821
1080,63	-3,27821
1080,87	-3,84487
1081,11	-4,06154
1081,35	-6,99487
1081,59	6,78846
1081,83	7,60513
1082,07	-8,16154
1082,31	-13,57821
1082,55	-17,19487
1082,79	-9,44487
1083,03	-7,81154
1083,27	-22,27821
1083,51	-18,24487
1083,75	-21,41154
1083,99	8,10513
1084,22	6,85513
1084,46	0,13846
1084,70	2,02179
1084,94	-4,11154
1085,18	-4,61154
1085,42	-31,71154
1085,66	-23,84487
1085,90	-25,41154
1086,14	-1,77821
1086,38	15,17179
1086,62	7,60513
1086,86	10,10513
1087,10	-7,31154
1087,34	5,75513
1087,58	-12,81154
1087,82	-17,47821
1088,06	-7,74487
1088,29	11,52179
1088,53	3,63846
1088,77	-10,96154
1089,01	-12,57821
1089,25	-3,44487
1089,49	3,32179
1089,73	-11,12821
1089,97	-3,76154
1090,21	-10,72821
1090,45	-4,57821
1090,69	-14,31154
1090,93	-18,49487
1091,17	-32,32821
1091,40	-10,29487
1091,64	-12,59487
1091,88	-6,59487
1092,12	-31,22821
1092,36	-22,76154
1092,60	-24,42821
1092,84	-8,97821
1093,08	1,00513
1093,32	9,78846
1093,56	7,47179
1093,80	19,10513
1094,04	11,08846
1094,27	0,28846
1094,51	-4,67821
1094,75	7,57179
1094,99	13,55513
1095,23	3,77179
1095,47	87,93846
1095,71	83,52179
1095,95	78,23846
1096,19	-14,91154
1096,43	-7,92821
1096,66	-26,11154
1096,90	-34,16154
1097,14	-36,29487
1097,38	-35,57821
1097,62	-24,76154
1097,86	-27,97821
1098,10	-7,86154
1098,34	-4,89487
1098,58	-13,29487
1098,81	-13,07821
1099,05	-10,36154
1099,29	20,22179
1099,53	28,38846
1099,77	22,98846
1100,01	-7,44487
1100,25	-16,91154
1100,49	-13,67821
1100,73	16,48846
1100,96	37,20513
1101,20	45,42179
1101,44	8,35513
1101,68	-6,79487
1101,92	-18,72821
1102,16	-6,69487
1102,40	-0,57821
1102,64	4,57179
1102,87	11,78846
1103,11	-5,17821
1103,35	-5,77821
1103,59	-13,22821
1103,83	-13,12821
1104,07	-2,54487
1104,31	-2,04487
1104,55	-0,56154
1104,78	-23,27821
1105,02	-12,42821
1105,26	-23,16154
1105,50	-10,79487
1105,74	-29,99487
1105,98	-17,87821
1106,22	-5,66154
1106,45	-1,52821
1106,69	-10,51154
1106,93	-18,87821
1107,17	-17,62821
1107,41	-14,36154
1107,65	-23,21154
1107,89	-16,57821
1108,12	-12,31154
1108,36	-28,06154
1108,60	-22,64487
1108,84	-20,41154
1109,08	-11,42821
1109,32	-14,04487
1109,55	-19,09487
1109,79	3,63846
1110,03	-8,94487
1110,27	-4,21154
1110,51	-21,32821
1110,75	-25,94487
1110,99	-28,96154
1111,22	-36,47821
1111,46	-31,57821
1111,70	-36,86154
1111,94	-47,39487
1112,18	-52,97821
1112,42	-44,89487
1112,65	-24,02821
1112,89	-8,09487
1113,13	-16,02821
1113,37	-12,64487
1113,61	-10,94487
1113,85	12,93846
1114,08	4,23846
1114,32	-8,49487
1114,56	-12,42821
1114,80	-11,81154
1115,04	6,93846
1115,28	-10,57821
1115,51	-4,12821
1115,75	-2,97821
1115,99	0,38846
1116,23	-1,87821
1116,47	-3,34487
1116,70	-4,84487
1116,94	-15,04487
1117,18	-10,64487
1117,42	-17,24487
1117,66	-2,97821
1117,90	-29,01154
1118,13	-26,51154
1118,37	-50,79487
1118,61	-43,94487
1118,85	-35,12821
1119,09	-33,32821
1119,32	-23,51154
1119,56	-21,12821
1119,80	-26,71154
1120,04	-41,39487
1120,28	-32,37821
1120,51	-24,34487
1120,75	-15,09487
1120,99	-35,01154