194,56	-61,94308
194,83	-61,94308
195,09	-58,88308
195,36	-39,40308
195,63	-19,09641
195,90	-3,62308
196,17	-5,48308
196,44	-8,96308
196,71	-5,11641
196,97	-2,25641
197,24	4,94359
197,51	-2,43641
197,78	1,81692
198,05	1,41692
198,32	7,25692
198,59	1,43692
198,86	2,94359
199,12	-0,40974
199,39	1,91026
199,66	1,51692
199,93	6,31692
200,20	6,29692
200,47	0,65692
200,74	0,37692
201,00	-1,52974
201,27	1,77026
201,54	-2,20974
201,81	3,35692
202,08	-2,72308
202,35	1,01692
202,61	0,45026
202,88	14,93692
203,15	9,64359
203,42	4,27026
203,69	-5,18974
203,96	-3,40308
204,23	-0,77641
204,49	-3,38974
204,76	4,53692
205,03	7,87026
205,30	9,49026
205,57	4,43692
205,84	4,41692
206,10	10,09026
206,37	11,51026
206,64	13,52359
206,91	13,51026
207,18	9,20359
207,45	7,49026
207,71	3,21692
207,98	8,37026
208,25	4,29692
208,52	1,83692
208,79	-1,31641
209,06	1,37692
209,32	4,55026
209,59	6,39692
209,86	-2,54974
210,13	0,04359
210,40	3,06359
210,67	13,71692
210,93	11,34359
211,20	4,55026
211,47	2,25692
211,74	8,18359
212,01	9,07692
212,28	12,80359
212,54	12,81026
212,81	13,80359
213,08	11,03026
213,35	8,81692
213,62	12,96359
213,88	15,89692
214,15	11,27692
214,42	8,21026
214,69	7,37026
214,96	9,52359
215,23	16,31692
215,49	13,50359
215,76	12,86359
216,03	10,61026
216,30	6,37692
216,57	2,52359
216,83	0,43692
217,10	3,51026
217,37	9,86359
217,64	16,55692
217,91	18,95026
218,17	8,78359
218,44	-5,17641
218,71	-4,83641
218,98	1,68359
219,25	11,56359
219,51	11,21026
219,78	11,71692
220,05	7,30359
220,32	4,23692
220,59	5,55692
220,85	6,88359
221,12	11,18359
221,39	15,63026
221,66	14,37026
221,93	9,90359
222,19	1,97026
222,46	6,35692
222,73	10,35692
223,00	17,03692
223,27	12,69026
223,53	13,06359
223,80	11,41692
224,07	15,04359
224,34	18,11692
224,61	15,77692
224,87	8,87692
225,14	0,99026
225,41	1,27692
225,68	9,84359
225,94	14,53692
226,21	15,28359
226,48	9,59026
226,75	10,32359
227,02	6,12359
227,28	8,51692
227,55	3,48359
227,82	6,79026
228,09	-0,72308
228,36	-0,77641
228,62	0,05692
228,89	6,67692
229,16	8,50359
229,43	7,51692
229,69	6,22359
229,96	6,95692
230,23	4,41026
230,50	8,33026
230,76	5,85026
231,03	7,74359
231,30	6,59692
231,57	8,79692
231,84	7,69026
232,10	4,08359
232,37	4,17026
232,64	1,67026
232,91	2,51692
233,17	4,27692
233,44	7,27026
233,71	8,67026
233,98	3,55026
234,24	3,60359
234,51	7,67026
234,78	11,79692
235,05	16,28359
235,31	12,91692
235,58	10,98359
235,85	4,01026
236,12	-1,01641
236,39	4,57026
236,65	7,97026
236,92	21,34359
237,19	20,33026
237,46	29,53692
237,72	20,59692
237,99	13,90359
238,26	5,71692
238,53	10,41692
238,79	10,29026
239,06	9,99026
239,33	2,41026
239,60	1,97692
239,86	-1,51641
240,13	-1,41641
240,40	-3,48974
240,67	4,23692
240,93	6,35692
241,20	8,27692
241,47	1,17692
241,73	1,04359
242,00	1,59026
242,27	4,55692
242,54	5,45692
242,80	6,32359
243,07	6,59026
243,34	6,68359
243,61	16,40359
243,87	12,59026
244,14	10,41026
244,41	0,59692
244,68	2,93692
244,94	4,37026
245,21	6,07692
245,48	8,94359
245,74	8,30359
246,01	11,57026
246,28	8,84359
246,55	7,52359
246,81	1,31692
247,08	2,39692
247,35	4,45026
247,62	5,01026
247,88	-0,04974
248,15	1,83026
248,42	12,61026
248,68	14,80359
248,95	10,85692
249,22	2,25692
249,49	4,05026
249,75	3,70359
250,02	5,68359
250,29	3,95692
250,56	8,86359
250,82	11,94359
251,09	13,83692
251,36	15,59692
251,62	6,53026
251,89	7,19692
252,16	10,74359
252,43	19,59692
252,69	16,51692
252,96	7,58359
253,23	5,17692
253,49	8,32359
253,76	11,05692
254,03	17,67026
254,29	17,08359
254,56	18,27692
254,83	9,33026
255,10	4,38359
255,36	1,52359
255,63	5,04359
255,90	10,98359
256,16	13,26359
256,43	6,29692
256,70	7,03026
256,96	5,22359
257,23	9,05692
257,50	8,03692
257,77	10,59692
258,03	9,83026
258,30	10,29026
258,57	5,57692
258,83	7,10359
259,10	4,65692
259,37	5,09692
259,63	2,14359
259,90	7,54359
260,17	6,62359
260,43	9,75026
260,70	4,78359
260,97	11,26359
261,24	11,12359
261,50	12,38359
261,77	7,71692
262,04	4,49026
262,30	1,73026
262,57	0,83692
262,84	4,69692
263,10	12,09692
263,37	16,49026
263,64	10,85692
263,90	3,94359
264,17	2,03026
264,44	3,69692
264,70	3,43692
264,97	5,59026
265,24	13,43692
265,50	17,71692
265,77	17,34359
266,04	12,07692
266,30	7,63026
266,57	0,93026
266,84	0,78359
267,10	2,21692
267,37	12,17692
267,64	12,18359
267,90	15,73026
268,17	12,33692
268,44	10,73026
268,70	4,17692
268,97	-3,68308
269,24	-2,44974
269,50	1,40359
269,77	7,09692
270,04	10,79692
270,30	7,47026
270,57	9,53692
270,84	1,95692
271,10	8,05692
271,37	5,30359
271,64	13,33026
271,90	19,41026
272,17	20,13026
272,44	17,01692
272,70	9,39026
272,97	6,75026
273,24	4,73692
273,50	5,79692
273,77	10,37692
274,04	10,74359
274,30	8,27026
274,57	5,47692
274,84	9,95692
275,10	10,77026
275,37	10,83692
275,64	5,49692
275,90	1,74359
276,17	0,65026
276,43	3,35026
276,70	2,23692
276,97	0,61026
277,23	3,57026
277,50	5,21026
277,77	2,21692
278,03	-6,98308
278,30	-3,44308
278,57	-1,62974
278,83	1,62359
279,10	1,67692
279,37	-0,18974
279,63	0,54359
279,90	4,37692
280,16	9,42359
280,43	13,02359
280,70	9,81692
280,96	14,90359
281,23	13,95692
281,50	9,65026
281,76	4,53692
282,03	3,74359
282,29	5,52359
282,56	4,89026
282,83	2,20359
283,09	-0,84308
283,36	1,15026
283,63	2,77692
283,89	6,89026
284,16	7,18359
284,42	8,18359
284,69	8,05026
284,96	6,23026
285,22	4,85692
285,49	5,85692
285,76	5,97026
286,02	12,47692
286,29	14,16359
286,55	14,15692
286,82	7,64359
287,09	1,97692
287,35	5,15026
287,62	2,43692
287,88	4,74359
288,15	-1,40974
288,42	-1,04974
288,68	2,51692
288,95	6,27692
289,22	11,36359
289,48	8,85692
289,75	10,47026
290,01	9,64359
290,28	4,88359
290,55	3,89692
290,81	0,05026
291,08	6,15026
291,34	9,77026
291,61	14,06359
291,88	13,99692
292,14	5,68359
292,41	5,20359
292,67	9,24359
292,94	14,45026
293,21	12,72359
293,47	9,66359
293,74	9,61692
294,00	6,50359
294,27	0,25692
294,54	-3,34308
294,80	-0,72308
295,07	5,56359
295,33	4,61692
295,60	6,59692
295,86	3,91692
296,13	2,97692
296,40	-1,54308
296,66	0,12359
296,93	10,55692
297,19	15,89692
297,46	14,01692
297,73	9,07692
297,99	5,79692
298,26	2,97692
298,52	-1,32308
298,79	-0,90974
299,05	-4,76308
299,32	0,18359
299,59	3,37692
299,85	7,41692
300,12	3,03692
300,38	-1,86974
300,65	-3,34974
300,92	1,30359
301,18	1,35692
301,45	6,51026
301,71	0,50359
301,98	5,25026
302,24	8,98359
302,51	12,93026
302,78	10,98359
303,04	4,51692
303,31	5,55692
303,57	7,84359
303,84	8,16359
304,10	2,79026
304,37	1,43026
304,63	4,41026
304,90	8,87692
305,17	10,24359
305,43	5,95692
305,70	11,69692
305,96	10,47692
306,23	11,19026
306,49	7,09026
306,76	7,03692
307,03	7,09692
307,29	3,68359
307,56	6,64359
307,82	8,31026
308,09	10,63692
308,35	7,86359
308,62	12,46359
308,88	9,55026
309,15	10,89692
309,42	7,47026
309,68	9,61026
309,95	9,46359
310,21	4,75692
310,48	4,01026
310,74	3,04359
311,01	10,66359
311,27	8,70359
311,54	5,23026
311,80	-0,78308
312,07	4,61692
312,34	8,78359
312,60	6,92359
312,87	5,69026
313,13	8,67026
313,40	8,81692
313,66	9,89026
313,93	3,69026
314,19	11,18359
314,46	9,06359
314,72	13,70359
314,99	9,03692
315,25	5,55692
315,52	0,43026
315,78	0,34359
316,05	1,00359
316,32	3,41692
316,58	3,45026
316,85	7,51692
317,11	7,03692
317,38	6,61692
317,64	5,33692
317,91	4,46359
318,17	4,34359
318,44	5,26359
318,70	2,36359
318,97	3,66359
319,23	7,03026
319,50	9,94359
319,76	8,90359
320,03	3,17692
320,29	4,74359
320,56	5,47692
320,82	7,83692
321,09	8,00359
321,36	10,89692
321,62	9,76359
321,89	7,69026
322,15	4,61026
322,42	4,61692
322,68	7,72359
322,95	11,85026
323,21	16,17026
323,48	13,87026
323,74	12,44359
324,01	8,83026
324,27	6,65026
324,54	3,45692
324,80	6,85026
325,07	10,27692
325,33	14,81026
325,60	10,99026
325,86	13,70359
326,13	11,15026
326,39	12,97026
326,66	8,58359
326,92	8,75692
327,19	8,44359
327,45	8,51692
327,72	10,24359
327,98	9,80359
328,25	13,00359
328,51	10,89026
328,78	10,76359
329,04	10,03026
329,31	8,47692
329,57	7,59026
329,84	7,02359
330,10	11,43692
330,37	17,58359
330,63	17,01692
330,90	15,15026
331,16	14,54359
331,43	15,31692
331,69	19,57692
331,96	20,31692
332,22	22,26359
332,49	23,03692
332,75	18,71026
333,01	14,03026
333,28	7,57692
333,54	7,63692
333,81	14,27692
334,07	15,78359
334,34	13,30359
334,60	10,39026
334,87	12,74359
335,13	20,80359
335,40	18,10359
335,66	13,98359
335,93	8,85026
336,19	8,91026
336,46	13,15026
336,72	9,47026
336,99	9,95026
337,25	6,55692
337,52	8,51692
337,78	13,16359
338,05	11,16359
338,31	13,50359
338,57	13,83692
338,84	14,38359
339,10	14,37026
339,37	10,45692
339,63	14,41692
339,90	15,27692
340,16	15,28359
340,43	12,47692
340,69	14,19692
340,96	11,24359
341,22	14,75692
341,49	8,47026
341,75	9,76359
342,01	8,69026
342,28	12,70359
342,54	20,46359
342,81	22,59026
343,07	24,07692
343,34	17,05026
343,60	15,89026
343,87	8,69026
344,13	8,57026
344,40	10,10359
344,66	14,62359
344,92	21,63692
345,19	18,03026
345,45	17,90359
345,72	18,45692
345,98	21,22359
346,25	23,77026
346,51	21,95692
346,78	22,31692
347,04	24,69692
347,30	21,23026
347,57	22,76359
347,83	19,61026
348,10	21,71026
348,36	21,35026
348,63	24,86359
348,89	24,88359
349,15	24,63692
349,42	21,53026
349,68	19,08359
349,95	17,45026
350,21	21,50359
350,48	23,17692
350,74	26,31026
351,01	22,08359
351,27	23,64359
351,53	19,59026
351,80	17,43026
352,06	16,25692
352,33	17,01692
352,59	17,23026
352,86	18,09026
353,12	20,71026
353,38	30,85026
353,65	26,94359
353,91	25,17026
354,18	20,84359
354,44	31,53692
354,70	29,21692
354,97	21,47026
355,23	13,75692
355,50	11,61026
355,76	15,79026
356,03	13,81026
356,29	19,62359
356,55	18,31026
356,82	17,07692
357,08	12,74359
357,35	12,63026
357,61	19,44359
357,87	22,71692
358,14	22,43026
358,40	16,59692
358,67	18,33692
358,93	18,97692
359,20	22,35026
359,46	21,05026
359,72	22,13692
359,99	22,25026
360,25	28,09026
360,52	33,63026
360,78	37,48359
361,04	36,94359
361,31	31,02359
361,57	24,19026
361,84	19,53026
362,10	19,92359
362,36	23,07692
362,63	25,04359
362,89	25,57692
363,16	26,46359
363,42	28,67692
363,68	26,95026
363,95	27,18359
364,21	21,17692
364,47	25,13026
364,74	25,03026
365,00	25,75026
365,27	21,18359
365,53	20,78359
365,79	25,04359
366,06	31,09026
366,32	34,99026
366,59	27,31692
366,85	24,31692
367,11	21,08359
367,38	26,15026
367,64	26,01692
367,91	24,68359
368,17	21,86359
368,43	19,29692
368,70	21,01692
368,96	20,95692
369,22	28,89026
369,49	29,49692
369,75	29,42359
370,02	24,35692
370,28	21,99692
370,54	23,27692
370,81	21,65692
371,07	20,95026
371,33	29,89692
371,60	21,62359
371,86	18,01692
372,13	7,06359
372,39	13,35692
372,65	17,89026
372,92	20,05026
373,18	23,25026
373,44	21,19026
373,71	14,33692
373,97	7,87026
374,23	7,59692
374,50	16,81026
374,76	20,30359
375,03	21,43692
375,29	19,16359
375,55	19,64359
375,82	17,71692
376,08	15,29026
376,34	22,84359
376,61	20,58359
376,87	17,02359
377,13	5,09026
377,40	9,15692
377,66	18,78359
377,92	27,75026
378,19	32,00359
378,45	32,39026
378,72	26,71692
378,98	24,39692
379,24	19,08359
379,51	21,13026
379,77	18,25692
380,03	8,63692
380,30	12,98359
380,56	12,12359
380,82	21,89692
381,09	15,83026
381,35	18,15026
381,61	14,64359
381,88	18,26359
382,14	19,66359
382,40	25,84359
382,67	22,82359
382,93	19,39026
383,19	13,94359
383,46	13,68359
383,72	14,58359
383,98	13,51026
384,25	17,06359
384,51	19,92359
384,77	19,65692
385,04	18,63026
385,30	13,72359
385,56	22,07692
385,83	27,51692
386,09	32,75692
386,35	30,62359
386,62	26,46359
386,88	29,35692
387,14	28,71026
387,41	25,69692
387,67	23,97692
387,93	23,11692
388,20	24,03692
388,46	20,30359
388,72	21,26359
388,99	19,16359
389,25	19,27692
389,51	14,51692
389,78	15,33026
390,04	17,79026
390,30	21,20359
390,56	19,62359
390,83	16,11692
391,09	18,59692
391,35	18,77692
391,62	22,85026
391,88	23,08359
392,14	26,75026
392,41	26,19692
392,67	20,23692
392,93	20,58359
393,20	13,73026
393,46	16,51026
393,72	9,76359
393,99	8,80359
394,25	10,61026
394,51	9,11026
394,77	15,67026
395,04	13,66359
395,30	20,04359
395,56	20,90359
395,83	19,47026
396,09	17,80359
396,35	19,09026
396,62	16,53026
396,88	21,11026
397,14	14,59026
397,40	24,77026
397,67	24,27026
397,93	23,82359
398,19	18,44359
398,46	16,52359
398,72	19,59026
398,98	17,23692
399,24	16,58359
399,51	16,03692
399,77	18,93692
400,03	15,95026
400,30	11,13026
400,56	17,98359
400,82	21,86359
401,08	21,85026
401,35	14,47026
401,61	17,57026
401,87	19,97692
402,14	23,67026
402,40	21,49026
402,66	25,99026
402,92	20,19692
403,19	17,44359
403,45	20,27026
403,71	23,69026
403,98	24,47692
404,24	20,70359
404,50	17,11692
404,76	20,88359
405,03	22,78359
405,29	26,09692
405,55	22,33026
405,81	24,17692
406,08	20,97026
406,34	20,17692
406,60	16,13026
406,87	19,12359
407,13	21,28359
407,39	20,83026
407,65	16,65692
407,92	13,47026
408,18	10,26359
408,44	13,40359
408,70	13,66359
408,97	18,11026
409,23	19,86359
409,49	21,49026
409,75	19,61026
410,02	18,90359
410,28	16,50359
410,54	17,54359
410,80	19,69692
411,07	23,92359
411,33	28,45692
411,59	21,47692
411,85	25,36359
412,12	26,75692
412,38	31,79026
412,64	25,81692
412,90	18,69692
413,17	17,95026
413,43	16,15026
413,69	20,24359
413,95	18,47026
414,22	19,45692
414,48	11,39026
414,74	6,56359
415,00	5,29026
415,27	6,35692
415,53	14,11692
415,79	13,97692
416,05	17,65026
416,32	16,05692
416,58	23,57026
416,84	26,97692
417,10	23,27026
417,37	18,51026
417,63	15,82359
417,89	19,79692
418,15	17,47692
418,41	14,45692
418,68	13,13026
418,94	16,33026
419,20	15,65026
419,46	20,01692
419,73	19,03692
419,99	24,12359
420,25	20,55026
420,51	33,56359
420,78	34,43692
421,04	28,89692
421,30	11,05026
421,56	10,47026
421,82	15,44359
422,09	22,68359
422,35	19,17026
422,61	20,03026
422,87	43,35692
423,14	39,85026
423,40	39,31026
423,66	10,87692
423,92	18,53692
424,18	17,30359
424,45	16,75692
424,71	12,15692
424,97	14,98359
425,23	15,45692
425,49	17,13692
425,76	19,31026
426,02	26,36359
426,28	29,33692
426,54	29,25026
426,81	28,89026
427,07	28,35026
427,33	26,19692
427,59	23,99692
427,85	22,85026
428,12	26,81692
428,38	29,10359
428,64	27,68359
428,90	22,39692
429,16	20,79692
429,43	20,17692
429,69	20,05026
429,95	18,33026
430,21	20,21692
430,47	25,83026
430,74	21,50359
431,00	17,90359
431,26	9,76359
431,52	11,45026
431,78	13,91692
432,05	18,26359
432,31	26,31026
432,57	23,34359
432,83	17,73026
433,09	11,01026
433,35	12,19026
433,62	11,62359
433,88	8,53692
434,14	7,62359
434,40	7,59026
434,66	11,29026
434,93	11,92359
435,19	15,24359
435,45	13,71026
435,71	20,53692
435,97	23,43692
436,23	24,27692
436,50	23,17692
436,76	21,56359
437,02	24,26359
437,28	20,07026
437,54	23,01026
437,81	21,37692
438,07	22,61692
438,33	20,47692
438,59	17,84359
438,85	18,41692
439,11	13,18359
439,38	19,18359
439,64	16,99026
439,90	19,40359
440,16	16,94359
440,42	16,66359
440,68	20,51692
440,95	16,18359
441,21	20,04359
441,47	23,01692
441,73	26,01026
441,99	25,27692
442,25	19,80359
442,52	20,58359
442,78	16,05692
443,04	17,45692
443,30	15,69026
443,56	19,75026
443,82	19,04359
444,08	22,51026
444,35	20,26359
444,61	19,84359
444,87	12,17692
445,13	15,75692
445,39	9,49026
445,65	12,75026
445,92	2,31692
446,18	7,37692
446,44	8,90359
446,70	15,97692
446,96	19,69692
447,22	22,39026
447,48	25,03026
447,75	25,27692
448,01	28,45692
448,27	22,35026
448,53	19,06359
448,79	15,99026
449,05	22,01026
449,31	20,59026
449,58	19,83026
449,84	20,02359
450,10	26,00359
450,36	22,79026
450,62	22,35692
450,88	19,87692
451,14	21,89026
451,41	18,47026
451,67	15,68359
451,93	16,35692
452,19	21,37692
452,45	27,77026
452,71	28,65026
452,97	22,21692
453,23	23,85692
453,50	24,58359
453,76	28,88359
454,02	25,20359
454,28	25,03026
454,54	25,91026
454,80	26,64359
455,06	24,45026
455,32	22,57692
455,59	17,23026
455,85	17,93692
456,11	16,61026
456,37	18,52359
456,63	18,29692
456,89	19,80359
457,15	26,59692
457,41	26,17026
457,68	28,98359
457,94	23,05692
458,20	24,61026
458,46	26,51026
458,72	31,53026
458,98	34,68359
459,24	34,10359
459,50	30,12359
459,76	26,32359
460,03	17,28359
460,29	16,88359
460,55	18,79026
460,81	23,16359
461,07	20,12359
461,33	23,07692
461,59	28,17692
461,85	25,30359
462,11	19,11026
462,37	12,91692
462,64	17,93692
462,90	16,09692
463,16	15,97692
463,42	20,32359
463,68	23,36359
463,94	24,19692
464,20	23,11692
464,46	25,35692
464,72	34,63692
464,98	36,07692
465,24	42,61692
465,51	40,13692
465,77	43,03692
466,03	36,35692
466,29	34,75692
466,55	29,14359
466,81	29,46359
467,07	29,71692
467,33	30,43026
467,59	38,31692
467,85	35,96359
468,11	34,71692
468,38	24,74359
468,64	28,43026
468,90	26,43026
469,16	29,05026
469,42	26,09692
469,68	25,77026
469,94	28,84359
470,20	29,81026
470,46	30,41026
470,72	26,41026
470,98	21,83692
471,24	23,53026
471,50	24,18359
471,77	26,31026
472,03	26,43026
472,29	20,87026
472,55	20,47026
472,81	24,66359
473,07	27,57692
473,33	21,65692
473,59	17,76359
473,85	15,39026
474,11	18,46359
474,37	15,63026
474,63	15,17026
474,89	20,06359
475,15	26,13026
475,41	34,13026
475,68	33,43026
475,94	30,33026
476,20	26,47692
476,46	27,52359
476,72	25,77692
476,98	27,69692
477,24	25,37692
477,50	25,31692
477,76	24,49692
478,02	26,79692
478,28	31,07026
478,54	31,61026
478,80	34,69026
479,06	38,04359
479,32	46,11026
479,58	43,22359
479,84	38,06359
480,10	28,24359
480,36	32,38359
480,63	39,70359
480,89	37,38359
481,15	36,14359
481,41	29,27026
481,67	34,34359
481,93	32,27692
482,19	32,34359
482,45	33,41026
482,71	30,63692
482,97	28,73692
483,23	25,27692
483,49	26,25026
483,75	29,75026
484,01	31,39026
484,27	29,41692
484,53	32,77692
484,79	46,25692
485,05	49,71692
485,31	47,95026
485,57	33,94359
485,83	36,17026
486,09	34,60359
486,35	36,33026
486,61	33,37692
486,87	33,54359
487,13	38,09026
487,39	42,25692
487,65	49,77692
487,91	48,63026
488,17	45,45692
488,43	36,24359
488,70	37,14359
488,96	39,11692
489,22	37,91026
489,48	34,87026
489,74	34,31026
490,00	39,69026
490,26	38,09026
490,52	43,67692
490,78	44,21026
491,04	48,55026
491,30	48,41026
491,56	53,05692
491,82	53,29026
492,08	51,70359
492,34	52,63026
492,60	55,30359
492,86	55,25026
493,12	54,56359
493,38	61,13692
493,64	69,30359
493,90	70,61692
494,16	61,77692
494,42	57,85692
494,68	57,93692
494,94	65,53026
495,20	70,55026
495,46	69,47026
495,72	66,20359
495,98	61,18359
496,24	56,97026
496,50	55,95026
496,76	61,39026
497,02	66,38359
497,28	69,11026
497,54	70,82359
497,80	71,21692
498,06	65,95692
498,32	54,12359
498,58	50,09692
498,84	49,38359
499,10	48,86359
499,36	52,42359
499,62	54,13026
499,88	59,88359
500,14	59,89026
500,40	57,76359
500,66	59,93026
500,92	63,49026
501,18	66,63026
501,44	64,26359
501,69	63,75026
501,95	70,55692
502,21	74,20359
502,47	71,17692
502,73	63,51026
502,99	61,47026
503,25	63,37692
503,51	65,72359
503,77	64,89692
504,03	65,03692
504,29	70,21692
504,55	73,48359
504,81	72,69026
505,07	66,37692
505,33	63,85692
505,59	63,56359
505,85	68,43026
506,11	70,42359
506,37	71,73692
506,63	70,01692
506,89	70,07692
507,15	73,87026
507,41	75,27026
507,67	77,45692
507,93	76,01692
508,19	76,95026
508,45	78,65026
508,71	78,87692
508,97	75,23692
509,23	72,54359
509,49	81,09026
509,74	91,17692
510,00	94,99026
510,26	91,50359
510,52	86,61026
510,78	91,57692
511,04	92,54359
511,30	98,75692
511,56	91,29026
511,82	84,84359
512,08	75,39026
512,34	81,17026
512,60	81,14359
512,86	84,01692
513,12	79,75692
513,38	84,42359
513,64	92,96359
513,90	103,41692
514,16	121,95692
514,42	135,23026
514,67	145,69692
514,93	150,03692
515,19	151,39026
515,45	153,28359
515,71	150,89692
515,97	147,57692
516,23	134,44359
516,49	117,89692
516,75	106,86359
517,01	102,54359
517,27	97,76359
517,53	91,80359
517,79	87,93692
518,05	85,91692
518,31	87,83692
518,56	90,96359
518,82	96,38359
519,08	93,30359
519,34	94,17026
519,60	96,17692
519,86	112,62359
520,12	122,74359
520,38	135,91692
520,64	152,53692
520,90	175,27026
521,16	188,17692
521,42	190,22359
521,68	184,35692
521,93	194,21692
522,19	194,85692
522,45	189,78359
522,71	160,75026
522,97	138,50359
523,23	113,93026
523,49	105,57692
523,75	94,57692
524,01	93,65692
524,27	82,95692
524,53	82,24359
524,79	78,38359
525,04	79,59026
525,30	70,77692
525,56	64,82359
525,82	58,35026
526,08	60,29026
526,34	56,22359
526,60	60,91692
526,86	56,43692
527,12	59,85692
527,38	53,83692
527,63	54,69026
527,89	54,55692
528,15	57,79026
528,41	58,59692
528,67	62,87026
528,93	68,99692
529,19	68,36359
529,45	66,57026
529,71	61,74359
529,97	65,61692
530,22	65,07026
530,48	63,99026
530,74	59,53026
531,00	55,87026
531,26	54,67692
531,52	52,37692
531,78	46,89692
532,04	45,38359
532,30	41,53026
532,55	53,42359
532,81	54,34359
533,07	53,69026
533,33	44,41026
533,59	38,65692
533,85	36,65692
534,11	44,98359
534,37	51,49026
534,62	56,81026
534,88	46,03692
535,14	38,30359
535,40	37,09692
535,66	40,96359
535,92	45,86359
536,18	47,41692
536,44	45,49692
536,69	40,97692
536,95	38,53026
537,21	38,79692
537,47	44,03026
537,73	48,41026
537,99	45,82359
538,25	42,65026
538,51	37,95692
538,76	39,09026
539,02	40,42359
539,28	45,83692
539,54	46,21692
539,80	44,41026
540,06	40,51026
540,32	45,13692
540,57	48,21692
540,83	51,21692
541,09	43,92359
541,35	39,21692
541,61	36,03692
541,87	34,12359
542,13	41,51692
542,38	45,46359
542,64	49,22359
542,90	45,73026
543,16	37,16359
543,42	38,79692
543,68	35,93692
543,94	39,39692
544,19	39,29026
544,45	43,14359
544,71	41,37692
544,97	42,78359
545,23	36,40359
545,49	37,07692
545,74	28,76359
546,00	33,98359
546,26	27,17692
546,52	36,98359
546,78	35,39026
547,04	40,50359
547,29	35,23026
547,55	32,16359
547,81	32,23026
548,07	31,61692
548,33	29,63026
548,59	28,69692
548,84	28,81692
549,10	30,30359
549,36	27,96359
549,62	26,19692
549,88	26,33026
550,14	26,71026
550,39	25,18359
550,65	26,81692
550,91	30,05026
551,17	30,96359
551,43	29,95026
551,69	29,89692
551,94	34,94359
552,20	38,08359
552,46	40,08359
552,72	37,38359
552,98	34,99692
553,24	32,83692
553,49	32,03026
553,75	34,45692
554,01	35,35692
554,27	38,25026
554,53	40,87026
554,78	41,47692
555,04	37,43026
555,30	33,25692
555,56	29,03026
555,82	32,65026
556,07	34,38359
556,33	37,27692
556,59	35,21692
556,85	34,03692
557,11	37,28359
557,37	39,55026
557,62	33,63026
557,88	27,51692
558,14	28,51692
558,40	28,23692
558,66	29,16359
558,91	22,59692
559,17	26,89692
559,43	29,68359
559,69	28,11692
559,95	23,51692
560,20	19,00359
560,46	26,37026
560,72	32,15692
560,98	40,69692
561,24	32,29692
561,49	30,23026
561,75	24,89692
562,01	29,84359
562,27	32,95026
562,52	31,06359
562,78	30,81692
563,04	28,23026
563,30	25,23026
563,56	22,54359
563,81	23,85026
564,07	29,48359
564,33	37,39026
564,59	32,05692
564,85	26,71692
565,10	27,48359
565,36	29,15692
565,62	36,30359
565,88	25,53026
566,13	25,13026
566,39	19,97026
566,65	26,41692
566,91	32,83026
567,17	31,65692
567,42	33,54359
567,68	28,90359
567,94	33,29026
568,20	29,45026
568,45	32,71692
568,71	31,24359
568,97	29,92359
569,23	36,00359
569,49	38,41026
569,74	41,33026
570,00	28,82359
570,26	28,07026
570,52	28,81026
570,77	36,31026
571,03	40,57026
571,29	40,65026
571,55	41,30359
571,80	31,61026
572,06	25,13026
572,32	18,24359
572,58	30,15692
572,83	36,91692
573,09	35,47692
573,35	29,49026
573,61	24,79692
573,86	26,47026
574,12	19,47026
574,38	22,83692
574,64	21,11026
574,89	27,75026
575,15	34,51026
575,41	37,63692
575,67	35,24359
575,92	29,49692
576,18	32,81692
576,44	33,96359
576,70	32,91026
576,95	28,45026
577,21	28,54359
577,47	32,02359
577,73	39,89026
577,98	40,99026
578,24	40,69026
578,50	40,48359
578,76	45,21026
579,01	40,15026
579,27	33,61026
579,53	32,85026
579,79	32,97026
580,04	31,06359
580,30	20,12359
580,56	15,72359
580,81	15,24359
581,07	18,84359
581,33	20,43026
581,59	21,37026
581,84	25,83692
582,10	30,76359
582,36	31,31026
582,62	29,68359
582,87	30,21026
583,13	37,29026
583,39	36,66359
583,64	37,46359
583,90	28,94359
584,16	28,03026
584,42	23,90359
584,67	25,20359
584,93	26,77026
585,19	27,51026
585,45	28,35692
585,70	24,75692
585,96	27,12359
586,22	25,36359
586,47	24,59026
586,73	23,80359
586,99	22,69026
587,25	26,27026
587,50	23,67026
587,76	22,59692
588,02	20,80359
588,27	22,41026
588,53	28,95026
588,79	25,57026
589,04	22,90359
589,30	22,30359
589,56	23,07026
589,82	25,79692
590,07	23,35692
590,33	24,39692
590,59	21,23026
590,84	20,82359
591,10	22,40359
591,36	24,52359
591,61	23,59692
591,87	24,96359
592,13	23,60359
592,39	22,72359
592,64	21,27026
592,90	18,01026
593,16	18,33026
593,41	18,79026
593,67	21,85026
593,93	22,92359
594,18	26,16359
594,44	28,72359
594,70	27,81026
594,95	26,73692
595,21	29,39692
595,47	30,23692
595,73	27,77692
595,98	23,75026
596,24	23,81026
596,50	18,62359
596,75	20,82359
597,01	22,69026
597,27	26,90359
597,52	25,74359
597,78	26,42359
598,04	28,31692
598,29	23,58359
598,55	22,15026
598,81	18,40359
599,06	21,21026
599,32	18,85692
599,58	25,14359
599,83	21,19026
600,09	21,73026
600,35	17,29692
600,60	20,01692
600,86	22,75026
601,12	24,19692
601,37	26,07026
601,63	21,11026
601,89	18,69692
602,14	18,51026
602,40	19,86359
602,66	20,40359
602,91	16,25692
603,17	20,53692
603,43	24,85692
603,68	30,90359
603,94	27,23026
604,20	24,37692
604,45	21,14359
604,71	20,25026
604,97	21,76359
605,22	22,31692
605,48	24,12359
605,74	25,69026
605,99	26,67692
606,25	25,47692
606,51	22,77692
606,76	17,43026
607,02	21,30359
607,27	18,40359
607,53	23,74359
607,79	22,19692
608,04	20,03026
608,30	18,56359
608,56	16,32359
608,81	24,34359
609,07	23,92359
609,33	31,37026
609,58	34,65026
609,84	38,07692
610,10	34,85692
610,35	27,06359
610,61	25,90359
610,86	22,01026
611,12	24,58359
611,38	20,75692
611,63	20,83692
611,89	19,77692
612,15	24,41026
612,40	22,44359
612,66	17,13026
612,92	10,81026
613,17	18,11692
613,43	25,19692
613,68	29,55692
613,94	23,01692
614,20	19,83026
614,45	16,22359
614,71	22,77026
614,97	18,91026
615,22	19,94359
615,48	14,84359
615,73	18,93026
615,99	20,91692
616,25	22,86359
616,50	24,83692
616,76	23,81026
617,01	24,77026
617,27	19,31692
617,53	21,16359
617,78	26,47692
618,04	32,01692
618,30	35,00359
618,55	24,89692
618,81	25,59692
619,06	20,07026
619,32	21,68359
619,58	19,40359
619,83	21,87692
620,09	21,67026
620,34	22,07026
620,60	20,13026
620,86	19,98359
621,11	19,73692
621,37	25,95692
621,62	26,00359
621,88	22,55692
622,14	14,75692
622,39	17,85026
622,65	19,40359
622,90	19,95692
623,16	19,82359
623,42	21,77026
623,67	19,33692
623,93	21,71026
624,18	20,51692
624,44	28,81026
624,70	29,92359
624,95	29,85692
625,21	27,88359
625,46	22,62359
625,72	27,21692
625,98	23,09026
626,23	25,68359
626,49	18,74359
626,74	22,09026
627,00	23,05026
627,25	26,09026
627,51	27,97692
627,77	23,52359
628,02	18,67692
628,28	16,33692
628,53	18,65026
628,79	23,85026
629,04	20,99692
629,30	19,44359
629,56	22,46359
629,81	21,33026
630,07	21,85692
630,32	17,16359
630,58	26,03692
630,83	25,43026
631,09	24,67692
631,35	19,23026
631,60	20,51026
631,86	24,95692
632,11	24,89692
632,37	19,45692
632,62	14,68359
632,88	12,91692
633,14	15,37692
633,39	14,63692
633,65	21,02359
633,90	24,85026
634,16	24,96359
634,41	19,13692
634,67	17,94359
634,93	22,96359
635,18	25,80359
635,44	21,60359
635,69	17,14359
635,95	17,97026
636,20	24,18359
636,46	23,93026
636,71	22,01692
636,97	19,34359
637,22	21,29692
637,48	19,14359
637,74	19,31692
637,99	20,77026
638,25	23,07026
638,50	20,97026
638,76	21,65026
639,01	18,62359
639,27	18,31026
639,52	17,33692
639,78	20,90359
640,03	20,35026
640,29	17,41026
640,55	16,37026
640,80	16,23692
641,06	13,92359
641,31	17,65026
641,57	18,99692
641,82	23,92359
642,08	22,62359
642,33	22,75692
642,59	23,55026
642,84	22,33692
643,10	20,81692
643,35	18,08359
643,61	17,34359
643,87	18,90359
644,12	18,99692
644,38	15,51026
644,63	17,42359
644,89	21,11026
645,14	23,92359
645,40	21,97026
645,65	22,37026
645,91	21,93026
646,16	26,35026
646,42	26,25026
646,67	25,45026
646,93	22,34359
647,18	21,51026
647,44	21,44359
647,69	19,02359
647,95	14,61692
648,20	13,73692
648,46	13,55692
648,71	14,91026
648,97	15,75026
649,22	16,02359
649,48	14,91692
649,73	14,04359
649,99	13,39026
650,24	17,75692
650,50	20,61026
650,75	21,88359
651,01	20,83026
651,26	19,80359
651,52	18,63692
651,77	15,55692
652,03	15,34359
652,28	12,82359
652,54	18,17026
652,79	23,48359
653,05	28,62359
653,30	26,73026
653,56	20,08359
653,81	20,31026
654,07	21,09026
654,32	22,56359
654,58	20,54359
654,83	21,47026
655,09	18,48359
655,34	17,69026
655,60	13,97026
655,85	15,19692
656,11	22,02359
656,36	25,23026
656,62	24,92359
656,87	18,91026
657,13	11,53026
657,38	14,25692
657,64	18,41026
657,89	24,19692
658,15	18,70359
658,40	13,05026
658,66	13,75026
658,91	14,41692
659,17	13,89692
659,42	13,20359
659,68	16,03026
659,93	13,11692
660,19	11,23692
660,44	12,91026
660,70	19,44359
660,95	20,21692
661,20	18,99692
661,46	18,15026
661,71	17,95692
661,97	15,49692
662,22	16,91692
662,48	19,38359
662,73	20,26359
662,99	23,36359
663,24	24,07692
663,50	22,93026
663,75	19,07692
664,01	11,92359
664,26	16,77026
664,52	15,26359
664,77	20,41026
665,02	22,63026
665,28	24,09026
665,53	23,08359
665,79	23,06359
666,04	23,13026
666,30	21,68359
666,55	20,32359
666,81	15,82359
667,06	17,39692
667,32	17,85026
667,57	19,23692
667,82	18,49692
668,08	17,37692
668,33	18,89026
668,59	17,19026
668,84	19,43026
669,10	17,79026
669,35	34,69692
669,61	26,67026
669,86	30,49026
670,11	12,79692
670,37	19,27692
670,62	18,79026
670,88	23,19026
671,13	17,21026
671,39	11,82359
671,64	8,12359
671,90	11,91692
672,15	15,09692
672,40	14,49692
672,66	9,86359
672,91	12,57692
673,17	14,02359
673,42	19,24359
673,68	16,59692
673,93	16,15026
674,18	16,47026
674,44	15,17026
674,69	17,26359
674,95	18,81692
675,20	19,17026
675,46	18,11692
675,71	13,11026
675,96	16,89026
676,22	13,37692
676,47	15,75692
676,73	13,63692
676,98	13,80359
677,23	15,43692
677,49	17,91692
677,74	23,50359
678,00	19,35692
678,25	17,47026
678,51	18,05692
678,76	13,94359
679,01	14,37026
679,27	9,65026
679,52	12,62359
679,78	10,53026
680,03	12,68359
680,28	13,63692
680,54	11,95026
680,79	6,91026
681,05	7,27692
681,30	6,46359
681,55	9,41692
681,81	10,48359
682,06	17,65692
682,32	19,84359
682,57	23,05026
682,82	18,12359
683,08	15,13026
683,33	6,83692
683,59	10,23692
683,84	8,47026
684,09	11,83026
684,35	9,21026
684,60	14,06359
684,86	15,52359
685,11	20,92359
685,36	20,71026
685,62	23,40359
685,87	13,87026
686,13	11,25026
686,38	5,13026
686,63	11,16359
686,89	15,08359
687,14	23,59026
687,40	21,59026
687,65	22,33026
687,90	16,91692
688,16	16,34359
688,41	11,88359
688,66	10,13026
688,92	10,64359
689,17	8,63692
689,43	6,86359
689,68	7,85026
689,93	11,48359
690,19	13,13026
690,44	8,71026
690,69	5,54359
690,95	6,52359
691,20	10,83026
691,46	9,58359
691,71	12,01026
691,96	13,97692
692,22	15,97026
692,47	12,51692
692,72	9,17692
692,98	9,06359
693,23	11,63692
693,49	14,59026
693,74	16,33692
693,99	16,83692
694,25	15,70359
694,50	16,11692
694,75	14,88359
695,01	8,52359
695,26	8,59026
695,51	7,89026
695,77	8,66359
696,02	7,49692
696,27	6,98359
696,53	10,90359
696,78	13,60359
697,04	14,85692
697,29	13,35692
697,54	10,23692
697,80	6,98359
698,05	6,59026
698,30	5,25026
698,56	5,20359
698,81	6,56359
699,06	8,62359
699,32	8,45026
699,57	8,51692
699,82	11,33692
700,08	9,82359
700,33	8,63026
700,58	4,41692
700,84	6,34359
701,09	4,33026
701,34	5,48359
701,60	7,51692
701,85	8,93692
702,10	8,97026
702,36	11,19692
702,61	8,11692
702,86	5,91026
703,12	-0,93641
703,37	2,21026
703,62	0,94359
703,88	1,09692
704,13	-1,62308
704,38	-0,03641
704,64	8,20359
704,89	11,31026
705,14	16,70359
705,40	14,98359
705,65	14,00359
705,90	8,17026
706,16	2,27026
706,41	5,36359
706,66	6,53026
706,92	7,18359
707,17	8,32359
707,42	15,08359
707,68	12,35026
707,93	9,71026
708,18	5,64359
708,44	14,36359
708,69	16,02359
708,94	15,45026
709,19	11,66359
709,45	13,65692
709,70	9,35026
709,95	8,98359
710,21	2,45026
710,46	2,70359
710,71	7,35026
710,97	7,58359
711,22	9,85026
711,47	4,07692
711,73	6,33026
711,98	6,13026
712,23	4,89692
712,48	2,51692
712,74	1,57692
712,99	2,56359
713,24	0,21692
713,50	0,50359
713,75	6,34359
714,00	11,19026
714,26	9,32359
714,51	4,50359
714,76	2,56359
715,01	2,12359
715,27	7,39692
715,52	8,33026
715,77	11,47026
716,03	6,99692
716,28	6,43692
716,53	9,88359
716,78	8,63692
717,04	10,61026
717,29	10,19026
717,54	14,09692
717,80	11,63026
718,05	10,96359
718,30	9,13692
718,55	11,61026
718,81	9,31692
719,06	11,56359
719,31	11,65026
719,57	9,04359
719,82	7,03026
720,07	6,83692
720,32	6,64359
720,58	7,13026
720,83	7,04359
721,08	8,99692
721,33	7,06359
721,59	10,80359
721,84	13,19026
722,09	17,33026
722,35	13,99026
722,60	12,05692
722,85	9,74359
723,10	7,57026
723,36	7,35692
723,61	4,74359
723,86	6,24359
724,11	9,03692
724,37	7,19026
724,62	5,91026
724,87	1,77026
725,12	3,05026
725,38	2,11026
725,63	2,35692
725,88	0,27692
726,13	1,59026
726,39	-2,45641
726,64	2,87692
726,89	2,15026
727,14	4,63692
727,40	2,69026
727,65	4,41692
727,90	8,80359
728,15	10,99026
728,41	6,91692
728,66	6,99026
728,91	2,83692
729,16	6,89692
729,42	5,93692
729,67	8,31692
729,92	1,93026
730,17	-0,30974
730,43	0,07692
730,68	7,62359
730,93	9,35026
731,18	8,35026
731,44	5,09026
731,69	3,49026
731,94	4,26359
732,19	8,43026
732,45	11,22359
732,70	15,21026
732,95	9,47692
733,20	5,03692
733,45	3,09692
733,71	7,59026
733,96	5,84359
734,21	7,04359
734,46	4,77026
734,72	8,95692
734,97	6,98359
735,22	6,27692
735,47	6,02359
735,72	5,36359
735,98	4,37026
736,23	4,62359
736,48	5,88359
736,73	7,89692
736,99	6,55692
737,24	6,75026
737,49	5,71026
737,74	6,84359
737,99	10,96359
738,25	13,01026
738,50	11,31692
738,75	4,07026
739,00	3,71692
739,25	7,74359
739,51	5,51692
739,76	6,79692
740,01	6,95026
740,26	11,70359
740,52	11,32359
740,77	16,39692
741,02	15,29026
741,27	13,12359
741,52	6,52359
741,78	6,84359
742,03	6,38359
742,28	6,39026
742,53	6,83026
742,78	10,65026
743,04	11,77692
743,29	12,98359
743,54	12,83692
743,79	9,73692
744,04	5,97692
744,30	5,31692
744,55	5,77026
744,80	10,71692
745,05	8,31692
745,30	8,57026
745,55	2,03026
745,81	7,87026
746,06	8,35692
746,31	11,23692
746,56	6,44359
746,81	8,50359
747,07	10,47692
747,32	13,01026
747,57	16,37026
747,82	18,63692
748,07	21,89692
748,32	16,83026
748,58	14,53692
748,83	8,82359
749,08	10,65026
749,33	11,27692
749,58	13,59692
749,84	14,09692
750,09	10,14359
750,34	7,06359
750,59	8,19026
750,84	7,09692
751,09	13,88359
751,35	12,77026
751,60	15,37692
751,85	7,14359
752,10	1,77692
752,35	6,27692
752,60	8,71026
752,86	11,95692
753,11	4,51692
753,36	2,51026
753,61	1,51692
753,86	0,77692
754,11	0,69692
754,37	-3,69641
754,62	-3,69641
754,87	-2,57641
755,12	3,72359
755,37	8,18359
755,62	8,99692
755,87	3,06359
756,13	-1,30308
756,38	-1,15641
756,63	3,23692
756,88	11,41026
757,13	9,31692
757,38	11,07026
757,64	2,59692
757,89	2,55026
758,14	5,35692
758,39	6,03026
758,64	11,69026
758,89	8,55026
759,14	12,07026
759,40	9,55692
759,65	8,57692
759,90	8,19026
760,15	5,69692
760,40	-0,42974
760,65	-4,30974
760,90	-3,75641
761,15	-0,57641
761,41	2,59026
761,66	1,51692
761,91	4,97026
762,16	0,99026
762,41	4,65026
762,66	1,11026
762,91	4,19026
763,17	2,75692
763,42	5,59026
763,67	8,26359
763,92	8,06359
764,17	6,33026
764,42	3,52359
764,67	4,88359
764,92	8,81692
765,18	8,56359
765,43	2,92359
765,68	4,16359
765,93	7,33026
766,18	10,61692
766,43	8,21026
766,68	7,90359
766,93	6,45026
767,18	5,13692
767,44	4,65692
767,69	2,84359
767,94	5,53692
768,19	2,33026
768,44	3,56359
768,69	2,57026
768,94	6,77692
769,19	6,77692
769,44	6,57026
769,70	0,93692
769,95	2,76359
770,20	4,87692
770,45	10,96359
770,70	11,72359
770,95	9,23692
771,20	3,26359
771,45	6,71692
771,70	5,85692
771,95	6,46359
772,21	5,41026
772,46	6,26359
772,71	7,53692
772,96	5,61692
773,21	5,13692
773,46	9,11692
773,71	10,67692
773,96	8,11692
774,21	5,55026
774,46	3,54359
774,72	6,29026
774,97	3,77692
775,22	0,25692
775,47	0,95692
775,72	2,33026
775,97	7,68359
776,22	6,49026
776,47	13,45692
776,72	14,38359
776,97	15,26359
777,22	7,31692
777,47	8,19692
777,73	6,97692
777,98	12,15026
778,23	9,56359
778,48	8,17692
778,73	3,56359
778,98	5,10359
779,23	8,93026
779,48	11,73692
779,73	6,09026
779,98	1,86359
780,23	0,88359
780,48	2,55692
780,73	7,18359
780,98	9,75692
781,24	10,01692
781,49	6,01692
781,74	0,72359
781,99	1,00359
782,24	1,38359
782,49	2,77026
782,74	2,13692
782,99	2,53692
783,24	2,08359
783,49	4,44359
783,74	4,80359
783,99	9,49692
784,24	6,37026
784,49	5,38359
784,74	2,65692
784,99	5,95692
785,24	2,03692
785,49	-3,24308
785,75	2,23026
786,00	10,46359
786,25	12,01692
786,50	5,19692
786,75	-1,04974
787,00	3,50359
787,25	3,85692
787,50	6,74359
787,75	5,09026
788,00	11,01692
788,25	5,12359
788,50	2,15692
788,75	-3,93641
789,00	-1,04308
789,25	-2,22308
789,50	-4,55641
789,75	-5,31641
790,00	-1,22308
790,25	-1,06974
790,50	8,43692
790,75	12,86359
791,00	13,99692
791,25	11,01026
791,50	5,05026
791,75	5,37692
792,01	7,64359
792,26	9,61026
792,51	13,80359
792,76	9,24359
793,01	9,78359
793,26	0,55026
793,51	1,05692
793,76	1,47026
794,01	10,29692
794,26	10,90359
794,51	11,43692
794,76	7,15026
795,01	9,11026
795,26	9,57692
795,51	11,79026
795,76	8,04359
796,01	9,03026
796,26	9,65692
796,51	9,59692
796,76	5,53026
797,01	0,43026
797,26	1,35692
797,51	-1,37641
797,76	4,80359
798,01	3,83026
798,26	10,18359
798,51	5,83692
798,76	1,42359
799,01	-0,48308
799,26	-3,19641
799,51	-1,12308
799,76	-2,66308
800,01	3,44359
800,26	1,60359
800,51	2,13026
800,76	-1,04974
801,01	1,63026
801,26	-0,21641
801,51	-1,62974
801,76	-1,22974
802,01	-1,63641
802,26	0,36359
802,51	3,53692
802,76	5,30359
803,01	5,67026
803,26	-0,26308
803,51	-0,75641
803,76	-0,03641
804,01	3,89692
804,26	1,57692
804,51	-1,29641
804,76	-4,06974
805,01	-1,61641
805,26	-3,24974
805,51	-2,17641
805,76	-5,18308
806,01	4,94359
806,26	6,63026
806,51	8,16359
806,76	-2,32974
807,01	-5,01641
807,26	-5,03641
807,51	-5,93641
807,76	-5,48308
808,01	-2,40974
808,26	4,01692
808,50	8,13692
808,75	9,01026
809,00	8,09692
809,25	9,49692
809,50	8,29026
809,75	9,82359
810,00	9,27026
810,25	7,69026
810,50	9,58359
810,75	7,71026
811,00	11,52359
811,25	6,81692
811,50	10,64359
811,75	9,97026
812,00	9,66359
812,25	4,91026
812,50	-3,35641
812,75	-5,09641
813,00	-4,59641
813,25	-0,96308
813,50	-0,16974
813,75	-3,35641
814,00	-2,42974
814,25	-2,56974
814,50	3,51026
814,74	2,38359
814,99	7,37026
815,24	1,81692
815,49	2,61692
815,74	-1,54974
815,99	3,89692
816,24	5,76359
816,49	7,88359
816,74	10,42359
816,99	7,46359
817,24	6,60359
817,49	-5,49641
817,74	-1,86974
817,99	-5,34974
818,24	-2,77641
818,49	-1,60974
818,74	0,35026
818,98	4,34359
819,23	0,30359
819,48	7,63692
819,73	6,61692
819,98	11,16359
820,23	2,67026
820,48	3,79026
820,73	1,95026
820,98	2,68359
821,23	-1,95641
821,48	-5,66308
821,73	-6,68308
821,98	-3,56974
822,23	-2,68308
822,47	6,12359
822,72	6,17692
822,97	8,22359
823,22	3,37692
823,47	3,21692
823,72	4,07026
823,97	6,69692
824,22	10,80359
824,47	9,21692
824,72	4,74359
824,97	-0,46308
825,22	-0,80974
825,46	-0,20974
825,71	2,09692
825,96	1,07692
826,21	-1,61641
826,46	-3,59641
826,71	-3,17641
826,96	2,97692
827,21	1,52359
827,46	0,97692
827,71	-3,59641
827,96	-2,92974
828,20	-1,62974
828,45	-0,50974
828,70	2,28359
828,95	0,70359
829,20	-0,07641
829,45	-2,80308
829,70	-2,48308
829,95	-2,29641
830,20	-2,50308
830,45	2,60359
830,69	2,29692
830,94	2,03692
831,19	0,07692
831,44	-4,00974
831,69	-1,64308
831,94	-3,79641
832,19	0,89692
832,44	-2,46974
832,69	-2,90974
832,93	-2,54974
833,18	1,93026
833,43	0,54359
833,68	-2,97641
833,93	-3,24308
834,18	-1,97641
834,43	0,95026
834,68	-1,38974
834,92	-3,16974
835,17	-2,00308
835,42	0,09026
835,67	3,11026
835,92	-0,09641
836,17	-3,28308
836,42	-5,59641
836,67	-10,54308
836,91	-6,06974
837,16	-3,89641
837,41	-2,53641
837,66	1,71692
837,91	5,98359
838,16	10,45026
838,41	4,88359
838,66	-3,30308
838,90	-1,10974
839,15	-3,12308
839,40	0,31692
839,65	-4,04308
839,90	-5,09641
840,15	-3,06974
840,40	-4,09641
840,64	0,79026
840,89	-4,56308
841,14	-0,42308
841,39	-3,62308
841,64	-3,08974
841,89	-3,22308
842,14	-6,70974
842,38	2,15026
842,63	2,62359
842,88	4,11026
843,13	-4,68974
843,38	-5,08974
843,63	-4,85641
843,87	-0,44308
844,12	-3,76308
844,37	-1,81641
844,62	-3,79641
844,87	-1,88308
845,12	0,24359
845,37	0,02359
845,61	-0,71641
845,86	-4,35641
846,11	-3,70974
846,36	-4,44308
846,61	-1,42974
846,86	-0,33641
847,10	1,31692
847,35	6,59692
847,60	5,57692
847,85	5,38359
848,10	-0,22308
848,35	0,53026
848,59	2,95026
848,84	-0,02974
849,09	1,85026
849,34	-1,88974
849,59	-0,64308
849,84	-6,75641
850,08	-3,25641
850,33	-3,68974
850,58	-1,72974
850,83	-0,88308
851,08	-4,79641
851,32	-6,84974
851,57	-8,06308
851,82	0,63026
852,07	2,43692
852,32	7,04359
852,57	-0,40974
852,81	4,86359
853,06	-2,19641
853,31	2,62359
853,56	-3,85641
853,81	-3,04308
854,05	-2,21641
854,30	-2,07641
854,55	-2,96974
854,80	-5,92308
855,05	3,45692
855,29	4,88359
855,54	6,10359
855,79	-1,60308
856,04	-2,84308
856,29	-3,32974
856,53	-0,36308
856,78	0,11026
857,03	-2,69641
857,28	-3,82974
857,53	-4,40308
857,77	2,65026
858,02	-0,66308
858,27	-0,00974
858,52	-4,59641
858,77	-5,04308
859,01	-6,16974
859,26	-4,58974
859,51	-1,74974
859,76	-4,38308
860,01	-6,38308
860,25	-7,71641
860,50	-2,51641
860,75	-1,66308
861,00	1,43692
861,25	0,63026
861,49	1,25692
861,74	-0,39641
861,99	-3,64974
862,24	-4,70308
862,48	-5,14974
862,73	-3,78308
862,98	-4,37641
863,23	-0,91641
863,48	1,74359
863,72	6,35692
863,97	7,60359
864,22	8,83026
864,47	1,47692
864,71	-3,28308
864,96	-2,20974
865,21	-0,22974
865,46	-2,94308
865,70	-6,74974
865,95	-9,55641
866,20	-6,22308
866,45	-0,62974
866,70	4,65692
866,94	7,67026
867,19	0,88359
867,44	-0,61641
867,69	-2,89641
867,93	-3,30974
868,18	-2,45641
868,43	-2,24308
868,68	0,26359
868,92	-1,76974
869,17	-5,17641
869,42	-1,80308
869,67	-1,06308
869,91	-1,16308
870,16	-6,98974
870,41	-4,58308
870,66	-0,73641
870,90	3,33692
871,15	1,74359
871,40	-2,50308
871,65	-6,88308
871,89	-5,40974
872,14	-3,94974
872,39	-2,48974
872,64	-3,26308
872,88	-4,04974
873,13	-6,04308
873,38	-10,08974
873,63	-3,05641
873,87	-2,26308
874,12	-4,83641
874,37	-12,96308
874,62	-11,22974
874,86	-6,18308
875,11	-2,78308
875,36	-3,24974
875,60	-6,48308
875,85	-5,60974
876,10	-2,34308
876,35	1,85026
876,59	1,40359
876,84	-1,64974
877,09	-1,71641
877,34	-1,45641
877,58	-2,26974
877,83	-4,50974
878,08	-5,60308
878,32	-6,50974
878,57	-7,81641
878,82	-5,08974
879,07	-4,94974
879,31	-3,91641
879,56	-6,10308
879,81	-7,12308
880,06	-8,70308
880,30	-11,73641
880,55	-2,94308
880,80	-0,29641
881,04	1,73026
881,29	2,21026
881,54	5,53026
881,79	5,17692
882,03	-4,02308
882,28	-3,18974
882,53	-1,32308
882,77	3,53692
883,02	0,50359
883,27	0,63026
883,51	-3,58308
883,76	-2,30308
884,01	-0,09641
884,26	-1,64308
884,50	-3,59641
884,75	-10,38974
885,00	-7,59641
885,24	-7,92308
885,49	-4,76308
885,74	0,08359
885,98	-3,00308
886,23	-6,32974
886,48	-9,98308
886,73	-3,57641
886,97	2,02359
887,22	-1,14974
887,47	-6,11641
887,71	-10,94308
887,96	-9,98308
888,21	-7,04974
888,45	-3,38308
888,70	1,31026
888,95	-1,85641
889,19	-4,48974
889,44	-7,34974
889,69	-4,46974
889,93	-7,72308
890,18	-6,37641
890,43	-5,28308
890,67	0,45692
890,92	-4,22308
891,17	-1,56974
891,42	0,40359
891,66	8,69026
891,91	6,23026
892,16	4,90359
892,40	4,50359
892,65	3,21026
892,90	1,10359
893,14	-2,80308
893,39	-2,08308
893,64	-3,50308
893,88	-8,58974
894,13	-5,70308
894,38	-2,12308
894,62	-0,32974
894,87	-6,18308
895,12	-10,94308
895,36	-9,86974
895,61	-9,55641
895,86	-8,08308
896,10	-9,12974
896,35	-9,58308
896,60	-12,22308
896,84	-12,53641
897,09	-11,41641
897,33	-6,38308
897,58	-5,46308
897,83	-4,54974
898,07	-7,14308
898,32	-5,81641
898,57	-4,94974
898,81	-0,54308
899,06	2,45026
899,31	10,99026
899,55	8,74359
899,80	3,01692
900,05	-6,81641
900,29	-8,82308
900,54	-3,07641
900,79	-3,86308
901,03	-4,59641
901,28	-6,88974
901,52	-2,14308
901,77	3,82359
902,02	5,45692
902,26	-1,38308
902,51	-6,56308
902,76	-13,90974
903,00	-8,92974
903,25	-9,72974
903,50	-5,41641
903,74	-8,02308
903,99	-9,66308
904,23	-7,38308
904,48	-6,43641
904,73	-0,96308
904,97	-0,96308
905,22	1,90359
905,47	-2,00308
905,71	-0,26308
905,96	-2,58308
906,20	2,06359
906,45	-0,92308
906,70	0,03026
906,94	-3,34974
907,19	-2,86308
907,44	-6,65641
907,68	-8,85641
907,93	-8,98308
908,17	-11,76974
908,42	-7,99641
908,67	-10,82974
908,91	-3,35641
909,16	-0,81641
909,40	-0,50974
909,65	-4,94974
909,90	-7,61641
910,14	-6,72974
910,39	-10,81641
910,63	-9,46308
910,88	-6,09641
911,13	4,18359
911,37	2,80359
911,62	-0,54974
911,86	-6,37641
912,11	-6,73641
912,36	-4,01641
912,60	-3,62308
912,85	0,18359
913,09	-0,56308
913,34	3,02359
913,59	-4,35641
913,83	-2,22974
914,08	-6,37641
914,32	0,27026
914,57	0,71692
914,82	3,68359
915,06	2,33026
915,31	-1,07641
915,55	-0,73641
915,80	1,38359
916,05	-0,76974
916,29	-5,65641
916,54	-10,41641
916,78	-5,37641
917,03	-0,48308
917,27	0,50359
917,52	-3,23641
917,77	-2,58974
918,01	-1,86308
918,26	-2,94974
918,50	-6,54308
918,75	-8,50308
919,00	-7,90308
919,24	-8,59641
919,49	-10,97641
919,73	-8,09641
919,98	-8,09641
920,22	-4,12308
920,47	-5,80308
920,72	-7,98308
920,96	-9,18974
921,21	-9,95641
921,45	-6,48974
921,70	-7,58974
921,94	-5,06308
922,19	-2,92308
922,43	-2,70308
922,68	3,91026
922,93	3,97692
923,17	3,41026
923,42	-7,17641
923,66	-7,60308
923,91	-6,73641
924,15	-3,97641
924,40	-5,33641
924,64	-5,96308
924,89	-7,01641
925,14	-7,68308
925,38	-6,75641
925,63	-2,76308
925,87	0,41692
926,12	2,66359
926,36	-1,38974
926,61	-5,70974
926,85	16,26359
927,10	14,67692
927,35	14,31026
927,59	-8,17641
927,84	-9,68974
928,08	-6,53641
928,33	-9,52974
928,57	-6,97641
928,82	-5,24974
929,06	-3,00308
929,31	-1,72974
929,55	-4,15641
929,80	-1,52974
930,04	-2,58308
930,29	-2,12974
930,54	-4,07641
930,78	-4,02974
931,03	-6,76974
931,27	-4,00974
931,52	-4,09641
931,76	-2,62974
932,01	-9,04974
932,25	-8,14308
932,50	-3,44974
932,74	-1,42308
932,99	3,42359
933,23	-1,19641
933,48	0,54359
933,72	-3,75641
933,97	-6,13641
934,21	0,15692
934,46	4,01692
934,70	10,12359
934,95	3,17026
935,19	-5,22974
935,44	-9,32308
935,68	-9,16308
935,93	-5,33641
936,18	-3,31641
936,42	-3,80308
936,67	-5,19641
936,91	-3,33641
937,16	4,05692
937,40	2,78359
937,65	-3,98974
937,89	-11,16974
938,14	-10,72974
938,38	-8,26308
938,63	-6,61641
938,87	-5,94974
939,12	-3,78974
939,36	2,68359
939,61	6,43692
939,85	3,82359
940,10	-5,90974
940,34	-8,34974
940,59	-6,94974
940,83	-7,94974
941,08	-4,15641
941,32	-2,66308
941,57	3,30359
941,81	-3,12308
942,06	-4,55641
942,30	-7,14308
942,55	-2,85641
942,79	-6,38308
943,03	-5,48308
943,28	-4,40308
943,52	5,53692
943,77	0,63692
944,01	-4,93641
944,26	-15,12974
944,50	-14,68308
944,75	-6,74308
944,99	-0,00308
945,24	1,87692
945,48	2,32359
945,73	16,00359
945,97	14,92359
946,22	8,45026
946,46	-7,30974
946,71	-2,20974
946,95	-1,50974
947,20	-5,72974
947,44	-9,79641
947,69	-7,98974
947,93	-6,56308
948,17	-7,66308
948,42	-10,15641
948,66	-7,48974
948,91	-8,69641
949,15	-10,13641
949,40	-13,30308
949,64	-9,56974
949,89	-7,54308
950,13	-7,41641
950,38	-11,28308
950,62	-10,38308
950,87	-6,30974
951,11	-0,56974
951,35	-1,69641
951,60	-3,74974
951,84	-7,10974
952,09	-7,74974
952,33	-5,90308
952,58	-3,60974
952,82	-5,25641
953,07	-8,68308
953,31	-7,37641
953,56	-4,71641
953,80	-2,60308
954,04	-11,58308
954,29	-17,18308
954,53	-20,44974
954,78	-16,32974
955,02	-12,20308
955,27	-10,41641
955,51	-10,44308
955,76	-10,04974
956,00	-9,88974
956,24	-10,25641
956,49	-8,63641
956,73	-5,74974
956,98	-3,78974
957,22	1,39026
957,47	3,75692
957,71	0,67026
957,95	-1,36308
958,20	-2,53641
958,44	2,78359
958,69	-0,89641
958,93	-1,98974
959,18	-2,90308
959,42	-0,84308
959,66	-4,77641
959,91	-8,62308
960,15	-11,82308
960,40	-10,60308
960,64	-8,54308
960,89	-5,78974
961,13	25,75692
961,37	30,69026
961,62	31,52359
961,86	1,99026
962,11	1,09692
962,35	-3,56974
962,59	-3,66308
962,84	-11,70974
963,08	-7,28974
963,33	-7,26974
963,57	-2,89641
963,81	-5,95641
964,06	-6,24308
964,30	-2,32308
964,55	-6,12974
964,79	1,57026
965,04	2,06359
965,28	3,43026
965,52	-3,86308
965,77	-9,01641
966,01	-4,80308
966,26	-5,76308
966,50	-1,98308
966,74	-1,72974
966,99	1,29692
967,23	-0,36974
967,48	-2,72308
967,72	-5,24308
967,96	-7,50974
968,21	-4,56308
968,45	-6,13641
968,69	-6,10974
968,94	-2,97641
969,18	-4,70974
969,43	-6,02308
969,67	-10,34974
969,91	-4,20974
970,16	-1,52308
970,40	-1,36308
970,65	-4,07641
970,89	-8,74974
971,13	-8,69641
971,38	-9,92974
971,62	-0,34308
971,86	-1,54308
972,11	0,57026
972,35	-6,47641
972,60	-3,24974
972,84	-0,63641
973,08	0,60359
973,33	-2,37641
973,57	-4,26974
973,81	-1,34974
974,06	-2,09641
974,30	-6,04974
974,55	-5,88974
974,79	-1,16974
975,03	1,10359
975,28	-1,02308
975,52	-6,54308
975,76	-5,70974
976,01	-7,08974
976,25	-3,54308
976,50	-3,92308
976,74	0,17026
976,98	0,47026
977,23	-1,85641
977,47	-2,52974
977,71	-3,22974
977,96	-5,18308
978,20	-10,03641
978,44	-13,72974
978,69	-6,50308
978,93	-3,97641
979,17	-1,41641
979,42	-4,05641
979,66	-4,06974
979,90	-1,79641
980,15	4,45026
980,39	5,38359
980,64	0,75692
980,88	-1,89641
981,12	-1,66308
981,37	-1,86974
981,61	-4,86308
981,85	-8,88974
982,10	-6,96974
982,34	-13,15641
982,58	-8,88974
982,83	-13,28974
983,07	-10,70974
983,31	-11,13641
983,56	-9,83641
983,80	-7,74308
984,04	-8,31641
984,29	-2,57641
984,53	-0,51641
984,77	-0,63641
985,02	-1,05641
985,26	-7,51641
985,50	-2,12308
985,75	-6,27641
985,99	-1,24308
986,23	-7,70308
986,48	-5,90974
986,72	-7,18974
986,96	-2,18308
987,20	-1,27641
987,45	-2,44308
987,69	-9,00308
987,93	-6,30974
988,18	-2,24308
988,42	1,93026
988,66	-0,48974
988,91	-5,05641
989,15	-7,58308
989,39	-10,04308
989,64	-10,90308
989,88	-8,87641
990,12	-7,26974
990,37	-3,44974
990,61	-4,39641
990,85	-6,02974
991,10	-10,52974
991,34	-10,94308
991,58	-10,68308
991,82	-9,20974
992,07	-9,36974
992,31	-7,18308
992,55	-9,02308
992,80	-9,93641
993,04	-8,49641
993,28	-0,54974
993,53	0,18359
993,77	-1,24974
994,01	-8,54974
994,25	-8,34308
994,50	-8,02308
994,74	-3,64308
994,98	-5,76974
995,23	-6,48308
995,47	-6,19641
995,71	-5,25641
995,95	-5,47641
996,20	-2,66308
996,44	-1,48974
996,68	-2,02308
996,93	-7,96974
997,17	-7,09641
997,41	-6,31641
997,65	-7,76974
997,90	-11,14308
998,14	-12,18974
998,38	-8,46974
998,63	-7,53641
998,87	-7,93641
999,11	-11,02308
999,35	-8,85641
999,60	-10,32308
999,84	-8,62308
1000,08	-2,49641
1000,32	1,05026
1000,57	2,27026
1000,81	2,13692
1001,05	1,94359
1001,30	3,33026
1001,54	-2,36974
1001,78	1,67692
1002,02	1,44359
1002,27	2,07692
1002,51	-3,66974
1002,75	-4,76308
1002,99	-7,09641
1003,24	-9,30308
1003,48	-9,81641
1003,72	-12,53641
1003,96	-9,50974
1004,21	-7,26974
1004,45	-0,19641
1004,69	0,48359
1004,93	-0,11641
1005,18	-2,12308
1005,42	-0,08308
1005,66	-3,86308
1005,90	-6,60974
1006,15	-11,40308
1006,39	-6,66974
1006,63	-0,06308
1006,87	3,49026
1007,12	0,74359
1007,36	-0,42308
1007,60	1,67692
1007,84	0,05026
1008,09	-2,45641
1008,33	-7,01641
1008,57	-4,88308
1008,81	-3,36974
1009,06	-3,57641
1009,30	-4,55641
1009,54	-3,62308
1009,78	-0,94308
1010,03	0,45026
1010,27	-4,81641
1010,51	-5,14308
1010,75	-5,30974
1010,99	-1,50308
1011,24	-1,64974
1011,48	4,06359
1011,72	1,95026
1011,96	4,86359
1012,21	0,16359
1012,45	0,00359
1012,69	-1,61641
1012,93	-4,20974
1013,18	-2,33641
1013,42	-3,97641
1013,66	-2,41641
1013,90	-5,95641
1014,14	-5,94308
1014,39	-4,22974
1014,63	-2,52308
1014,87	0,73026
1015,11	-3,12974
1015,35	-7,37641
1015,60	-4,47641
1015,84	-1,54308
1016,08	0,16359
1016,32	-5,04974
1016,57	-6,75641
1016,81	-5,64974
1017,05	-4,03641
1017,29	-2,32974
1017,53	-2,48974
1017,78	-3,80308
1018,02	-7,25641
1018,26	-4,47641
1018,50	-7,35641
1018,74	-2,74308
1018,99	-6,82308
1019,23	-8,20974
1019,47	-12,20974
1019,71	-8,87641
1019,95	-3,93641
1020,20	-4,02974
1020,44	-5,92974
1020,68	-7,04308
1020,92	-1,72308
1021,16	-2,10974
1021,41	-1,85641
1021,65	-8,62308
1021,89	-9,00974
1022,13	-12,14308
1022,37	-10,91641
1022,61	-12,45641
1022,86	-12,88974
1023,10	-7,65641
1023,34	-6,66974
1023,58	-3,82974
1023,82	-9,32974
1024,07	-7,34308
1024,31	-4,25641
1024,55	-3,52308
1024,79	-1,65641
1025,03	-7,74308
1025,27	-4,86308
1025,52	-10,14308
1025,76	-9,01641
1026,00	-7,48308
1026,24	-5,81641
1026,48	-6,64308
1026,73	-8,13641
1026,97	-1,33641
1027,21	1,73692
1027,45	2,05692
1027,69	-3,45641
1027,93	-2,24974
1028,18	-2,94974
1028,42	-0,75641
1028,66	-0,66974
1028,90	1,17026
1029,14	-0,36974
1029,38	-5,02974
1029,62	-3,55641
1029,87	-3,11641
1030,11	2,61026
1030,35	-3,65641
1030,59	-4,60308
1030,83	-9,81641
1031,07	-9,53641
1031,32	-11,25641
1031,56	-4,73641
1031,80	-1,33641
1032,04	2,85026
1032,28	-2,76974
1032,52	-2,43641
1032,76	-3,98974
1033,01	-4,14974
1033,25	-3,66974
1033,49	-4,23641
1033,73	-5,26308
1033,97	-10,40308
1034,21	-13,23641
1034,45	-13,56308
1034,70	-13,46974
1034,94	-9,10308
1035,18	15,95026
1035,42	18,88359
1035,66	22,51026
1035,90	2,21692
1036,14	-2,42974
1036,39	-3,76308
1036,63	-8,90308
1036,87	1,74359
1037,11	-1,76974
1037,35	1,03026
1037,59	-1,59641
1037,83	3,27026
1038,07	10,43692
1038,32	5,45026
1038,56	0,95026
1038,80	0,93026
1039,04	5,63692
1039,28	9,00359
1039,52	2,13026
1039,76	-2,77641
1040,00	-4,75641
1040,25	-7,62308
1040,49	-6,85641
1040,73	-7,19641
1040,97	-4,76308
1041,21	-1,89641
1041,45	-1,34974
1041,69	3,31692
1041,93	-1,52308
1042,17	-2,80308
1042,42	-9,34308
1042,66	-8,88974
1042,90	-5,86308
1043,14	-8,00974
1043,38	-4,54974
1043,62	-7,05641
1043,86	-4,00974
1044,10	-2,88308
1044,34	2,93026
1044,59	5,14359
1044,83	2,80359
1045,07	-3,18308
1045,31	-4,20308
1045,55	-5,98308
1045,79	-11,93641
1046,03	-9,54308
1046,27	-4,44308
1046,51	1,29026
1046,75	-4,27641
1047,00	-6,96308
1047,24	-5,57641
1047,48	-3,08308
1047,72	-2,84308
1047,96	-5,07641
1048,20	-2,79641
1048,44	-2,38308
1048,68	-3,78974
1048,92	-5,60974
1049,16	-10,54974
1049,40	-9,37641
1049,64	-11,75641
1049,89	-5,78308
1050,13	-4,68308
1050,37	3,50359
1050,61	3,33026
1050,85	6,07692
1051,09	0,40359
1051,33	-0,49641
1051,57	0,35026
1051,81	0,56359
1052,05	0,99026
1052,29	2,75026
1052,53	-0,98308
1052,77	4,79026
1053,02	-0,27641
1053,26	3,82359
1053,50	-2,27641
1053,74	-4,14974
1053,98	-3,86974
1054,22	-7,22974
1054,46	-5,77641
1054,70	-5,70308
1054,94	-7,16308
1055,18	-5,05641
1055,42	-2,55641
1055,66	0,35692
1055,90	-4,06974
1056,14	-5,34308
1056,38	-0,66974
1056,62	0,37026
1056,86	1,08359
1057,11	-2,09641
1057,35	-2,64308
1057,59	-9,74308
1057,83	-7,30308
1058,07	-2,49641
1058,31	8,09026
1058,55	8,19692
1058,79	4,22359
1059,03	-5,14308
1059,27	-5,92308
1059,51	-5,58974
1059,75	-2,84308
1059,99	-5,70974
1060,23	-5,45641
1060,47	1,33692
1060,71	4,30359
1060,95	-1,24308
1061,19	-8,08974
1061,43	-9,46974
1061,67	-1,38974
1061,91	0,63692
1062,15	-2,19641
1062,39	-6,16974
1062,64	-4,29641
1062,88	-2,25641
1063,12	0,59026
1063,36	5,15026
1063,60	11,34359
1063,84	25,31026
1064,08	56,77692
1064,32	121,33026
1064,56	164,44359
1064,80	152,62359
1065,04	105,65026
1065,28	58,18359
1065,52	40,89692
1065,76	22,97692
1066,00	18,29026
1066,24	12,36359
1066,48	10,92359
1066,72	7,97026
1066,96	4,27692
1067,20	-1,54974
1067,44	-2,50308
1067,68	-1,18308
1067,92	-1,50308
1068,16	0,28359
1068,40	2,25026
1068,64	5,41692
1068,88	4,70359
1069,12	0,44359
1069,36	1,70359
1069,60	-2,88308
1069,84	4,77692
1070,08	2,61692
1070,32	6,22359
1070,56	-0,64974
1070,80	-2,52308
1071,04	7,51026
1071,28	8,48359
1071,52	11,44359
1071,76	-1,27641
1072,00	1,61692
1072,24	-2,17641
1072,48	-0,58974
1072,72	-3,33641
1072,96	2,13026
1073,20	-2,92974
1073,44	1,39692
1073,68	-0,74308
1073,92	4,03026
1074,16	-2,31641
1074,40	-2,78974
1074,64	-5,60974
1074,88	-5,46308
1075,12	-4,67641
1075,36	-4,21641
1075,60	-1,24308
1075,84	-3,70974
1076,08	-3,14308
1076,32	-5,22974
1076,56	-6,60974
1076,80	-6,61641
1077,04	-10,85641
1077,28	-10,54308
1077,52	-13,76308
1077,76	-14,60974
1078,00	-11,96308
1078,24	-2,60974
1078,48	0,99026
1078,71	-0,51641
1078,95	-5,11641
1079,19	-7,65641
1079,43	-13,06308
1079,67	-13,81641
1079,91	-9,55641
1080,15	-6,04974
1080,39	-7,75641
1080,63	-6,95641
1080,87	-5,68308
1081,11	-4,48308
1081,35	-4,63641
1081,59	-1,52974
1081,83	-1,46308
1082,07	-5,73641
1082,31	-6,88974
1082,55	-7,36308
1082,79	-5,47641
1083,03	-4,36308
1083,27	-8,37641
1083,51	-6,32974
1083,75	-7,33641
1083,99	0,32359
1084,22	-1,32974
1084,46	-2,34974
1084,70	-1,45641
1084,94	-2,72974
1085,18	-3,27641
1085,42	-9,81641
1085,66	-8,52308
1085,90	-8,20308
1086,14	-3,34974
1086,38	3,21692
1086,62	-0,50974
1086,86	2,23692
1087,10	-3,18974
1087,34	0,43692
1087,58	-6,46974
1087,82	-7,92974
1088,06	-4,30308
1088,29	2,18359
1088,53	-0,10308
1088,77	-4,54308
1089,01	-7,40308
1089,25	-4,49641
1089,49	-2,59641
1089,73	-4,99641
1089,97	-2,76974
1090,21	-5,00308
1090,45	-3,35641
1090,69	-7,03641
1090,93	-8,21641
1091,17	-11,01641
1091,40	-4,23641
1091,64	-4,52974
1091,88	-3,53641
1092,12	-9,89641
1092,36	-7,94308
1092,60	-7,94974
1092,84	-4,73641
1093,08	-1,38308
1093,32	1,79026
1093,56	2,44359
1093,80	4,77026
1094,04	1,75026
1094,27	-1,92308
1094,51	-2,77641
1094,75	-0,39641
1094,99	0,92359
1095,23	-1,80308
1095,47	24,09026
1095,71	23,75026
1095,95	22,67692
1096,19	-5,12308
1096,43	-4,02308
1096,66	-8,65641
1096,90	-9,88974
1097,14	-10,02974
1097,38	-10,04308
1097,62	-7,29641
1097,86	-7,44308
1098,10	-3,62974
1098,34	-2,10974
1098,58	-5,34308
1098,81	-3,91641
1099,05	-3,98974
1099,29	5,47026
1099,53	8,12359
1099,77	6,86359
1100,01	-2,10974
1100,25	-4,36308
1100,49	-4,20308
1100,73	3,42359
1100,96	8,29026
1101,20	12,08359
1101,44	2,59692
1101,68	-2,07641
1101,92	-7,09641
1102,16	-3,96974
1102,40	-2,29641
1102,64	0,94359
1102,87	2,35692
1103,11	-0,51641
1103,35	-2,43641
1103,59	-3,81641
1103,83	-4,29641
1104,07	-0,85641
1104,31	-0,31641
1104,55	-0,48308
1104,78	-7,74308
1105,02	-4,22974
1105,26	-6,74308
1105,50	-1,68974
1105,74	-7,92974
1105,98	-3,36308
1106,22	0,35026
1106,45	1,81692
1106,69	-2,74308
1106,93	-6,43641
1107,17	-5,95641
1107,41	-4,84974
1107,65	-6,29641
1107,89	-4,20974
1108,12	-2,59641
1108,36	-7,59641
1108,60	-7,60308
1108,84	-6,72974
1109,08	-5,24308
1109,32	-4,89641
1109,55	-7,80974
1109,79	0,91692
1110,03	-2,12308
1110,27	0,95026
1110,51	-6,22974
1110,75	-7,41641
1110,99	-9,20974
1111,22	-10,53641
1111,46	-10,14974
1111,70	-10,90974
1111,94	-13,80308
1112,18	-15,59641
1112,42	-13,96974
1112,65	-8,68308
1112,89	-4,00974
1113,13	-5,88974
1113,37	-4,44308
1113,61	-3,97641
1113,85	3,27026
1114,08	0,40359
1114,32	-3,42308
1114,56	-5,76308
1114,80	-4,44308
1115,04	0,71026
1115,28	-3,80308
1115,51	-2,06308
1115,75	-2,78308
1115,99	-2,02308
1116,23	-3,28974
1116,47	-1,74308
1116,70	-2,01641
1116,94	-4,56974
1117,18	-4,56308
1117,42	-5,91641
1117,66	-2,16974
1117,90	-8,96308
1118,13	-9,82308
1118,37	-16,41641
1118,61	-14,82974
1118,85	-11,48308
1119,09	-10,22974
1119,32	-5,96974
1119,56	-5,19641
1119,80	-5,90308
1120,04	-10,30308
1120,28	-7,37641
1120,51	-6,26974
1120,75	-3,72308
1120,99	-8,92308