194,56	-55,29846
194,83	-55,29846
195,09	-38,09846
195,36	-20,19179
195,63	-1,99846
195,90	-2,18513
196,17	-4,56513
196,44	-9,53846
196,71	-5,97846
196,97	-2,33846
197,24	7,30154
197,51	0,22821
197,78	2,74821
198,05	1,64154
198,32	5,90154
198,59	1,22154
198,86	0,83487
199,12	-0,38513
199,39	2,55487
199,66	4,28821
199,93	8,12821
200,20	6,63487
200,47	0,02821
200,74	-0,39846
201,00	-1,41179
201,27	1,55487
201,54	-2,59846
201,81	3,61487
202,08	-1,33846
202,35	2,26821
202,61	0,14821
202,88	14,25487
203,15	9,92821
203,42	6,78821
203,69	-1,92513
203,96	0,34154
204,23	1,83487
204,49	-0,67846
204,76	5,85487
205,03	7,76821
205,30	9,36821
205,57	3,26154
205,84	4,89487
206,10	10,49487
206,37	14,14821
206,64	15,02821
206,91	13,87487
207,18	9,02154
207,45	8,39487
207,71	4,34821
207,98	9,06154
208,25	4,04821
208,52	1,94821
208,79	-0,76513
209,06	1,84821
209,32	4,94154
209,59	7,13487
209,86	-0,66513
210,13	1,16154
210,40	3,40821
210,67	12,99487
210,93	10,95487
211,20	4,53487
211,47	2,14821
211,74	8,46154
212,01	8,92821
212,28	12,75487
212,54	12,90154
212,81	13,82821
213,08	10,60821
213,35	8,60821
213,62	12,34821
213,88	15,76154
214,15	11,42154
214,42	7,89487
214,69	7,43487
214,96	9,22154
215,23	16,62821
215,49	15,86821
215,76	14,56154
216,03	13,10821
216,30	7,22821
216,57	4,41487
216,83	0,96154
217,10	3,38821
217,37	7,88821
217,64	15,68154
217,91	18,52154
218,17	10,61487
218,44	-2,37179
218,71	-2,85179
218,98	3,52821
219,25	13,41487
219,51	14,70821
219,78	14,24821
220,05	8,72154
220,32	5,20154
220,59	5,99487
220,85	7,03487
221,12	11,20154
221,39	16,00821
221,66	15,07487
221,93	9,75487
222,19	1,84154
222,46	6,91487
222,73	11,14154
223,00	17,30154
223,27	11,96821
223,53	11,40821
223,80	9,40154
224,07	13,24821
224,34	16,85487
224,61	16,00821
224,87	9,77487
225,14	1,81487
225,41	1,82154
225,68	9,40154
225,94	13,98821
226,21	14,84154
226,48	8,78821
226,75	9,37487
227,02	4,38821
227,28	7,42821
227,55	2,51487
227,82	5,87487
228,09	-1,63846
228,36	-1,69846
228,62	-0,26513
228,89	6,49487
229,16	9,29487
229,43	8,02154
229,69	7,44821
229,96	8,16821
230,23	5,72154
230,50	7,79487
230,76	4,62154
231,03	5,65487
231,30	5,03487
231,57	8,28154
231,84	8,49487
232,10	5,58154
232,37	4,70154
232,64	2,52154
232,91	2,69487
233,17	5,48821
233,44	7,64821
233,71	8,46821
233,98	2,35487
234,24	2,75487
234,51	9,34821
234,78	13,88821
235,05	17,52821
235,31	12,38154
235,58	10,23487
235,85	4,82154
236,12	-0,19846
236,39	6,94154
236,65	10,08154
236,92	24,50821
237,19	21,34154
237,46	30,98154
237,72	21,48821
237,99	15,97487
238,26	6,23487
238,53	11,48154
238,79	12,32821
239,06	11,64154
239,33	3,34821
239,60	1,74821
239,86	-1,89846
240,13	-1,41846
240,40	-2,30513
240,67	6,93487
240,93	9,08821
241,20	9,65487
241,47	2,56154
241,73	2,56821
242,00	3,07487
242,27	5,36821
242,54	5,80154
242,80	6,86154
243,07	7,58154
243,34	7,16821
243,61	16,90821
243,87	12,12154
244,14	10,67487
244,41	0,56154
244,68	2,80154
244,94	4,55487
245,21	6,07487
245,48	9,84154
245,74	7,07487
246,01	10,70821
246,28	6,77487
246,55	6,82154
246,81	0,43487
247,08	2,87487
247,35	5,70154
247,62	6,51487
247,88	0,06154
248,15	2,37487
248,42	12,14821
248,68	15,60821
248,95	10,82821
249,22	3,70154
249,49	5,62154
249,75	6,16821
250,02	7,42154
250,29	6,24821
250,56	9,48821
250,82	13,22821
251,09	13,51487
251,36	15,55487
251,62	7,51487
251,89	8,32821
252,16	12,18154
252,43	20,07487
252,69	18,14821
252,96	9,64154
253,23	6,67487
253,49	9,00154
253,76	11,65487
254,03	17,49487
254,29	17,64821
254,56	17,64154
254,83	10,05487
255,10	3,80154
255,36	2,20821
255,63	6,07487
255,90	12,62821
256,16	13,71487
256,43	5,75487
256,70	7,40821
256,96	6,10154
257,23	9,76154
257,50	7,30154
257,77	11,16821
258,03	11,16821
258,30	13,94821
258,57	7,16821
258,83	8,42821
259,10	5,38154
259,37	6,44821
259,63	1,90154
259,90	5,87487
260,17	6,02154
260,43	9,55487
260,70	5,79487
260,97	12,04821
261,24	12,47487
261,50	12,93487
261,77	8,65487
262,04	6,31487
262,30	3,66821
262,57	1,87487
262,84	5,17487
263,10	12,90821
263,37	17,38821
263,64	12,66821
263,90	5,58154
264,17	2,80154
264,44	3,07487
264,70	2,58821
264,97	4,41487
265,24	13,46821
265,50	17,30821
265,77	18,46154
266,04	12,33487
266,30	9,38821
266,57	3,69487
266,84	2,86821
267,10	2,67487
267,37	11,30154
267,64	13,13487
267,90	18,34154
268,17	14,12154
268,44	11,02154
268,70	4,41487
268,97	-1,09846
269,24	0,58154
269,50	4,43487
269,77	9,02154
270,04	12,80154
270,30	9,44154
270,57	11,73487
270,84	3,90154
271,10	8,88821
271,37	4,59487
271,64	13,79487
271,90	21,48821
272,17	22,43487
272,44	17,62821
272,70	9,26154
272,97	6,89487
273,24	5,03487
273,50	4,27487
273,77	9,46821
274,04	10,67487
274,30	9,24821
274,57	5,06154
274,84	8,87487
275,10	10,56154
275,37	11,08154
275,64	5,42154
275,90	0,54821
276,17	-0,65846
276,43	3,15487
276,70	3,33487
276,97	2,28154
277,23	6,23487
277,50	7,01487
277,77	5,66821
278,03	-5,69179
278,30	-1,97846
278,57	-1,82513
278,83	1,78821
279,10	2,72154
279,37	1,49487
279,63	2,44154
279,90	3,87487
280,16	9,48154
280,43	13,63487
280,70	11,85487
280,96	16,71487
281,23	16,46154
281,50	11,74154
281,76	6,05487
282,03	4,61487
282,29	7,57487
282,56	6,26821
282,83	3,54154
283,09	0,20821
283,36	3,92821
283,63	4,42821
283,89	7,92154
284,16	7,42821
284,42	10,42821
284,69	10,62821
284,96	8,05487
285,22	5,74154
285,49	7,09487
285,76	8,29487
286,02	14,87487
286,29	16,38821
286,55	15,73487
286,82	9,23487
287,09	3,40821
287,35	6,83487
287,62	3,90154
287,88	5,74821
288,15	-0,92513
288,42	-1,73846
288,68	1,59487
288,95	5,10821
289,22	11,84821
289,48	10,24154
289,75	12,12154
290,01	11,51487
290,28	5,86154
290,55	5,13487
290,81	0,47487
291,08	6,88154
291,34	9,84154
291,61	14,47487
291,88	13,30154
292,14	5,62821
292,41	4,77487
292,67	10,40821
292,94	15,95487
293,21	14,53487
293,47	11,36154
293,74	9,95487
294,00	4,61487
294,27	-1,33179
294,54	-3,81179
294,80	1,58154
295,07	8,40154
295,33	7,46821
295,60	8,15487
295,86	5,03487
296,13	4,08821
296,40	0,40821
296,66	2,61487
296,93	13,38821
297,19	19,10821
297,46	16,04821
297,73	11,90154
297,99	7,28154
298,26	3,70821
298,52	-1,32513
298,79	-0,78513
299,05	-3,58513
299,32	1,88821
299,59	6,60154
299,85	11,88821
300,12	7,38154
300,38	3,06821
300,65	0,92154
300,92	5,19487
301,18	4,06821
301,45	9,61487
301,71	4,87487
301,98	9,44821
302,24	11,64154
302,51	14,80154
302,78	13,98154
303,04	8,40821
303,31	9,68154
303,57	12,44821
303,84	13,46821
304,10	7,36154
304,37	6,00821
304,63	10,19487
304,90	16,87487
305,17	18,49487
305,43	13,76821
305,70	18,54154
305,96	17,08821
306,23	17,32821
306,49	15,38154
306,76	15,02154
307,03	15,44154
307,29	10,14821
307,56	14,10821
307,82	16,87487
308,09	19,40154
308,35	16,22821
308,62	19,64821
308,88	17,02821
309,15	18,97487
309,42	16,66154
309,68	18,56821
309,95	18,94821
310,21	13,95487
310,48	15,00821
310,74	14,78821
311,01	23,72154
311,27	20,72154
311,54	17,00821
311,80	11,30821
312,07	17,05487
312,34	21,66154
312,60	20,12154
312,87	19,74154
313,13	23,12154
313,40	24,26154
313,66	25,24154
313,93	17,64821
314,19	25,18154
314,46	21,99487
314,72	27,58821
314,99	21,76821
315,25	20,30154
315,52	13,70154
315,78	12,02154
316,05	11,95487
316,32	14,28821
316,58	14,90821
316,85	18,70821
317,11	19,47487
317,38	19,33487
317,64	18,02821
317,91	17,88821
318,17	18,93487
318,44	18,72154
318,70	15,39487
318,97	16,68154
319,23	21,64154
319,50	23,53487
319,76	22,02154
320,03	17,30821
320,29	20,16821
320,56	21,44154
320,82	22,62154
321,09	23,18154
321,36	26,44154
321,62	25,56821
321,89	22,41487
322,15	19,24821
322,42	19,62821
322,68	25,48821
322,95	30,26821
323,21	35,11487
323,48	33,39487
323,74	31,88154
324,01	30,94154
324,27	30,54154
324,54	31,08154
324,80	36,08154
325,07	40,40821
325,33	44,88154
325,60	39,81487
325,86	40,30154
326,13	37,40154
326,39	40,32154
326,66	38,13487
326,92	39,34821
327,19	39,78154
327,45	40,50821
327,72	43,40154
327,98	44,36154
328,25	49,08821
328,51	46,78821
328,78	47,87487
329,04	47,68821
329,31	46,78821
329,57	44,14821
329,84	42,63487
330,10	45,57487
330,37	51,35487
330,63	50,95487
330,90	50,70154
331,16	51,10154
331,43	53,28154
331,69	58,30821
331,96	58,10821
332,22	57,20821
332,49	55,15487
332,75	49,88821
333,01	44,74154
333,28	38,42154
333,54	36,52154
333,81	42,94154
334,07	44,16821
334,34	42,96821
334,60	40,23487
334,87	41,56154
335,13	48,54821
335,40	46,40821
335,66	43,61487
335,93	39,00821
336,19	39,11487
336,46	43,93487
336,72	41,15487
336,99	42,25487
337,25	39,72154
337,52	41,92154
337,78	44,96154
338,05	41,96821
338,31	46,14821
338,57	47,95487
338,84	48,94154
339,10	47,98821
339,37	43,42821
339,63	47,69487
339,90	47,95487
340,16	48,93487
340,43	45,54821
340,69	48,20821
340,96	45,15487
341,22	49,66821
341,49	43,52154
341,75	44,08821
342,01	42,38154
342,28	46,76154
342,54	56,36154
342,81	60,12154
343,07	63,09487
343,34	58,11487
343,60	58,30821
343,87	51,92154
344,13	51,11487
344,40	53,86821
344,66	59,37487
344,92	69,72821
345,19	67,70821
345,45	71,70154
345,72	73,29487
345,98	78,86821
346,25	78,86154
346,51	76,85487
346,78	73,55487
347,04	78,57487
347,30	75,31487
347,57	78,09487
347,83	74,26821
348,10	77,78821
348,36	79,19487
348,63	82,63487
348,89	82,03487
349,15	81,08154
349,42	78,07487
349,68	75,36154
349,95	73,43487
350,21	77,08154
350,48	79,80821
350,74	82,86821
351,01	79,14154
351,27	80,22154
351,53	78,01487
351,80	77,46821
352,06	78,48821
352,33	80,35487
352,59	81,29487
352,86	82,28154
353,12	84,58821
353,38	93,22821
353,65	87,53487
353,91	84,20821
354,18	79,22154
354,44	87,90821
354,70	84,68154
354,97	75,13487
355,23	66,19487
355,50	61,20821
355,76	64,08154
356,03	62,32154
356,29	69,55487
356,55	69,39487
356,82	67,57487
357,08	63,44821
357,35	62,91487
357,61	71,24821
357,87	74,62154
358,14	76,20154
358,40	71,48154
358,67	75,13487
358,93	78,10154
359,20	85,50154
359,46	87,74154
359,72	91,10821
359,99	92,67487
360,25	103,36821
360,52	113,40154
360,78	119,14154
361,04	115,54154
361,31	104,80154
361,57	93,53487
361,84	89,02154
362,10	89,35487
362,36	92,40821
362,63	92,14154
362,89	92,26821
363,16	92,97487
363,42	93,34154
363,68	90,93487
363,95	90,46154
364,21	83,10154
364,47	85,74154
364,74	83,82821
365,00	85,21487
365,27	79,88154
365,53	79,34821
365,79	82,79487
366,06	88,59487
366,32	94,22821
366,59	87,70154
366,85	85,26821
367,11	78,50821
367,38	82,22154
367,64	81,06154
367,91	81,16154
368,17	78,72154
368,43	74,59487
368,70	77,10154
368,96	76,26154
369,22	85,03487
369,49	84,38821
369,75	83,80821
370,02	78,52154
370,28	74,43487
370,54	76,07487
370,81	73,52821
371,07	73,68821
371,33	80,55487
371,60	71,74821
371,86	68,00821
372,13	57,48154
372,39	62,46821
372,65	66,59487
372,92	69,88154
373,18	75,24154
373,44	73,02821
373,71	65,26821
373,97	58,75487
374,23	58,68821
374,50	68,62821
374,76	71,22154
375,03	72,60821
375,29	69,52154
375,55	69,60154
375,82	66,28821
376,08	63,78154
376,34	71,83487
376,61	69,52154
376,87	65,94154
377,13	53,44821
377,40	57,33487
377,66	67,22821
377,92	75,27487
378,19	79,12821
378,45	78,15487
378,72	72,86154
378,98	71,27487
379,24	66,21487
379,51	68,86154
379,77	66,14821
380,03	58,07487
380,30	61,85487
380,56	62,20154
380,82	71,05487
381,09	65,04821
381,35	66,30154
381,61	63,15487
381,88	68,01487
382,14	70,82821
382,40	75,70821
382,67	72,19487
382,93	66,92821
383,19	59,96154
383,46	59,21487
383,72	60,45487
383,98	61,69487
384,25	65,89487
384,51	68,86154
384,77	68,26154
385,04	68,16154
385,30	62,16821
385,56	71,60821
385,83	75,00154
386,09	80,94821
386,35	78,37487
386,62	75,58821
386,88	79,26821
387,14	79,17487
387,41	74,92821
387,67	71,83487
387,93	70,14154
388,20	71,71487
388,46	68,98821
388,72	68,82154
388,99	67,03487
389,25	66,89487
389,51	63,12154
389,78	62,54821
390,04	64,86154
390,30	67,98154
390,56	67,10821
390,83	62,90154
391,09	64,96821
391,35	65,44821
391,62	69,75487
391,88	71,17487
392,14	75,71487
392,41	76,54154
392,67	70,28154
392,93	69,86821
393,20	63,36154
393,46	65,29487
393,72	58,61487
393,99	57,51487
394,25	59,80154
394,51	59,10154
394,77	65,70154
395,04	63,47487
395,30	68,70821
395,56	70,14154
395,83	68,43487
396,09	67,94154
396,35	67,44821
396,62	66,06154
396,88	70,47487
397,14	64,98154
397,40	76,16154
397,67	75,28821
397,93	75,80821
398,19	71,68154
398,46	69,82821
398,72	72,86154
398,98	69,89487
399,24	71,40154
399,51	71,61487
399,77	75,38821
400,03	71,39487
400,30	66,72154
400,56	74,86821
400,82	81,06154
401,08	82,78154
401,35	75,54821
401,61	78,82821
401,87	80,97487
402,14	85,22154
402,40	82,29487
402,66	88,12821
402,92	81,92154
403,19	80,88821
403,45	83,67487
403,71	86,00821
403,98	88,96154
404,24	84,94154
404,50	83,92154
404,76	86,62154
405,03	89,64821
405,29	93,34154
405,55	89,90154
405,81	92,60821
406,08	89,24154
406,34	88,84821
406,60	84,83487
406,87	88,45487
407,13	93,14821
407,39	90,78154
407,65	86,83487
407,92	80,36154
408,18	78,08154
408,44	78,30154
408,70	77,59487
408,97	80,16154
409,23	81,74154
409,49	81,48154
409,75	79,24154
410,02	76,28821
410,28	73,38821
410,54	73,88821
410,80	76,62154
411,07	79,48154
411,33	83,68821
411,59	76,73487
411,85	82,71487
412,12	83,46154
412,38	88,24154
412,64	82,34821
412,90	75,84821
413,17	74,02821
413,43	71,76154
413,69	74,38154
413,95	73,48154
414,22	72,71487
414,48	65,06154
414,74	60,57487
415,00	60,19487
415,27	62,07487
415,53	68,04154
415,79	67,20821
416,05	70,48821
416,32	69,96821
416,58	77,37487
416,84	81,91487
417,10	78,12821
417,37	74,34821
417,63	70,83487
417,89	75,99487
418,15	73,14821
418,41	70,58821
418,68	67,97487
418,94	71,20154
419,20	69,04821
419,46	72,15487
419,73	70,46821
419,99	75,16154
420,25	72,73487
420,51	86,60821
420,78	87,69487
421,04	81,92821
421,30	64,47487
421,56	64,23487
421,82	70,90821
422,09	77,99487
422,35	75,42154
422,61	76,06154
422,87	100,04821
423,14	95,66821
423,40	95,78154
423,66	66,92821
423,92	77,14821
424,18	75,89487
424,45	78,36154
424,71	74,04821
424,97	79,34821
425,23	79,17487
425,49	80,34821
425,76	84,52154
426,02	94,06821
426,28	100,92821
426,54	100,89487
426,81	101,30154
427,07	100,79487
427,33	99,32821
427,59	100,76154
427,85	104,26154
428,12	113,63487
428,38	114,13487
428,64	107,12154
428,90	93,32154
429,16	87,22154
429,43	85,48154
429,69	84,35487
429,95	80,63487
430,21	80,56154
430,47	85,05487
430,74	79,97487
431,00	74,93487
431,26	66,50154
431,52	68,48154
431,78	70,84821
432,05	74,34154
432,31	81,74821
432,57	77,47487
432,83	72,42154
433,09	65,42154
433,35	67,26821
433,62	65,87487
433,88	63,65487
434,14	63,78821
434,40	64,54821
434,66	67,11487
434,93	67,19487
435,19	69,74154
435,45	69,11487
435,71	77,31487
435,97	81,10821
436,23	83,39487
436,50	82,14821
436,76	83,43487
437,02	88,01487
437,28	85,58154
437,54	88,91487
437,81	86,96821
438,07	89,81487
438,33	88,94821
438,59	88,18154
438,85	88,21487
439,11	79,59487
439,38	81,86154
439,64	76,30821
439,90	79,94821
440,16	77,97487
440,42	78,00154
440,68	79,80154
440,95	74,73487
441,21	79,96821
441,47	83,03487
441,73	85,82154
441,99	84,84821
442,25	81,74154
442,52	82,95487
442,78	77,16154
443,04	75,42821
443,30	72,11487
443,56	76,02154
443,82	75,87487
444,08	79,42821
444,35	76,66821
444,61	75,11487
444,87	66,38154
445,13	69,89487
445,39	63,83487
445,65	69,01487
445,92	58,41487
446,18	62,15487
446,44	63,40154
446,70	71,64821
446,96	77,08821
447,22	79,48821
447,48	80,17487
447,75	80,32821
448,01	84,23487
448,27	78,60154
448,53	76,37487
448,79	74,27487
449,05	81,72821
449,31	81,40821
449,58	82,56821
449,84	85,96821
450,10	94,53487
450,36	93,63487
450,62	95,12821
450,88	95,94821
451,14	101,32821
451,41	102,11487
451,67	99,38154
451,93	98,10154
452,19	98,43487
452,45	103,48821
452,71	103,67487
452,97	99,40821
453,23	102,94154
453,50	104,33487
453,76	108,98821
454,02	104,17487
454,28	104,79487
454,54	106,44154
454,80	107,96821
455,06	101,92154
455,32	94,40154
455,59	83,97487
455,85	82,76821
456,11	80,71487
456,37	81,72154
456,63	81,10821
456,89	84,46154
457,15	92,74154
457,41	95,98821
457,68	101,99487
457,94	99,50154
458,20	103,50821
458,46	105,22821
458,72	110,27487
458,98	118,88821
459,24	123,97487
459,50	125,40154
459,76	115,37487
460,03	98,90154
460,29	91,38154
460,55	89,28821
460,81	92,38821
461,07	87,59487
461,33	89,87487
461,59	94,02821
461,85	90,80821
462,11	86,02154
462,37	81,54154
462,64	85,54154
462,90	84,57487
463,16	85,65487
463,42	95,46154
463,68	104,30154
463,94	112,17487
464,20	119,04821
464,46	126,52154
464,72	139,86821
464,98	144,10154
465,24	155,80154
465,51	161,27487
465,77	169,80821
466,03	161,52821
466,29	150,61487
466,55	133,78154
466,81	126,87487
467,07	123,13487
467,33	123,13487
467,59	128,14154
467,85	125,59487
468,11	123,39487
468,38	113,93487
468,64	115,87487
468,90	110,76821
469,16	114,03487
469,42	111,27487
469,68	115,00821
469,94	119,75487
470,20	123,16154
470,46	122,62821
470,72	118,44821
470,98	111,22821
471,24	111,35487
471,50	107,46821
471,77	106,56154
472,03	104,08154
472,29	96,14154
472,55	94,45487
472,81	94,62821
473,07	96,95487
473,33	90,43487
473,59	87,68154
473,85	85,41487
474,11	87,83487
474,37	85,84154
474,63	85,76821
474,89	91,90154
475,15	98,54154
475,41	108,34154
475,68	109,30821
475,94	108,32154
476,20	105,73487
476,46	108,24821
476,72	107,48154
476,98	109,44154
477,24	108,06154
477,50	108,60154
477,76	109,31487
478,02	113,29487
478,28	119,43487
478,54	121,88821
478,80	127,25487
479,06	132,76821
479,32	142,34154
479,58	140,42821
479,84	139,32154
480,10	133,14154
480,36	136,78154
480,63	140,75487
480,89	134,96821
481,15	132,30154
481,41	124,42154
481,67	129,50154
481,93	128,14821
482,19	129,30821
482,45	130,32821
482,71	129,77487
482,97	128,10821
483,23	127,80154
483,49	129,02821
483,75	135,40821
484,01	136,63487
484,27	136,55487
484,53	140,21487
484,79	154,86154
485,05	161,01487
485,31	162,92154
485,57	153,83487
485,83	157,93487
486,09	158,52154
486,35	162,74154
486,61	163,03487
486,87	167,38821
487,13	174,39487
487,39	180,58154
487,65	186,72821
487,91	185,79487
488,17	182,67487
488,43	173,19487
488,70	174,60821
488,96	178,88821
489,22	183,74154
489,48	185,32821
489,74	188,32154
490,00	196,23487
490,26	199,10154
490,52	208,94154
490,78	214,74821
491,04	222,08821
491,30	228,43487
491,56	237,51487
491,82	242,35487
492,08	244,64821
492,34	250,19487
492,60	258,14154
492,86	260,15487
493,12	261,27487
493,38	267,15487
493,64	275,34821
493,90	277,41487
494,16	268,79487
494,42	264,77487
494,68	263,69487
494,94	274,00154
495,20	278,96821
495,46	278,06154
495,72	270,80154
495,98	266,42154
496,24	261,80821
496,50	261,77487
496,76	265,82821
497,02	270,18154
497,28	271,26821
497,54	272,40821
497,80	273,08821
498,06	269,92821
498,32	258,09487
498,58	254,91487
498,84	253,32154
499,10	254,76154
499,36	256,99487
499,62	260,99487
499,88	267,01487
500,14	269,86821
500,40	270,80821
500,66	275,88154
500,92	282,56154
501,18	286,96154
501,44	286,32821
501,69	286,43487
501,95	294,99487
502,21	300,90821
502,47	298,38154
502,73	288,90154
502,99	284,07487
503,25	283,48154
503,51	286,93487
503,77	287,06154
504,03	288,92821
504,29	292,52821
504,55	294,80821
504,81	291,65487
505,07	284,01487
505,33	281,14154
505,59	282,57487
505,85	291,72154
506,11	296,70821
506,37	303,38821
506,63	303,59487
506,89	306,64821
507,15	311,81487
507,41	315,23487
507,67	319,33487
507,93	321,84154
508,19	323,28821
508,45	324,91487
508,71	319,85487
508,97	316,65487
509,23	320,24154
509,49	341,48154
509,74	365,76154
510,00	378,46154
510,26	378,43487
510,52	373,66821
510,78	388,45487
511,04	404,32154
511,30	409,30154
511,56	378,52821
511,82	344,47487
512,08	321,98154
512,34	326,90154
512,60	327,70821
512,86	336,17487
513,12	341,28821
513,38	359,42821
513,64	390,59487
513,90	431,00154
514,16	488,66821
514,42	539,00821
514,67	579,03487
514,93	601,57487
515,19	611,15487
515,45	624,36821
515,71	636,11487
515,97	617,66821
516,23	555,32821
516,49	473,42821
516,75	419,31487
517,01	394,71487
517,27	374,81487
517,53	355,82821
517,79	341,68821
518,05	334,47487
518,31	335,72821
518,56	338,67487
518,82	346,21487
519,08	350,06821
519,34	363,07487
519,60	379,99487
519,86	417,18154
520,12	458,19487
520,38	518,64821
520,64	592,24154
520,90	669,92821
521,16	727,09487
521,42	754,51487
521,68	763,97487
521,93	788,22154
522,19	811,36821
522,45	793,38154
522,71	695,00154
522,97	571,35487
523,23	469,91487
523,49	421,27487
523,75	385,37487
524,01	360,42154
524,27	332,98821
524,53	316,22821
524,79	301,73487
525,04	290,10154
525,30	274,56821
525,56	263,25487
525,82	252,52154
526,08	246,15487
526,34	232,55487
526,60	231,33487
526,86	222,38821
527,12	222,90821
527,38	215,66154
527,63	217,19487
527,89	221,82154
528,15	231,18154
528,41	241,29487
528,67	252,66821
528,93	264,28154
529,19	265,64154
529,45	264,68821
529,71	267,32821
529,97	273,02821
530,22	267,15487
530,48	249,87487
530,74	232,89487
531,00	221,10154
531,26	215,37487
531,52	207,10154
531,78	198,17487
532,04	192,16154
532,30	186,44821
532,55	196,27487
532,81	195,39487
533,07	192,66821
533,33	181,92821
533,59	174,64154
533,85	172,46821
534,11	180,42154
534,37	188,33487
534,62	195,82821
534,88	186,55487
535,14	180,16821
535,40	178,70821
535,66	183,46821
535,92	188,36821
536,18	192,62154
536,44	190,57487
536,69	183,04821
536,95	175,57487
537,21	173,26154
537,47	179,15487
537,73	183,80821
537,99	182,01487
538,25	179,96154
538,51	176,88821
538,76	177,58154
539,02	177,80154
539,28	182,66154
539,54	184,94154
539,80	184,62821
540,06	181,26821
540,32	182,85487
540,57	183,13487
540,83	183,72154
541,09	176,50154
541,35	170,95487
541,61	165,96154
541,87	161,84154
542,13	166,17487
542,38	168,94821
542,64	172,56154
542,90	170,34154
543,16	162,16821
543,42	163,17487
543,68	161,22821
543,94	165,00821
544,19	164,51487
544,45	164,96821
544,71	162,30821
544,97	161,73487
545,23	155,08821
545,49	152,71487
545,74	142,31487
546,00	146,16821
546,26	138,08154
546,52	147,61487
546,78	147,30821
547,04	152,83487
547,29	148,10821
547,55	142,56154
547,81	141,17487
548,07	139,02154
548,33	137,68154
548,59	138,40821
548,84	137,87487
549,10	136,19487
549,36	134,28821
549,62	133,71487
549,88	135,46154
550,14	134,25487
550,39	132,20821
550,65	133,89487
550,91	136,55487
551,17	137,78154
551,43	137,37487
551,69	137,28821
551,94	143,16154
552,20	146,11487
552,46	149,42154
552,72	147,70821
552,98	148,40154
553,24	149,36821
553,49	150,74154
553,75	153,03487
554,01	156,25487
554,27	159,85487
554,53	163,40154
554,78	160,40154
555,04	153,86154
555,30	146,87487
555,56	139,86154
555,82	142,96821
556,07	143,24821
556,33	145,41487
556,59	140,42821
556,85	138,62154
557,11	142,09487
557,37	142,64154
557,62	135,53487
557,88	128,71487
558,14	131,64154
558,40	130,82154
558,66	130,51487
558,91	121,96154
559,17	126,26154
559,43	129,19487
559,69	128,91487
559,95	125,66154
560,20	120,90154
560,46	128,68154
560,72	133,78821
560,98	142,41487
561,24	133,71487
561,49	131,06154
561,75	126,39487
562,01	131,50154
562,27	134,84821
562,52	134,28821
562,78	134,31487
563,04	131,53487
563,30	127,26821
563,56	123,02154
563,81	124,46154
564,07	129,45487
564,33	137,64154
564,59	132,24821
564,85	127,34821
565,10	129,31487
565,36	132,14154
565,62	139,84154
565,88	128,05487
566,13	128,06154
566,39	123,17487
566,65	130,50821
566,91	135,89487
567,17	133,18821
567,42	137,26821
567,68	132,84154
567,94	138,98821
568,20	133,18154
568,45	136,99487
568,71	136,53487
568,97	138,30154
569,23	147,41487
569,49	151,49487
569,74	155,38154
570,00	143,54821
570,26	146,38821
570,52	149,62821
570,77	154,53487
571,03	150,28154
571,29	141,69487
571,55	137,76154
571,80	127,08154
572,06	121,05487
572,32	115,61487
572,58	126,20821
572,83	131,94154
573,09	128,47487
573,35	122,60154
573,61	117,28821
573,86	118,87487
574,12	113,30821
574,38	116,78154
574,64	116,64821
574,89	122,19487
575,15	128,52154
575,41	129,29487
575,67	128,82821
575,92	120,58821
576,18	125,94154
576,44	127,05487
576,70	132,48154
576,95	134,88154
577,21	146,19487
577,47	158,65487
577,73	173,07487
577,98	175,72154
578,24	177,48154
578,50	185,25487
578,76	196,84154
579,01	187,12154
579,27	162,03487
579,53	143,00154
579,79	133,18821
580,04	128,47487
580,30	115,26821
580,56	110,58821
580,81	108,04154
581,07	109,22154
581,33	107,59487
581,59	108,55487
581,84	112,58154
582,10	118,20154
582,36	119,47487
582,62	117,82154
582,87	118,57487
583,13	125,48821
583,39	125,29487
583,64	125,69487
583,90	116,60154
584,16	116,74154
584,42	113,52154
584,67	114,30154
584,93	115,00821
585,19	116,58154
585,45	117,85487
585,70	114,48821
585,96	116,44821
586,22	114,49487
586,47	113,61487
586,73	112,27487
586,99	110,98821
587,25	113,88154
587,50	109,32821
587,76	108,21487
588,02	106,98821
588,27	108,89487
588,53	115,82821
588,79	112,12154
589,04	108,03487
589,30	107,22821
589,56	107,53487
589,82	112,90154
590,07	110,00821
590,33	109,30821
590,59	104,97487
590,84	103,47487
591,10	106,97487
591,36	109,16821
591,61	107,69487
591,87	108,63487
592,13	107,48821
592,39	107,50154
592,64	105,36821
592,90	101,96821
593,16	102,48821
593,41	103,20821
593,67	107,04154
593,93	108,31487
594,18	110,99487
594,44	113,31487
594,70	111,82821
594,95	110,87487
595,21	113,05487
595,47	113,44154
595,73	111,74821
595,98	108,52821
596,24	107,57487
596,50	102,10821
596,75	103,46821
597,01	107,34154
597,27	110,88154
597,52	110,20154
597,78	107,53487
598,04	109,01487
598,29	103,18154
598,55	104,42154
598,81	101,78821
599,06	103,84821
599,32	100,44821
599,58	105,54154
599,83	102,93487
600,09	104,46154
600,35	100,72821
600,60	102,30154
600,86	104,02154
601,12	104,85487
601,37	108,30154
601,63	103,11487
601,89	99,30821
602,14	97,44154
602,40	99,06154
602,66	101,51487
602,91	96,98821
603,17	100,75487
603,43	103,64154
603,68	109,54154
603,94	106,15487
604,20	102,85487
604,45	100,82154
604,71	100,36154
604,97	101,24154
605,22	101,43487
605,48	101,42821
605,74	103,93487
605,99	103,76821
606,25	103,06154
606,51	99,73487
606,76	95,41487
607,02	99,88821
607,27	97,24154
607,53	100,84821
607,79	99,52821
608,04	98,00821
608,30	97,20154
608,56	94,90154
608,81	102,49487
609,07	103,16821
609,33	111,08154
609,58	113,99487
609,84	117,08154
610,10	113,69487
610,35	106,92154
610,61	105,54821
610,86	100,94154
611,12	103,33487
611,38	100,17487
611,63	100,76821
611,89	100,26821
612,15	105,12821
612,40	102,56821
612,66	98,00154
612,92	90,84154
613,17	99,59487
613,43	105,44154
613,68	110,45487
613,94	103,73487
614,20	101,57487
614,45	97,80154
614,71	103,79487
614,97	100,50154
615,22	102,23487
615,48	98,14821
615,73	102,04154
615,99	104,21487
616,25	106,11487
616,50	108,37487
616,76	107,28154
617,01	107,40821
617,27	100,70821
617,53	102,25487
617,78	107,81487
618,04	113,72154
618,30	116,13487
618,55	107,53487
618,81	109,57487
619,06	104,28154
619,32	105,96154
619,58	102,01487
619,83	105,48821
620,09	103,35487
620,34	105,11487
620,60	102,67487
620,86	104,74154
621,11	104,88154
621,37	110,22821
621,62	110,08154
621,88	106,58821
622,14	101,27487
622,39	103,96821
622,65	106,32154
622,90	106,64821
623,16	107,58154
623,42	109,24154
623,67	106,21487
623,93	107,03487
624,18	104,00821
624,44	112,50821
624,70	114,18821
624,95	114,47487
625,21	111,71487
625,46	106,50154
625,72	111,96154
625,98	108,32154
626,23	110,82154
626,49	103,71487
626,74	106,24154
627,00	107,34154
627,25	109,50821
627,51	111,73487
627,77	107,52154
628,02	104,15487
628,28	101,47487
628,53	102,32154
628,79	105,94821
629,04	101,88821
629,30	101,32821
629,56	104,35487
629,81	104,42154
630,07	104,20154
630,32	100,02821
630,58	108,58154
630,83	106,76821
631,09	104,20154
631,35	98,10821
631,60	98,64154
631,86	102,96154
632,11	103,13487
632,37	98,01487
632,62	93,04821
632,88	89,50154
633,14	91,03487
633,39	90,70154
633,65	98,22154
633,90	102,36154
634,16	102,34154
634,41	95,41487
634,67	94,12821
634,93	97,41487
635,18	100,12821
635,44	94,66821
635,69	90,35487
635,95	90,16821
636,20	97,77487
636,46	97,62154
636,71	96,73487
636,97	93,96821
637,22	95,23487
637,48	91,30821
637,74	89,38154
637,99	90,94821
638,25	94,94154
638,50	94,40154
638,76	95,92154
639,01	91,43487
639,27	90,32821
639,52	88,46154
639,78	91,80821
640,03	89,73487
640,29	86,33487
640,55	86,52821
640,80	87,50821
641,06	85,10821
641,31	89,70154
641,57	89,48154
641,82	94,00821
642,08	90,20821
642,33	93,38821
642,59	95,17487
642,84	95,41487
643,10	91,46821
643,35	87,83487
643,61	87,10154
643,87	88,78154
644,12	89,86821
644,38	84,65487
644,63	85,84821
644,89	89,74821
645,14	93,00154
645,40	90,85487
645,65	89,86821
645,91	89,72154
646,16	94,96154
646,42	95,89487
646,67	94,42154
646,93	91,08154
647,18	90,07487
647,44	91,28821
647,69	89,42154
647,95	84,10821
648,20	82,26821
648,46	83,18154
648,71	84,10154
648,97	85,20821
649,22	83,01487
649,48	82,72154
649,73	79,80154
649,99	78,79487
650,24	81,99487
650,50	87,28821
650,75	89,75487
651,01	88,63487
651,26	85,99487
651,52	84,36821
651,77	80,24821
652,03	81,09487
652,28	79,73487
652,54	85,61487
652,79	90,04154
653,05	95,66154
653,30	94,92821
653,56	89,10821
653,81	88,06154
654,07	88,98821
654,32	90,66821
654,58	88,89487
654,83	90,59487
655,09	87,62821
655,34	88,11487
655,60	84,42821
655,85	87,43487
656,11	94,76821
656,36	99,62154
656,62	99,07487
656,87	92,90154
657,13	85,09487
657,38	87,36154
657,64	91,12154
657,89	96,81487
658,15	91,04821
658,40	82,70821
658,66	80,71487
658,91	79,25487
659,17	80,04821
659,42	78,96154
659,68	80,46821
659,93	77,11487
660,19	74,24821
660,44	77,64821
660,70	82,98821
660,95	84,66154
661,20	82,16154
661,46	81,14821
661,71	79,83487
661,97	77,92154
662,22	80,38821
662,48	83,66154
662,73	85,90821
662,99	87,66154
663,24	88,82821
663,50	86,09487
663,75	83,20821
664,01	74,54154
664,26	78,83487
664,52	74,68154
664,77	80,84821
665,02	81,25487
665,28	83,91487
665,53	81,94154
665,79	83,82821
666,04	83,76821
666,30	82,07487
666,55	79,90821
666,81	75,82821
667,06	76,32154
667,32	76,08821
667,57	76,44154
667,82	76,32154
668,08	75,16821
668,33	75,52821
668,59	73,91487
668,84	75,28821
669,10	73,97487
669,35	89,54821
669,61	81,77487
669,86	85,26154
670,11	67,41487
670,37	72,46821
670,62	73,06154
670,88	77,18154
671,13	71,35487
671,39	65,53487
671,64	62,92821
671,90	66,43487
672,15	69,21487
672,40	68,74821
672,66	66,14154
672,91	70,10154
673,17	72,77487
673,42	78,30154
673,68	77,12821
673,93	76,41487
674,18	77,92154
674,44	76,74821
674,69	79,14154
674,95	80,70154
675,20	79,93487
675,46	77,60154
675,71	71,98821
675,96	74,04821
676,22	69,90821
676,47	70,74154
676,73	68,48154
676,98	68,94821
677,23	69,28821
677,49	70,52821
677,74	74,88154
678,00	69,04821
678,25	66,75487
678,51	66,88154
678,76	63,58154
679,01	64,00821
679,27	58,12821
679,52	60,54154
679,78	58,12821
680,03	60,52154
680,28	59,94821
680,54	57,94154
680,79	51,57487
681,05	52,86821
681,30	51,22821
681,55	54,84154
681,81	56,11487
682,06	63,10821
682,32	65,56154
682,57	69,88154
682,82	65,69487
683,08	62,66821
683,33	52,85487
683,59	55,52821
683,84	52,98821
684,09	56,70821
684,35	54,62821
684,60	60,19487
684,86	60,76821
685,11	65,94154
685,36	64,53487
685,62	68,48821
685,87	58,49487
686,13	56,31487
686,38	48,01487
686,63	53,50821
686,89	57,62821
687,14	68,09487
687,40	65,74821
687,65	67,17487
687,90	61,71487
688,16	61,75487
688,41	56,90821
688,66	54,50154
688,92	55,20821
689,17	52,99487
689,43	52,35487
689,68	54,36154
689,93	58,24154
690,19	59,70154
690,44	55,39487
690,69	53,38821
690,95	54,24821
691,20	59,98154
691,46	57,92821
691,71	60,98821
691,96	61,18154
692,22	64,15487
692,47	59,85487
692,72	55,40154
692,98	53,90821
693,23	56,20821
693,49	59,70821
693,74	61,34821
693,99	61,70154
694,25	59,68154
694,50	57,20821
694,75	55,06821
695,01	47,94821
695,26	49,06821
695,51	48,01487
695,77	48,22154
696,02	45,88154
696,27	46,06821
696,53	51,01487
696,78	55,34821
697,04	55,83487
697,29	53,27487
697,54	49,49487
697,80	45,65487
698,05	46,09487
698,30	43,80821
698,56	42,58821
698,81	43,08154
699,06	43,48154
699,32	43,72821
699,57	43,74821
699,82	48,57487
700,08	47,68154
700,33	45,44821
700,58	40,20154
700,84	41,60821
701,09	39,64821
701,34	40,51487
701,60	42,41487
701,85	44,17487
702,10	45,65487
702,36	47,09487
702,61	44,68154
702,86	40,60821
703,12	35,35487
703,37	37,98154
703,62	38,04154
703,88	37,30821
704,13	35,04821
704,38	37,10821
704,64	44,72821
704,89	46,47487
705,14	51,88821
705,40	49,98154
705,65	49,24821
705,90	42,09487
706,16	34,94821
706,41	37,51487
706,66	38,46821
706,92	40,40154
707,17	41,75487
707,42	48,31487
707,68	44,70821
707,93	41,43487
708,18	38,18154
708,44	47,72154
708,69	51,09487
708,94	49,54154
709,19	46,25487
709,45	46,20821
709,70	43,61487
709,95	43,73487
710,21	38,35487
710,46	37,02154
710,71	40,55487
710,97	39,96821
711,22	43,03487
711,47	35,88821
711,73	37,58154
711,98	35,86154
712,23	34,90821
712,48	34,25487
712,74	34,11487
712,99	35,29487
713,24	31,26821
713,50	31,27487
713,75	36,53487
714,00	41,14821
714,26	39,83487
714,51	36,60154
714,76	37,64154
715,01	37,14821
715,27	41,94154
715,52	40,58821
715,77	43,91487
716,03	39,16821
716,28	40,32821
716,53	43,11487
716,78	43,42821
717,04	44,26154
717,29	44,04154
717,54	47,31487
717,80	45,12821
718,05	43,61487
718,30	40,09487
718,55	41,21487
718,81	40,02821
719,06	42,75487
719,31	42,75487
719,57	38,97487
719,82	36,97487
720,07	37,95487
720,32	37,84154
720,58	38,40821
720,83	36,18821
721,08	38,07487
721,33	35,86821
721,59	39,81487
721,84	42,39487
722,09	45,73487
722,35	42,68154
722,60	39,49487
722,85	37,35487
723,10	35,20154
723,36	35,64154
723,61	33,24821
723,86	35,04154
724,11	37,54821
724,37	34,88154
724,62	33,48821
724,87	28,87487
725,12	30,06821
725,38	29,04821
725,63	29,41487
725,88	27,68821
726,13	28,68821
726,39	23,93487
726,64	30,20154
726,89	29,04821
727,14	31,62154
727,40	28,94821
727,65	31,88154
727,90	36,96821
728,15	37,88821
728,41	33,42821
728,66	34,04821
728,91	30,41487
729,16	33,98821
729,42	33,26821
729,67	35,58154
729,92	29,04154
730,17	27,22154
730,43	28,44821
730,68	35,20154
730,93	35,76821
731,18	34,34821
731,44	32,92821
731,69	31,49487
731,94	31,10154
732,19	34,76154
732,45	36,99487
732,70	42,58154
732,95	37,10821
733,20	32,20821
733,45	29,55487
733,71	33,39487
733,96	33,20821
734,21	33,70154
734,46	30,80154
734,72	32,70154
734,97	31,99487
735,22	31,39487
735,47	31,97487
735,72	29,44821
735,98	28,19487
736,23	28,78821
736,48	30,16154
736,73	32,90821
736,99	31,88821
737,24	32,70821
737,49	31,44154
737,74	32,28154
737,99	37,64154
738,25	38,58154
738,50	37,99487
738,75	29,16154
739,00	29,16154
739,25	33,31487
739,51	33,66154
739,76	34,14821
740,01	31,86154
740,26	35,02821
740,52	37,15487
740,77	43,72154
741,02	43,22154
741,27	39,28821
741,52	33,97487
741,78	33,46821
742,03	33,77487
742,28	32,83487
742,53	34,14154
742,78	39,74821
743,04	40,52821
743,29	43,04821
743,54	42,97487
743,79	41,62821
744,04	36,98821
744,30	36,44821
744,55	38,83487
744,80	44,75487
745,05	42,73487
745,30	41,20154
745,55	35,10154
745,81	40,54821
746,06	42,32154
746,31	46,30821
746,56	41,69487
746,81	43,47487
747,07	45,67487
747,32	46,82154
747,57	49,80154
747,82	51,12821
748,07	54,70821
748,32	47,79487
748,58	43,02821
748,83	37,32821
749,08	38,44154
749,33	38,74821
749,58	39,18821
749,84	39,92154
750,09	35,08821
750,34	32,86154
750,59	33,21487
750,84	32,89487
751,09	38,38821
751,35	37,01487
751,60	39,39487
751,85	30,98154
752,10	25,80154
752,35	28,30821
752,60	29,78821
752,86	32,85487
753,11	27,20821
753,36	26,30821
753,61	24,79487
753,86	24,22821
754,11	24,62154
754,37	20,82821
754,62	20,25487
754,87	20,86154
755,12	26,74154
755,37	29,78154
755,62	30,41487
755,87	24,36821
756,13	22,20154
756,38	22,94821
756,63	28,39487
756,88	35,29487
757,13	33,47487
757,38	33,86154
757,64	25,12154
757,89	25,20821
758,14	27,20154
758,39	28,38154
758,64	32,67487
758,89	28,71487
759,14	31,40154
759,40	29,15487
759,65	28,24821
759,90	27,34821
760,15	23,76821
760,40	18,46821
760,65	15,80154
760,90	16,50154
761,15	19,26821
761,41	22,18821
761,66	20,19487
761,91	25,70154
762,16	21,93487
762,41	28,06821
762,66	23,02154
762,91	26,19487
763,17	24,00154
763,42	26,30154
763,67	27,95487
763,92	27,70154
764,17	26,11487
764,42	23,29487
764,67	24,44154
764,92	28,85487
765,18	29,42821
765,43	24,94154
765,68	25,63487
765,93	27,69487
766,18	29,12154
766,43	28,00154
766,68	27,46821
766,93	25,78821
767,18	23,50821
767,44	23,22154
767,69	21,36154
767,94	23,44821
768,19	20,37487
768,44	23,24821
768,69	22,87487
768,94	26,79487
769,19	25,95487
769,44	26,22821
769,70	20,06821
769,95	21,01487
770,20	21,80821
770,45	28,89487
770,70	30,32154
770,95	27,39487
771,20	21,94154
771,45	25,65487
771,70	25,21487
771,95	25,00154
772,21	23,89487
772,46	25,86154
772,71	26,16821
772,96	23,68821
773,21	21,78821
773,46	26,55487
773,71	28,11487
773,96	26,49487
774,21	25,24154
774,46	24,24821
774,72	26,78821
774,97	25,36821
775,22	22,69487
775,47	25,81487
775,72	28,48154
775,97	36,22821
776,22	39,03487
776,47	49,46821
776,72	56,24154
776,97	60,86821
777,22	56,04154
777,47	56,04821
777,73	52,44821
777,98	55,44154
778,23	49,46821
778,48	45,65487
778,73	36,26154
778,98	34,36821
779,23	35,16154
779,48	35,89487
779,73	29,93487
779,98	24,60154
780,23	24,04821
780,48	25,13487
780,73	28,27487
780,98	30,28154
781,24	31,42821
781,49	27,29487
781,74	22,24154
781,99	21,02154
782,24	21,67487
782,49	23,06154
782,74	22,07487
782,99	23,65487
783,24	22,44154
783,49	23,37487
783,74	22,06821
783,99	26,96821
784,24	24,97487
784,49	24,06154
784,74	20,64821
784,99	23,04821
785,24	19,57487
785,49	12,96154
785,75	18,22154
786,00	27,62154
786,25	30,26821
786,50	24,09487
786,75	16,94154
787,00	22,46821
787,25	22,59487
787,50	26,16821
787,75	23,97487
788,00	29,85487
788,25	22,68154
788,50	19,88154
788,75	14,92154
789,00	17,26821
789,25	15,42154
789,50	10,99487
789,75	11,12821
790,00	16,18821
790,25	18,96154
790,50	27,80821
790,75	31,06154
791,00	30,75487
791,25	27,78154
791,50	23,45487
791,75	25,06154
792,01	29,42154
792,26	33,37487
792,51	41,99487
792,76	42,32821
793,01	46,06821
793,26	38,40154
793,51	38,91487
793,76	39,82154
794,01	47,88154
794,26	47,17487
794,51	44,26821
794,76	36,14821
795,01	34,98154
795,26	31,80821
795,51	32,74154
795,76	27,12154
796,01	29,07487
796,26	28,57487
796,51	27,32154
796,76	21,41487
797,01	15,85487
797,26	15,95487
797,51	13,35487
797,76	18,08821
798,01	19,22821
798,26	25,60821
798,51	21,88154
798,76	15,11487
799,01	13,02154
799,26	10,18154
799,51	12,62154
799,76	11,20821
800,01	16,87487
800,26	15,34821
800,51	16,54154
800,76	13,56821
801,01	15,78821
801,26	11,78821
801,51	10,66821
801,76	9,68154
802,01	9,16154
802,26	10,97487
802,51	16,36154
802,76	17,84154
803,01	16,94821
803,26	10,03487
803,51	10,70154
803,76	11,04154
804,01	15,46821
804,26	12,99487
804,51	10,29487
804,76	6,72821
805,01	8,40821
805,26	7,44821
805,51	8,33487
805,76	5,67487
806,01	17,76154
806,26	21,69487
806,51	23,02821
806,76	11,43487
807,01	6,86821
807,26	9,25487
807,51	10,21487
807,76	11,66154
808,01	16,70154
808,26	26,35487
808,50	36,53487
808,75	43,71487
809,00	46,07487
809,25	48,00821
809,50	44,48821
809,75	46,72821
810,00	46,06154
810,25	42,88821
810,50	38,90154
810,75	33,38154
811,00	32,75487
811,25	27,12154
811,50	29,37487
811,75	28,23487
812,00	25,35487
812,25	18,40154
812,50	8,12154
812,75	6,10821
813,00	5,97487
813,25	9,73487
813,50	10,62154
813,75	6,44154
814,00	8,28821
814,25	8,22821
814,50	15,28154
814,74	12,58821
814,99	16,04821
815,24	10,06821
815,49	11,53487
815,74	8,75487
815,99	14,35487
816,24	15,99487
816,49	16,04821
816,74	19,44154
816,99	18,44154
817,24	20,55487
817,49	9,75487
817,74	12,98821
817,99	8,65487
818,24	11,33487
818,49	12,04821
818,74	15,24821
818,98	20,06154
819,23	16,68154
819,48	23,24154
819,73	22,16821
819,98	27,62821
820,23	18,94154
820,48	19,70154
820,73	17,89487
820,98	20,70821
821,23	17,43487
821,48	14,06154
821,73	13,92821
821,98	17,33487
822,23	17,60821
822,47	24,11487
822,72	22,64154
822,97	23,13487
823,22	18,88154
823,47	18,18154
823,72	18,75487
823,97	19,97487
824,22	23,60821
824,47	21,14154
824,72	16,46821
824,97	10,92154
825,22	11,10154
825,46	10,68821
825,71	11,37487
825,96	10,03487
826,21	8,26821
826,46	6,41487
826,71	6,15487
826,96	11,08154
827,21	9,80154
827,46	9,35487
827,71	3,54154
827,96	4,01487
828,20	4,98821
828,45	6,59487
828,70	8,63487
828,95	7,32154
829,20	6,84154
829,45	5,25487
829,70	4,44821
829,95	4,12821
830,20	3,54821
830,45	9,26154
830,69	9,56821
830,94	10,46821
831,19	7,96154
831,44	4,23487
831,69	4,08821
831,94	2,26821
832,19	6,35487
832,44	3,19487
832,69	1,72154
832,93	1,69487
833,18	6,27487
833,43	5,24821
833,68	2,15487
833,93	1,96821
834,18	4,08154
834,43	6,84821
834,68	4,36821
834,92	1,13487
835,17	2,10154
835,42	4,78821
835,67	8,96821
835,92	6,68154
836,17	4,36821
836,42	1,55487
836,67	-4,14513
836,91	-0,48513
837,16	1,16154
837,41	2,10154
837,66	5,26154
837,91	10,50154
838,16	14,65487
838,41	10,31487
838,66	3,02154
838,90	5,38154
839,15	2,28821
839,40	5,55487
839,65	1,48154
839,90	0,57487
840,15	2,18821
840,40	0,32154
840,64	5,12821
840,89	-0,70513
841,14	3,18154
841,39	1,60154
841,64	3,01487
841,89	5,55487
842,14	-0,59846
842,38	7,15487
842,63	7,62821
842,88	10,04154
843,13	1,61487
843,38	0,86821
843,63	3,43487
843,87	10,17487
844,12	7,04821
844,37	7,22154
844,62	4,26154
844,87	6,88821
845,12	8,82821
845,37	8,40821
845,61	6,61487
845,86	3,80154
846,11	3,90821
846,36	3,06821
846,61	4,76821
846,86	4,59487
847,10	5,57487
847,35	10,16821
847,60	9,56154
847,85	9,00821
848,10	4,26154
848,35	5,27487
848,59	7,72821
848,84	3,99487
849,09	5,31487
849,34	2,56821
849,59	5,86821
849,84	-0,83179
850,08	1,43487
850,33	-0,56513
850,58	2,06154
850,83	3,00154
851,08	-0,40513
851,32	-2,64513
851,57	-3,63846
851,82	3,74154
852,07	5,80154
852,32	9,03487
852,57	2,72154
852,81	7,92821
853,06	1,24821
853,31	5,44154
853,56	0,51487
853,81	1,30821
854,05	2,31487
854,30	0,94821
854,55	2,38821
854,80	-0,99846
855,05	7,98154
855,29	7,52821
855,54	10,28154
855,79	3,42154
856,04	2,14154
856,29	1,00154
856,53	3,78154
856,78	4,75487
857,03	2,06821
857,28	0,82821
857,53	0,52821
857,77	6,67487
858,02	2,37487
858,27	3,76154
858,52	0,30154
858,77	0,54154
859,01	-2,59179
859,26	-1,95179
859,51	1,05487
859,76	-0,23846
860,01	-2,25179
860,25	-3,60513
860,50	1,46154
860,75	2,40154
861,00	5,86821
861,25	5,32821
861,49	6,70821
861,74	5,44821
861,99	0,42821
862,24	-0,80513
862,48	-1,44513
862,73	1,38821
862,98	0,60821
863,23	4,10821
863,48	7,26821
863,72	13,22154
863,97	14,76821
864,22	14,55487
864,47	6,23487
864,71	-0,00513
864,96	1,52821
865,21	4,22154
865,46	2,75487
865,70	-2,03179
865,95	-6,89846
866,20	-3,23179
866,45	2,44821
866,70	9,10154
866,94	12,64821
867,19	7,34821
867,44	8,28154
867,69	7,88821
867,93	10,08154
868,18	11,15487
868,43	11,29487
868,68	13,84821
868,92	11,17487
869,17	7,06154
869,42	7,93487
869,67	6,99487
869,91	5,18821
870,16	-1,13846
870,41	2,26821
870,66	6,61487
870,90	11,99487
871,15	9,30821
871,40	5,02821
871,65	1,95487
871,89	3,07487
872,14	4,10154
872,39	3,76154
872,64	2,82154
872,88	1,90154
873,13	-1,14513
873,38	-4,89179
873,63	0,49487
873,87	1,46821
874,12	-2,49179
874,37	-9,35179
874,62	-8,45179
874,86	-2,78513
875,11	-0,32513
875,36	1,15487
875,60	-2,93846
875,85	-1,33846
876,10	-0,35846
876,35	4,60154
876,59	2,63487
876,84	-0,88513
877,09	0,08821
877,34	0,81487
877,58	1,43487
877,83	-1,54513
878,08	-1,91846
878,32	-3,48513
878,57	-5,59846
878,82	-2,57846
879,07	-1,79846
879,31	0,52821
879,56	-1,00513
879,81	-1,03846
880,06	-2,97846
880,30	-6,72513
880,55	1,19487
880,80	4,41487
881,04	6,78154
881,29	7,56154
881,54	9,75487
881,79	7,70154
882,03	-2,63179
882,28	-1,85179
882,53	1,25487
882,77	7,22154
883,02	4,87487
883,27	3,94821
883,51	-0,27846
883,76	0,30154
884,01	3,51487
884,26	2,52821
884,50	0,10154
884,75	-7,32513
885,00	-5,76513
885,24	-5,29179
885,49	-2,77179
885,74	1,94154
885,98	-2,15179
886,23	-3,57179
886,48	-6,90513
886,73	0,02821
886,97	3,70154
887,22	0,02154
887,47	-5,66513
887,71	-8,97846
887,96	-8,22513
888,21	-3,63846
888,45	-0,61846
888,70	3,42154
888,95	-1,37846
889,19	-3,75846
889,44	-5,70513
889,69	-2,39846
889,93	-5,93179
890,18	-3,72513
890,43	-1,98513
890,67	2,86154
890,92	-2,93846
891,17	-1,62513
891,42	0,87487
891,66	9,13487
891,91	8,51487
892,16	7,72154
892,40	9,00821
892,65	6,74154
892,90	4,25487
893,14	-1,16513
893,39	-1,23179
893,64	-1,77846
893,88	-5,79179
894,13	-2,26513
894,38	1,93487
894,62	2,40154
894,87	-3,69846
895,12	-10,34513
895,36	-7,92513
895,61	-7,67846
895,86	-5,21846
896,10	-7,18513
896,35	-7,23846
896,60	-11,38513
896,84	-10,37179
897,09	-8,06513
897,33	-2,41846
897,58	-2,02513
897,83	-0,57846
898,07	-2,91179
898,32	-2,59846
898,57	-3,87179
898,81	0,56821
899,06	3,72154
899,31	12,39487
899,55	10,77487
899,80	4,24154
900,05	-3,51179
900,29	-6,36513
900,54	1,75487
900,79	0,69487
901,03	0,42821
901,28	-3,95179
901,52	0,07487
901,77	4,54821
902,02	7,32154
902,26	0,39487
902,51	-3,13846
902,76	-10,79846
903,00	-6,86513
903,25	-8,65846
903,50	-4,33846
903,74	-7,22513
903,99	-7,68513
904,23	-5,41179
904,48	-3,95179
904,73	2,92154
904,97	3,34821
905,22	7,26821
905,47	3,08154
905,71	4,45487
905,96	2,82154
906,20	5,81487
906,45	3,45487
906,70	3,76154
906,94	2,23487
907,19	1,08154
907,44	-3,24513
907,68	-6,37846
907,93	-5,74513
908,17	-9,51179
908,42	-7,31846
908,67	-11,29179
908,91	-3,75179
909,16	-0,68513
909,40	0,31487
909,65	-3,80513
909,90	-6,42513
910,14	-6,54513
910,39	-8,87179
910,63	-7,47179
910,88	-1,48513
911,13	7,44154
911,37	6,66154
911,62	1,91487
911,86	-3,06513
912,11	-3,13179
912,36	-1,17179
912,60	-1,03179
912,85	2,33487
913,09	2,14154
913,34	5,48821
913,59	-2,67846
913,83	-1,13846
914,08	-5,35179
914,32	2,83487
914,57	2,15487
914,82	5,66821
915,06	3,30154
915,31	2,20154
915,55	2,04821
915,80	3,12154
916,05	0,49487
916,29	-5,51846
916,54	-9,19179
916,78	-4,19846
917,03	1,78154
917,27	1,32154
917,52	-2,65179
917,77	-2,68513
918,01	-0,91846
918,26	-2,84513
918,50	-6,43179
918,75	-8,09179
919,00	-7,09179
919,24	-7,53846
919,49	-9,70513
919,73	-6,41846
919,98	-6,53846
920,22	-2,89846
920,47	-3,91846
920,72	-5,72513
920,96	-6,44513
921,21	-7,91179
921,45	-3,38513
921,70	-6,20513
921,94	-2,52513
922,19	-1,58513
922,43	-0,29179
922,68	6,42821
922,93	5,95487
923,17	4,28821
923,42	-7,71846
923,66	-8,12513
923,91	-7,21846
924,15	-3,60513
924,40	-4,50513
924,64	-4,11846
924,89	-4,66513
925,14	-5,89846
925,38	-5,39846
925,63	-2,53846
925,87	0,94821
926,12	4,58821
926,36	0,90154
926,61	-3,56513
926,85	18,34154
927,10	16,98154
927,35	17,50154
927,59	-4,88513
927,84	-5,91846
928,08	-3,15846
928,33	-6,63179
928,57	-4,61846
928,82	-3,23179
929,06	-1,56513
929,31	-0,80513
929,55	-3,24513
929,80	0,29487
930,04	0,43487
930,29	0,01487
930,54	-4,01179
930,78	-4,71179
931,03	-7,19179
931,27	-2,57846
931,52	-2,35846
931,76	1,31487
932,01	-6,69179
932,25	-6,76513
932,50	-3,49179
932,74	-0,46513
932,99	4,78154
933,23	-0,59179
933,48	-0,14513
933,72	-4,15846
933,97	-5,42513
934,21	3,04154
934,46	6,60154
934,70	12,61487
934,95	4,53487
935,19	-3,39179
935,44	-8,76513
935,68	-7,96513
935,93	-4,04513
936,18	-1,21846
936,42	-2,58513
936,67	-4,45179
936,91	-2,39846
937,16	4,92821
937,40	3,76154
937,65	-4,11846
937,89	-11,31846
938,14	-10,52513
938,38	-6,70513
938,63	-3,79846
938,87	-2,89179
939,12	-0,01846
939,36	6,91487
939,61	9,04821
939,85	5,65487
940,10	-5,15846
940,34	-4,81846
940,59	-3,49846
940,83	-5,02513
941,08	-4,02513
941,32	-3,89846
941,57	2,16154
941,81	-3,07179
942,06	-2,58513
942,30	-4,60513
942,55	-0,69179
942,79	-5,45179
943,03	-4,19846
943,28	-2,15179
943,52	8,34821
943,77	3,75487
944,01	-2,33846
944,26	-11,63846
944,50	-11,77179
944,75	-3,52513
944,99	0,68821
945,24	2,70821
945,48	2,92154
945,73	18,24154
945,97	17,42154
946,22	10,44154
946,46	-6,35846
946,71	-1,33846
946,95	-0,07179
947,20	-3,43179
947,44	-7,50513
947,69	-6,26513
947,93	-4,54513
948,17	-6,04513
948,42	-8,28513
948,66	-6,63179
948,91	-8,77846
949,15	-10,84513
949,40	-12,71846
949,64	-9,71846
949,89	-7,53179
950,13	-7,60513
950,38	-9,55179
950,62	-8,53846
950,87	-5,63179
951,11	-0,74513
951,35	-2,19179
951,60	-3,00513
951,84	-5,41846
952,09	-5,40513
952,33	-5,68513
952,58	-2,49846
952,82	-5,08513
953,07	-7,31179
953,31	-7,15846
953,56	-3,18513
953,80	-1,99179
954,04	-11,65846
954,29	-15,75846
954,53	-18,29179
954,78	-14,54513
955,02	-12,19846
955,27	-10,05179
955,51	-8,13179
955,76	-8,07846
956,00	-6,96513
956,24	-8,58513
956,49	-6,59179
956,73	-3,50513
956,98	-2,61179
957,22	3,14821
957,47	3,66154
957,71	1,82821
957,95	-1,89179
958,20	-1,74513
958,44	3,57487
958,69	-0,50513
958,93	-2,73179
959,18	-4,21179
959,42	0,09487
959,66	-2,05179
959,91	-5,51179
960,15	-9,52513
960,40	-10,13846
960,64	-8,34513
960,89	-5,21179
961,13	27,06154
961,37	30,91487
961,62	31,80154
961,86	3,36154
962,11	3,22821
962,35	-2,99179
962,59	-5,01179
962,84	-14,01179
963,08	-8,78513
963,33	-8,89179
963,57	-3,97846
963,81	-7,27846
964,06	-5,87179
964,30	-1,14513
964,55	-5,29179
964,79	2,53487
965,04	3,25487
965,28	4,82154
965,52	-3,47846
965,77	-8,50513
966,01	-4,57846
966,26	-4,78513
966,50	-2,80513
966,74	-1,77179
966,99	0,03487
967,23	-0,26513
967,48	-2,57846
967,72	-4,72513
967,96	-6,97179
968,21	-4,55179
968,45	-5,10513
968,69	-4,17846
968,94	-0,67179
969,18	-2,77179
969,43	-5,44513
969,67	-9,64513
969,91	-4,30513
970,16	-1,34513
970,40	-1,84513
970,65	-4,56513
970,89	-9,21846
971,13	-8,44513
971,38	-8,51846
971,62	0,43487
971,86	-0,79179
972,11	0,19487
972,35	-5,78513
972,60	-3,17179
972,84	0,14821
973,08	1,41487
973,33	-1,29846
973,57	-2,47179
973,81	-0,01179
974,06	0,15487
974,30	-4,48513
974,55	-4,02513
974,79	0,00154
975,03	2,06821
975,28	-0,19179
975,52	-7,03846
975,76	-6,39846
976,01	-6,92513
976,25	-3,13179
976,50	-4,28513
976,74	-1,30513
976,98	-0,01179
977,23	-0,93179
977,47	-1,77846
977,71	-3,09179
977,96	-6,51846
978,20	-10,87179
978,44	-14,03846
978,69	-5,79846
978,93	-2,99846
979,17	-0,91846
979,42	-4,01179
979,66	-4,45846
979,90	-2,09846
980,15	4,39487
980,39	5,65487
980,64	1,35487
980,88	-1,38513
981,12	-0,91179
981,37	-1,39179
981,61	-3,51179
981,85	-7,31846
982,10	-4,13846
982,34	-10,62513
982,58	-6,82513
982,83	-11,66513
983,07	-9,57179
983,31	-11,50513
983,56	-10,73846
983,80	-8,27846
984,04	-7,87846
984,29	-2,51846
984,53	-2,56513
984,77	-2,95179
985,02	-1,93179
985,26	-7,06513
985,50	-0,41179
985,75	-5,97846
985,99	-0,87846
986,23	-7,73846
986,48	-4,65846
986,72	-5,37846
986,96	0,02821
987,20	-0,52513
987,45	-2,50513
987,69	-9,28513
987,93	-6,03179
988,18	-0,75179
988,42	2,84154
988,66	0,66821
988,91	-3,35179
989,15	-5,21846
989,39	-7,97846
989,64	-9,93846
989,88	-7,65179
990,12	-6,55846
990,37	-2,46513
990,61	-3,61846
990,85	-5,44513
991,10	-9,41846
991,34	-10,37179
991,58	-9,35846
991,82	-8,71179
992,07	-8,36513
992,31	-6,34513
992,55	-8,37846
992,80	-8,89846
993,04	-7,07846
993,28	1,13487
993,53	1,70154
993,77	-0,81179
994,01	-9,09846
994,25	-9,50513
994,50	-8,48513
994,74	-3,37846
994,98	-4,11179
995,23	-4,77846
995,47	-4,37846
995,71	-5,09179
995,95	-4,40513
996,20	-0,78513
996,44	1,34154
996,68	-0,58513
996,93	-6,73846
997,17	-7,22513
997,41	-5,23179
997,65	-7,63846
997,90	-9,43846
998,14	-11,95846
998,38	-6,69846
998,63	-5,99846
998,87	-5,57179
999,11	-10,58513
999,35	-9,59846
999,60	-10,79846
999,84	-7,87846
1000,08	-2,55846
1000,32	1,12821
1000,57	1,52154
1000,81	1,80154
1001,05	1,09487
1001,30	2,74154
1001,54	-1,55846
1001,78	2,96821
1002,02	2,29487
1002,27	4,05487
1002,51	-2,03179
1002,75	-2,56513
1002,99	-6,75846
1003,24	-8,87846
1003,48	-7,84513
1003,72	-10,97179
1003,96	-8,05846
1004,21	-7,51846
1004,45	-0,38513
1004,69	0,56821
1004,93	-0,31846
1005,18	-1,55179
1005,42	0,25487
1005,66	-3,46513
1005,90	-5,01179
1006,15	-9,67846
1006,39	-4,27179
1006,63	0,50821
1006,87	5,19487
1007,12	2,81487
1007,36	1,16821
1007,60	2,00154
1007,84	0,06154
1008,09	-0,41846
1008,33	-5,55179
1008,57	-2,64513
1008,81	-2,23846
1009,06	-2,24513
1009,30	-3,40513
1009,54	-3,36513
1009,78	-0,61179
1010,03	-1,03179
1010,27	-5,34513
1010,51	-4,16513
1010,75	-5,47179
1010,99	-1,59846
1011,24	-1,84513
1011,48	6,76821
1011,72	4,77487
1011,96	6,55487
1012,21	1,35487
1012,45	0,09487
1012,69	-2,15846
1012,93	-6,37179
1013,18	-2,95846
1013,42	-4,13846
1013,66	-1,50513
1013,90	-5,71179
1014,14	-6,03179
1014,39	-3,78513
1014,63	-1,98513
1014,87	0,83487
1015,11	-2,74513
1015,35	-8,69846
1015,60	-5,19179
1015,84	-2,57846
1016,08	0,42154
1016,32	-3,56513
1016,57	-6,64513
1016,81	-5,71179
1017,05	-5,29846
1017,29	-3,49846
1017,53	-3,04513
1017,78	-4,91179
1018,02	-7,37846
1018,26	-5,28513
1018,50	-6,79179
1018,74	-1,15179
1018,99	-4,55846
1019,23	-5,77846
1019,47	-9,39179
1019,71	-5,97179
1019,95	-2,60513
1020,20	-4,17179
1020,44	-6,14513
1020,68	-5,77846
1020,92	-0,33846
1021,16	-0,47846
1021,41	-1,43846
1021,65	-7,51179
1021,89	-8,97179
1022,13	-11,75179
1022,37	-10,71846
1022,61	-10,65179
1022,86	-10,71846
1023,10	-5,54513
1023,34	-4,28513
1023,58	-1,15179
1023,82	-7,13846
1024,07	-6,75179
1024,31	-3,37179
1024,55	-2,25179
1024,79	0,11487
1025,03	-7,29179
1025,27	-5,02513
1025,52	-10,86513
1025,76	-10,08513
1026,00	-7,52513
1026,24	-4,77846
1026,48	-4,31179
1026,73	-7,09179
1026,97	-0,74513
1027,21	3,41487
1027,45	3,80154
1027,69	-1,00513
1027,93	-1,31179
1028,18	-1,89179
1028,42	-0,67179
1028,66	-1,87846
1028,90	-1,83179
1029,14	-2,52513
1029,38	-5,39846
1029,62	-2,29846
1029,87	-2,43179
1030,11	3,09487
1030,35	-2,19846
1030,59	-2,17179
1030,83	-7,55846
1031,07	-7,61846
1031,32	-10,75846
1031,56	-3,72513
1031,80	0,68821
1032,04	5,30154
1032,28	-0,80513
1032,52	-1,51179
1032,76	-2,83846
1033,01	-3,40513
1033,25	-3,60513
1033,49	-4,11179
1033,73	-4,08513
1033,97	-8,61179
1034,21	-11,78513
1034,45	-12,06513
1034,70	-12,40513
1034,94	-7,49179
1035,18	16,97487
1035,42	19,59487
1035,66	22,02154
1035,90	1,40154
1036,14	-2,94513
1036,39	-3,47179
1036,63	-8,53179
1036,87	2,90821
1037,11	-1,23846
1037,35	1,97487
1037,59	-0,92513
1037,83	3,90154
1038,07	11,26154
1038,32	6,76821
1038,56	3,28154
1038,80	3,06821
1039,04	7,14821
1039,28	8,25487
1039,52	1,42821
1039,76	-3,25179
1040,00	-3,41846
1040,25	-5,99179
1040,49	-5,89846
1040,73	-6,19179
1040,97	-5,03846
1041,21	-0,52513
1041,45	0,88821
1041,69	5,91487
1041,93	0,25487
1042,17	-1,74513
1042,42	-7,51846
1042,66	-6,88513
1042,90	-4,52513
1043,14	-6,48513
1043,38	-3,19846
1043,62	-6,23179
1043,86	-4,01179
1044,10	-3,05846
1044,34	3,36154
1044,59	5,09487
1044,83	3,00821
1045,07	-2,85846
1045,31	-2,81846
1045,55	-4,67179
1045,79	-10,57846
1046,03	-8,05179
1046,27	-3,77846
1046,51	1,64154
1046,75	-3,03179
1047,00	-5,29179
1047,24	-4,81179
1047,48	-4,36513
1047,72	-5,25179
1047,96	-6,67179
1048,20	-2,90513
1048,44	-1,05179
1048,68	-1,23846
1048,92	-4,61179
1049,16	-10,46513
1049,40	-9,65179
1049,64	-11,78513
1049,89	-5,46513
1050,13	-6,12513
1050,37	2,58154
1050,61	2,49487
1050,85	6,18154
1051,09	1,31487
1051,33	2,11487
1051,57	2,77487
1051,81	2,26154
1052,05	0,25487
1052,29	3,90821
1052,53	0,07487
1052,77	5,83487
1053,02	-0,39846
1053,26	4,18154
1053,50	-0,64513
1053,74	-3,20513
1053,98	-4,62513
1054,22	-8,71179
1054,46	-6,11179
1054,70	-4,73846
1054,94	-5,52513
1055,18	-5,28513
1055,42	-2,37179
1055,66	-0,97846
1055,90	-4,79846
1056,14	-7,10513
1056,38	-1,32513
1056,62	0,12154
1056,86	-0,19179
1057,11	-3,83846
1057,35	-4,37179
1057,59	-10,11846
1057,83	-8,00513
1058,07	-3,24513
1058,31	6,96821
1058,55	6,40821
1058,79	2,87487
1059,03	-6,71846
1059,27	-6,98513
1059,51	-7,79179
1059,75	-4,66513
1059,99	-6,91846
1060,23	-6,22513
1060,47	0,72154
1060,71	4,06154
1060,95	-1,11179
1061,19	-8,26513
1061,43	-10,55179
1061,67	-2,27179
1061,91	-0,31179
1062,15	-3,03179
1062,39	-7,99179
1062,64	-4,89179
1062,88	-3,43179
1063,12	0,56154
1063,36	3,76154
1063,60	8,80821
1063,84	14,55487
1064,08	28,81487
1064,32	66,70154
1064,56	93,18154
1064,80	87,66154
1065,04	60,11487
1065,28	32,34821
1065,52	23,60154
1065,76	12,34821
1066,00	11,36821
1066,24	5,54821
1066,48	4,96821
1066,72	1,09487
1066,96	-1,69179
1067,20	-6,33179
1067,44	-6,90513
1067,68	-5,45179
1067,92	-6,82513
1068,16	-5,25846
1068,40	-3,33846
1068,64	1,78154
1068,88	1,94154
1069,12	-2,59846
1069,36	-0,99846
1069,60	-4,87179
1069,84	4,60154
1070,08	1,28821
1070,32	4,58154
1070,56	-2,27846
1070,80	-3,39846
1071,04	7,68154
1071,28	7,27487
1071,52	9,72154
1071,76	-4,72513
1072,00	-1,99179
1072,24	-5,75179
1072,48	-3,57179
1072,72	-4,47179
1072,96	0,54821
1073,20	-4,27846
1073,44	-1,62513
1073,68	-2,85179
1073,92	1,10154
1074,16	-3,95179
1074,40	-5,07846
1074,64	-6,73179
1074,88	-5,12513
1075,12	-2,57846
1075,36	-1,75846
1075,60	0,08821
1075,84	-2,93179
1076,08	-3,27846
1076,32	-5,47179
1076,56	-7,70513
1076,80	-6,55846
1077,04	-10,62513
1077,28	-9,71179
1077,52	-13,85179
1077,76	-14,07179
1078,00	-11,37846
1078,24	-1,39846
1078,48	0,90154
1078,71	-1,53179
1078,95	-6,34513
1079,19	-8,80513
1079,43	-12,99179
1079,67	-13,03846
1079,91	-7,50513
1080,15	-4,09846
1080,39	-5,93846
1080,63	-5,14513
1080,87	-4,83846
1081,11	-3,21846
1081,35	-5,18513
1081,59	-1,82513
1081,83	-2,69179
1082,07	-5,91846
1082,31	-6,75179
1082,55	-7,92513
1082,79	-7,31846
1083,03	-6,20513
1083,27	-9,60513
1083,51	-6,39179
1083,75	-7,83846
1083,99	0,93487
1084,22	-0,18513
1084,46	-1,77179
1084,70	-1,37846
1084,94	-3,13179
1085,18	-2,80513
1085,42	-10,14513
1085,66	-7,68513
1085,90	-8,48513
1086,14	-2,26513
1086,38	2,80154
1086,62	0,40154
1086,86	2,40154
1087,10	-3,27179
1087,34	0,66154
1087,58	-7,43846
1087,82	-7,21179
1088,06	-5,27846
1088,29	1,58821
1088,53	-1,20513
1088,77	-5,34513
1089,01	-5,91846
1089,25	-3,99179
1089,49	-2,71846
1089,73	-7,12513
1089,97	-5,07846
1090,21	-5,43179
1090,45	-3,61179
1090,69	-5,70513
1090,93	-6,47846
1091,17	-9,17179
1091,40	-3,49179
1091,64	-4,88513
1091,88	-4,22513
1092,12	-10,83179
1092,36	-8,09179
1092,60	-7,97179
1092,84	-3,44513
1093,08	-0,22513
1093,32	2,08821
1093,56	1,83487
1093,80	4,57487
1094,04	3,68821
1094,27	-0,09846
1094,51	-1,44513
1094,75	0,68821
1094,99	2,94821
1095,23	0,62821
1095,47	25,80821
1095,71	23,88821
1095,95	21,40821
1096,19	-6,15179
1096,43	-3,07846
1096,66	-7,45846
1096,90	-9,73179
1097,14	-11,23179
1097,38	-10,75846
1097,62	-8,16513
1097,86	-8,11846
1098,10	-3,63179
1098,34	-1,77179
1098,58	-4,39179
1098,81	-3,83846
1099,05	-4,07179
1099,29	4,93487
1099,53	6,82154
1099,77	5,26821
1100,01	-4,69179
1100,25	-5,29846
1100,49	-4,10513
1100,73	4,18821
1100,96	8,26821
1101,20	11,21487
1101,44	1,00821
1101,68	-2,67179
1101,92	-6,81846
1102,16	-2,64513
1102,40	-1,17179
1102,64	0,72154
1102,87	2,14821
1103,11	-2,33179
1103,35	-3,00513
1103,59	-4,07179
1103,83	-3,42513
1104,07	0,24821
1104,31	-0,52513
1104,55	-1,33846
1104,78	-9,11846
1105,02	-5,62513
1105,26	-8,28513
1105,50	-3,93179
1105,74	-9,31179
1105,98	-5,33846
1106,22	-1,22513
1106,45	-0,13179
1106,69	-3,17846
1106,93	-5,61179
1107,17	-4,69846
1107,41	-3,35846
1107,65	-6,29846
1107,89	-5,13179
1108,12	-4,04513
1108,36	-8,50513
1108,60	-7,02513
1108,84	-6,25179
1109,08	-3,46513
1109,32	-4,21179
1109,55	-5,75179
1109,79	0,54821
1110,03	-2,01846
1110,27	-1,33179
1110,51	-6,31179
1110,75	-8,21179
1110,99	-9,14513
1111,22	-11,89846
1111,46	-10,87846
1111,70	-11,91846
1111,94	-15,18513
1112,18	-16,52513
1112,42	-14,51846
1112,65	-6,87846
1112,89	-2,57179
1113,13	-3,79179
1113,37	-3,39846
1113,61	-3,57179
1113,85	2,98821
1114,08	0,78154
1114,32	-2,00513
1114,56	-3,70513
1114,80	-4,41846
1115,04	0,27487
1115,28	-5,03846
1115,51	-2,90513
1115,75	-2,06513
1115,99	-0,34513
1116,23	-0,80513
1116,47	-2,18513
1116,70	-3,76513
1116,94	-6,10513
1117,18	-3,87179
1117,42	-4,67846
1117,66	-1,14513
1117,90	-8,51179
1118,13	-6,93846
1118,37	-12,56513
1118,61	-10,16513
1118,85	-7,59179
1119,09	-8,67179
1119,32	-5,77179
1119,56	-6,39179
1119,80	-6,82513
1120,04	-12,17179
1120,28	-8,62513
1120,51	-7,02513
1120,75	-3,89846
1120,99	-10,29846