194,56	-61,73846
194,83	-61,73846
195,09	-58,15846
195,36	-39,20513
195,63	-19,19846
195,90	-4,96513
196,17	-6,09846
196,44	-9,37846
196,71	-4,09846
196,97	-1,61846
197,24	6,51487
197,51	-1,02513
197,78	3,10154
198,05	1,45487
198,32	5,59487
198,59	-0,10513
198,86	1,98154
199,12	-0,41846
199,39	2,50154
199,66	1,86154
199,93	7,55487
200,20	6,58154
200,47	0,92821
200,74	-0,89846
201,00	-2,25846
201,27	-0,07179
201,54	-4,02513
201,81	2,40821
202,08	-1,74513
202,35	2,28154
202,61	1,00821
202,88	14,60821
203,15	9,75487
203,42	5,90154
203,69	-3,55179
203,96	-0,37846
204,23	-0,07846
204,49	-2,39179
204,76	3,56821
205,03	7,40821
205,30	8,98154
205,57	4,14821
205,84	4,66821
206,10	10,72821
206,37	12,68821
206,64	14,59487
206,91	13,04154
207,18	8,91487
207,45	7,80821
207,71	3,44154
207,98	9,00821
208,25	4,31487
208,52	2,90821
208,79	-0,85179
209,06	1,70154
209,32	4,80154
209,59	7,44154
209,86	-0,47179
210,13	1,46821
210,40	3,76154
210,67	12,26821
210,93	10,27487
211,20	3,79487
211,47	1,90821
211,74	8,22821
212,01	8,48821
212,28	12,92154
212,54	13,47487
212,81	14,48154
213,08	11,86154
213,35	9,02821
213,62	12,40821
213,88	15,23487
214,15	11,74821
214,42	8,42821
214,69	9,02154
214,96	9,46821
215,23	16,20154
215,49	13,38821
215,76	12,80154
216,03	11,50821
216,30	5,90154
216,57	1,98154
216,83	0,33487
217,10	2,86154
217,37	8,76154
217,64	14,26821
217,91	16,24821
218,17	8,53487
218,44	-2,59179
218,71	-1,02513
218,98	5,18154
219,25	14,38154
219,51	14,62154
219,78	13,68154
220,05	8,54821
220,32	4,95487
220,59	5,88154
220,85	6,60821
221,12	10,86821
221,39	16,03487
221,66	14,96821
221,93	8,90154
222,19	1,27487
222,46	6,44821
222,73	11,24821
223,00	17,74154
223,27	12,16821
223,53	12,26821
223,80	9,90821
224,07	13,80821
224,34	16,94154
224,61	15,24154
224,87	8,94821
225,14	1,54154
225,41	1,82154
225,68	9,80821
225,94	13,82821
226,21	15,18821
226,48	8,80821
226,75	8,64821
227,02	4,80821
227,28	8,48154
227,55	4,28821
227,82	6,98821
228,09	-0,67846
228,36	-0,82513
228,62	-0,20513
228,89	5,04821
229,16	7,55487
229,43	6,95487
229,69	6,96821
229,96	8,48821
230,23	5,32154
230,50	9,36821
230,76	5,55487
231,03	7,31487
231,30	5,57487
231,57	8,85487
231,84	8,23487
232,10	5,80821
232,37	5,49487
232,64	4,62821
232,91	3,80821
233,17	6,20821
233,44	7,26154
233,71	9,02154
233,98	3,69487
234,24	4,44154
234,51	10,44154
234,78	13,76821
235,05	16,90821
235,31	10,80154
235,58	8,62821
235,85	3,44154
236,12	0,44821
236,39	7,50821
236,65	9,39487
236,92	22,01487
237,19	19,09487
237,46	29,29487
237,72	20,46154
237,99	15,67487
238,26	6,18154
238,53	11,80154
238,79	11,74821
239,06	11,68821
239,33	2,36821
239,60	0,60154
239,86	-2,77179
240,13	-2,45179
240,40	-3,45179
240,67	4,66154
240,93	8,20154
241,20	8,84154
241,47	1,62821
241,73	0,84821
242,00	1,54154
242,27	3,80154
242,54	5,77487
242,80	6,38154
243,07	8,76154
243,34	7,68154
243,61	18,80154
243,87	14,25487
244,14	12,56821
244,41	1,58821
244,68	3,22821
244,94	5,73487
245,21	9,22154
245,48	11,78154
245,74	8,78821
246,01	11,16154
246,28	8,37487
246,55	7,92154
246,81	0,40821
247,08	2,14821
247,35	4,18821
247,62	5,94821
247,88	0,84154
248,15	4,12154
248,42	14,46821
248,68	15,76821
248,95	10,13487
249,22	2,13487
249,49	4,74821
249,75	5,00821
250,02	7,36821
250,29	5,69487
250,56	10,01487
250,82	12,10821
251,09	14,32821
251,36	16,37487
251,62	8,99487
251,89	9,72821
252,16	13,56821
252,43	21,12154
252,69	17,80154
252,96	8,81487
253,23	7,01487
253,49	9,00154
253,76	11,54154
254,03	16,99487
254,29	17,13487
254,56	16,46154
254,83	7,57487
255,10	2,65487
255,36	1,79487
255,63	5,98154
255,90	13,16821
256,16	13,90821
256,43	6,10154
256,70	7,30154
256,96	6,11487
257,23	10,28154
257,50	6,98154
257,77	10,60821
258,03	9,52154
258,30	12,43487
258,57	6,28821
258,83	8,62821
259,10	5,42821
259,37	5,54154
259,63	1,19487
259,90	5,99487
260,17	5,93487
260,43	8,93487
260,70	4,16154
260,97	11,36154
261,24	13,35487
261,50	13,53487
261,77	8,97487
262,04	5,02821
262,30	2,92821
262,57	1,84154
262,84	5,04154
263,10	13,16154
263,37	16,10154
263,64	11,18154
263,90	3,36821
264,17	1,39487
264,44	2,58821
264,70	3,50821
264,97	6,63487
265,24	13,96821
265,50	16,55487
265,77	17,14154
266,04	13,16154
266,30	9,81487
266,57	2,07487
266,84	0,82821
267,10	1,64821
267,37	12,12154
267,64	14,14154
267,90	18,89487
268,17	14,66821
268,44	11,93487
268,70	4,37487
268,97	-2,41846
269,24	-0,67179
269,50	4,06821
269,77	10,60821
270,04	13,61487
270,30	10,74821
270,57	12,94821
270,84	4,97487
271,10	8,92821
271,37	4,47487
271,64	12,88821
271,90	20,66154
272,17	21,80821
272,44	17,87487
272,70	9,38821
272,97	5,88154
273,24	4,75487
273,50	5,31487
273,77	11,20154
274,04	11,71487
274,30	11,17487
274,57	6,13487
274,84	10,55487
275,10	9,86154
275,37	11,02821
275,64	5,66821
275,90	1,38821
276,17	0,72821
276,43	3,59487
276,70	3,20821
276,97	2,11487
277,23	5,33487
277,50	6,15487
277,77	2,28821
278,03	-8,00513
278,30	-4,08513
278,57	-1,45179
278,83	2,32154
279,10	3,94154
279,37	1,14154
279,63	2,48154
279,90	4,80154
280,16	11,12821
280,43	13,87487
280,70	10,94154
280,96	16,53487
281,23	15,16821
281,50	10,11487
281,76	4,54821
282,03	5,29487
282,29	8,32154
282,56	7,52154
282,83	3,84821
283,09	0,90154
283,36	2,76154
283,63	4,87487
283,89	7,82154
284,16	7,66154
284,42	9,25487
284,69	9,84154
284,96	8,28154
285,22	6,03487
285,49	7,58821
285,76	7,18821
286,02	12,58821
286,29	13,80821
286,55	13,18821
286,82	7,26821
287,09	0,97487
287,35	4,78821
287,62	2,98154
287,88	5,91487
288,15	0,87487
288,42	-0,31179
288,68	2,84154
288,95	5,12821
289,22	12,03487
289,48	10,62821
289,75	11,99487
290,01	10,40821
290,28	5,17487
290,55	5,00154
290,81	0,34154
291,08	6,98821
291,34	10,58154
291,61	16,06154
291,88	14,66821
292,14	7,64154
292,41	6,32821
292,67	11,58154
292,94	16,37487
293,21	15,75487
293,47	10,97487
293,74	9,68154
294,00	4,74821
294,27	-0,51846
294,54	-2,99846
294,80	2,42821
295,07	10,10821
295,33	9,12154
295,60	9,70821
295,86	6,72154
296,13	5,72821
296,40	0,98154
296,66	1,70154
296,93	12,84154
297,19	18,79487
297,46	16,91487
297,73	12,02154
297,99	8,15487
298,26	5,38154
298,52	0,03487
298,79	0,18154
299,05	-2,54513
299,32	3,52154
299,59	7,82821
299,85	13,17487
300,12	8,68154
300,38	4,55487
300,65	1,81487
300,92	5,87487
301,18	6,02154
301,45	12,02821
301,71	6,68154
301,98	11,04154
302,24	13,10154
302,51	18,00154
302,78	17,08154
303,04	11,04821
303,31	11,25487
303,57	13,58154
303,84	14,90154
304,10	9,47487
304,37	9,22821
304,63	12,67487
304,90	18,96821
305,17	19,64154
305,43	16,40821
305,70	22,12154
305,96	21,90821
306,23	23,21487
306,49	19,38821
306,76	18,65487
307,03	18,20821
307,29	16,72154
307,56	19,32154
307,82	22,26821
308,09	22,68154
308,35	22,22154
308,62	25,78821
308,88	23,76821
309,15	23,76821
309,42	20,66154
309,68	22,79487
309,95	24,72154
310,21	21,78154
310,48	23,38821
310,74	23,19487
311,01	30,26821
311,27	26,88154
311,54	22,09487
311,80	16,94154
312,07	23,34821
312,34	28,28821
312,60	25,92821
312,87	25,24821
313,13	30,24821
313,40	32,88821
313,66	34,27487
313,93	27,25487
314,19	33,85487
314,46	30,60821
314,72	34,93487
314,99	30,48821
315,25	28,68154
315,52	23,04154
315,78	21,22154
316,05	21,06154
316,32	22,94821
316,58	22,34154
316,85	25,73487
317,11	26,23487
317,38	27,66154
317,64	26,96154
317,91	25,90154
318,17	25,88154
318,44	26,72821
318,70	24,63487
318,97	25,71487
319,23	30,61487
319,50	32,49487
319,76	31,58154
320,03	25,84821
320,29	28,86821
320,56	30,29487
320,82	32,01487
321,09	31,92821
321,36	35,48154
321,62	35,38821
321,89	33,56821
322,15	30,67487
322,42	32,34821
322,68	37,80154
322,95	44,83487
323,21	49,82154
323,48	48,78821
323,74	48,34821
324,01	48,21487
324,27	50,22821
324,54	51,95487
324,80	60,10821
325,07	67,51487
325,33	73,72821
325,60	68,00154
325,86	68,09487
326,13	62,78154
326,39	63,54821
326,66	59,44821
326,92	61,04821
327,19	62,14154
327,45	64,89487
327,72	69,57487
327,98	72,10821
328,25	76,03487
328,51	71,86821
328,78	71,28154
329,04	68,37487
329,31	66,96154
329,57	64,45487
329,84	63,79487
330,10	66,62154
330,37	72,32821
330,63	70,86154
330,90	70,66154
331,16	71,84821
331,43	75,31487
331,69	79,38154
331,96	77,82154
332,22	76,42821
332,49	75,00821
332,75	68,57487
333,01	62,59487
333,28	56,02821
333,54	55,25487
333,81	62,67487
334,07	63,73487
334,34	62,25487
334,60	59,29487
334,87	61,82154
335,13	70,24821
335,40	67,04821
335,66	63,03487
335,93	57,52154
336,19	57,52821
336,46	62,64821
336,72	59,06154
336,99	60,41487
337,25	58,05487
337,52	61,63487
337,78	66,80821
338,05	63,83487
338,31	68,50821
338,57	69,49487
338,84	70,38154
339,10	68,19487
339,37	63,31487
339,63	68,69487
339,90	70,04821
340,16	71,56821
340,43	67,82154
340,69	69,10154
340,96	66,12821
341,22	69,58154
341,49	64,77487
341,75	65,56821
342,01	66,22154
342,28	70,81487
342,54	80,34821
342,81	83,94821
343,07	88,64154
343,34	84,70821
343,60	87,31487
343,87	81,26154
344,13	82,94821
344,40	86,44154
344,66	92,70821
344,92	103,58154
345,19	100,66154
345,45	105,27487
345,72	106,16821
345,98	111,70154
346,25	111,47487
346,51	109,46154
346,78	107,62821
347,04	111,50821
347,30	108,68154
347,57	109,94154
347,83	107,01487
348,10	111,74154
348,36	113,91487
348,63	118,52154
348,89	116,24821
349,15	115,87487
349,42	111,89487
349,68	109,42821
349,95	106,48154
350,21	110,17487
350,48	113,38154
350,74	117,51487
351,01	114,06821
351,27	116,72821
351,53	115,17487
351,80	115,78154
352,06	116,77487
352,33	118,29487
352,59	118,93487
352,86	118,81487
353,12	121,08154
353,38	130,66821
353,65	125,10154
353,91	120,94821
354,18	114,83487
354,44	121,26154
354,70	118,11487
354,97	109,13487
355,23	102,84154
355,50	99,80821
355,76	101,78154
356,03	99,34154
356,29	104,28154
356,55	104,66154
356,82	103,30154
357,08	99,76821
357,35	99,87487
357,61	107,62154
357,87	112,33487
358,14	113,50154
358,40	109,16154
358,67	113,41487
358,93	115,11487
359,20	122,33487
359,46	124,20154
359,72	129,95487
359,99	133,55487
360,25	144,84154
360,52	155,16154
360,78	162,53487
361,04	158,84821
361,31	148,06821
361,57	136,06154
361,84	130,71487
362,10	130,64154
362,36	132,76821
362,63	132,64821
362,89	132,98821
363,16	133,02821
363,42	134,76821
363,68	131,35487
363,95	130,77487
364,21	121,52154
364,47	124,30154
364,74	123,48154
365,00	125,22821
365,27	120,67487
365,53	119,90154
365,79	124,90154
366,06	132,08154
366,32	137,02821
366,59	128,84821
366,85	123,71487
367,11	118,30821
367,38	122,09487
367,64	122,32821
367,91	121,30821
368,17	120,33487
368,43	117,33487
368,70	120,20821
368,96	118,75487
369,22	126,67487
369,49	126,88154
369,75	126,16821
370,02	120,31487
370,28	116,78154
370,54	117,84154
370,81	115,40154
371,07	114,14821
371,33	122,20154
371,60	114,11487
371,86	109,78821
372,13	99,12821
372,39	105,01487
372,65	110,06154
372,92	112,44154
373,18	117,29487
373,44	114,96154
373,71	107,94154
373,97	101,69487
374,23	101,40154
374,50	111,70154
374,76	115,26821
375,03	117,92154
375,29	114,31487
375,55	113,74821
375,82	109,59487
376,08	107,37487
376,34	115,09487
376,61	112,76154
376,87	109,24821
377,13	95,94821
377,40	100,54821
377,66	110,20154
377,92	119,11487
378,19	122,93487
378,45	123,54821
378,72	117,70821
378,98	115,17487
379,24	109,46821
379,51	113,50154
379,77	112,50154
380,03	103,53487
380,30	106,49487
380,56	105,72154
380,82	116,72154
381,09	111,58154
381,35	113,73487
381,61	109,18821
381,88	113,42821
382,14	116,24821
382,40	121,48821
382,67	117,54154
382,93	112,22821
383,19	106,40154
383,46	105,98821
383,72	107,62154
383,98	108,77487
384,25	113,40821
384,51	116,00154
384,77	115,44821
385,04	115,20821
385,30	110,96821
385,56	119,81487
385,83	124,90154
386,09	130,35487
386,35	129,21487
386,62	125,82154
386,88	129,50154
387,14	128,68821
387,41	124,57487
387,67	121,91487
387,93	119,66154
388,20	120,70154
388,46	116,20821
388,72	116,84154
388,99	115,48154
389,25	116,65487
389,51	112,61487
389,78	113,38154
390,04	115,51487
390,30	119,24821
390,56	116,50821
390,83	113,77487
391,09	115,71487
391,35	117,62821
391,62	120,94154
391,88	121,42821
392,14	126,43487
392,41	127,02821
392,67	122,62821
392,93	122,12821
393,20	117,76154
393,46	120,87487
393,72	115,86154
393,99	113,54154
394,25	115,46821
394,51	112,50821
394,77	117,49487
395,04	113,42154
395,30	119,71487
395,56	120,98154
395,83	120,47487
396,09	118,88821
396,35	119,88154
396,62	119,20821
396,88	124,11487
397,14	119,26821
397,40	129,86821
397,67	129,28821
397,93	129,90154
398,19	125,24154
398,46	123,10821
398,72	126,48821
398,98	125,02821
399,24	127,26154
399,51	129,28154
399,77	132,08154
400,03	128,14154
400,30	122,70154
400,56	131,02154
400,82	138,18821
401,08	140,00821
401,35	133,27487
401,61	135,65487
401,87	136,84821
402,14	140,76154
402,40	137,68821
402,66	144,10821
402,92	138,16154
403,19	136,51487
403,45	139,42821
403,71	141,33487
403,98	143,65487
404,24	138,85487
404,50	139,32154
404,76	144,98154
405,03	147,75487
405,29	151,12154
405,55	148,27487
405,81	151,72154
406,08	148,52821
406,34	147,67487
406,60	146,00821
406,87	150,67487
407,13	154,81487
407,39	150,42154
407,65	144,12821
407,92	137,53487
408,18	134,74154
408,44	136,68154
408,70	134,43487
408,97	136,75487
409,23	136,37487
409,49	136,44154
409,75	133,65487
410,02	131,18154
410,28	128,86154
410,54	129,52821
410,80	132,65487
411,07	135,43487
411,33	140,50821
411,59	132,56154
411,85	138,41487
412,12	139,49487
412,38	145,71487
412,64	139,88154
412,90	132,16821
413,17	129,92821
413,43	126,94821
413,69	131,51487
413,95	131,09487
414,22	130,74821
414,48	122,00154
414,74	116,98154
415,00	116,94154
415,27	116,98154
415,53	123,40154
415,79	122,22821
416,05	125,86821
416,32	124,33487
416,58	133,40154
416,84	137,84154
417,10	134,42821
417,37	128,66154
417,63	125,58154
417,89	130,78821
418,15	128,98821
418,41	126,34821
418,68	124,76821
418,94	127,91487
419,20	127,82154
419,46	129,94821
419,73	127,98154
419,99	131,64821
420,25	128,97487
420,51	143,81487
420,78	143,10154
421,04	137,91487
421,30	120,40821
421,56	124,04821
421,82	130,32821
422,09	136,61487
422,35	131,94154
422,61	132,38154
422,87	156,50821
423,14	152,86154
423,40	153,38154
423,66	124,43487
423,92	133,25487
424,18	132,65487
424,45	134,32154
424,71	130,70154
424,97	134,54154
425,23	134,62821
425,49	137,23487
425,76	143,27487
426,02	153,18821
426,28	160,12154
426,54	160,02154
426,81	160,94821
427,07	161,51487
427,33	159,97487
427,59	162,75487
427,85	165,32154
428,12	175,41487
428,38	174,91487
428,64	167,24154
428,90	151,18821
429,16	143,53487
429,43	140,51487
429,69	139,78154
429,95	137,12154
430,21	136,66154
430,47	140,74821
430,74	135,88154
431,00	130,37487
431,26	122,22154
431,52	122,92154
431,78	125,34154
432,05	128,08154
432,31	137,15487
432,57	134,56821
432,83	129,90154
433,09	120,35487
433,35	123,22154
433,62	122,94154
433,88	122,23487
434,14	120,14821
434,40	121,52821
434,66	125,54821
434,93	126,14154
435,19	128,79487
435,45	126,80154
435,71	134,94821
435,97	138,69487
436,23	141,71487
436,50	140,72821
436,76	140,47487
437,02	143,91487
437,28	141,83487
437,54	146,66154
437,81	145,51487
438,07	148,69487
438,33	148,47487
438,59	147,41487
438,85	146,14154
439,11	136,98154
439,38	139,74154
439,64	135,12154
439,90	136,96154
440,16	133,48154
440,42	134,56821
440,68	137,92821
440,95	133,72821
441,21	138,94821
441,47	142,56821
441,73	145,52154
441,99	145,24154
442,25	138,79487
442,52	141,90821
442,78	134,57487
443,04	135,05487
443,30	131,02154
443,56	134,62154
443,82	134,96821
444,08	137,60821
444,35	135,74154
444,61	134,82154
444,87	127,37487
445,13	130,22154
445,39	123,90154
445,65	126,62154
445,92	115,62821
446,18	119,71487
446,44	122,34154
446,70	130,33487
446,96	134,03487
447,22	136,21487
447,48	136,92821
447,75	137,79487
448,01	141,20821
448,27	135,34821
448,53	132,43487
448,79	131,28154
449,05	139,76821
449,31	139,99487
449,58	140,18821
449,84	142,44821
450,10	152,05487
450,36	152,56154
450,62	155,42154
450,88	155,64821
451,14	159,98154
451,41	160,62821
451,67	158,42154
451,93	157,28154
452,19	156,87487
452,45	160,72154
452,71	161,11487
452,97	156,52821
453,23	160,31487
453,50	161,58821
453,76	167,32154
454,02	163,38821
454,28	165,07487
454,54	164,93487
454,80	165,21487
455,06	158,14821
455,32	150,74821
455,59	138,96154
455,85	135,98154
456,11	133,82821
456,37	136,10821
456,63	134,82154
456,89	137,63487
457,15	146,03487
457,41	152,60821
457,68	160,32154
457,94	158,22821
458,20	162,57487
458,46	165,52821
458,72	173,56154
458,98	182,30154
459,24	188,43487
459,50	189,78154
459,76	180,10821
460,03	162,38154
460,29	154,10154
460,55	152,86154
460,81	156,89487
461,07	152,29487
461,33	154,18154
461,59	159,64821
461,85	157,17487
462,11	152,85487
462,37	147,74821
462,64	154,31487
462,90	153,82821
463,16	158,12154
463,42	166,87487
463,68	177,11487
463,94	185,44154
464,20	193,14154
464,46	201,68821
464,72	215,59487
464,98	220,63487
465,24	232,82154
465,51	239,12821
465,77	249,26821
466,03	240,08154
466,29	224,04821
466,55	203,77487
466,81	195,28154
467,07	192,96821
467,33	191,78154
467,59	197,38154
467,85	195,23487
468,11	192,22821
468,38	181,83487
468,64	180,79487
468,90	176,46154
469,16	179,07487
469,42	178,01487
469,68	181,20154
469,94	187,32821
470,20	189,45487
470,46	190,02821
470,72	185,32154
470,98	179,89487
471,24	177,56821
471,50	171,29487
471,77	169,06154
472,03	166,62821
472,29	158,76154
472,55	155,88821
472,81	156,54821
473,07	159,17487
473,33	152,06821
473,59	149,94154
473,85	148,64154
474,11	153,00154
474,37	151,14154
474,63	149,39487
474,89	156,69487
475,15	162,60821
475,41	173,42821
475,68	172,98154
475,94	173,68154
476,20	174,16821
476,46	180,54821
476,72	180,04821
476,98	182,38154
477,24	180,10154
477,50	181,22821
477,76	182,97487
478,02	187,40821
478,28	195,07487
478,54	196,56821
478,80	203,33487
479,06	208,96154
479,32	221,14154
479,58	219,55487
479,84	220,38821
480,10	213,86821
480,36	218,29487
480,63	222,38821
480,89	218,60821
481,15	217,13487
481,41	210,63487
481,67	216,09487
481,93	215,35487
482,19	216,09487
482,45	217,99487
482,71	217,23487
482,97	215,93487
483,23	214,01487
483,49	216,12821
483,75	223,49487
484,01	226,13487
484,27	227,24821
484,53	232,36154
484,79	249,13487
485,05	254,41487
485,31	258,78821
485,57	250,00821
485,83	257,24154
486,09	258,07487
486,35	263,57487
486,61	265,94154
486,87	270,90154
487,13	279,94821
487,39	286,87487
487,65	295,57487
487,91	295,47487
488,17	292,74154
488,43	286,14154
488,70	290,75487
488,96	298,78821
489,22	303,84154
489,48	308,08821
489,74	313,68154
490,00	326,57487
490,26	333,50821
490,52	347,68821
490,78	354,81487
491,04	367,60154
491,30	378,19487
491,56	393,26821
491,82	400,12154
492,08	404,45487
492,34	413,45487
492,60	423,88154
492,86	430,86821
493,12	433,82821
493,38	440,73487
493,64	446,40821
493,90	447,46154
494,16	440,62154
494,42	439,28154
494,68	440,59487
494,94	449,69487
495,20	455,62821
495,46	454,78154
495,72	448,36821
495,98	441,73487
496,24	436,06154
496,50	435,49487
496,76	441,10154
497,02	445,42154
497,28	447,56154
497,54	451,30821
497,80	453,12154
498,06	450,87487
498,32	438,31487
498,58	437,81487
498,84	437,71487
499,10	441,26821
499,36	445,74821
499,62	452,26821
499,88	462,30821
500,14	465,50154
500,40	468,23487
500,66	475,62821
500,92	485,09487
501,18	488,61487
501,44	484,00154
501,69	482,04821
501,95	488,90154
502,21	492,12154
502,47	487,58821
502,73	478,43487
502,99	472,66154
503,25	471,68154
503,51	471,38154
503,77	469,74154
504,03	470,62154
504,29	475,44154
504,55	477,40821
504,81	472,42821
505,07	464,19487
505,33	461,92821
505,59	465,37487
505,85	473,84821
506,11	479,08154
506,37	482,77487
506,63	482,92821
506,89	487,75487
507,15	494,48821
507,41	497,06821
507,67	499,44154
507,93	500,38821
508,19	502,15487
508,45	502,05487
508,71	497,22821
508,97	495,89487
509,23	505,10154
509,49	533,18821
509,74	562,80821
510,00	579,63487
510,26	581,60154
510,52	577,71487
510,78	597,58154
511,04	621,36821
511,30	622,53487
511,56	573,64154
511,82	518,41487
512,08	486,76821
512,34	489,68821
512,60	489,31487
512,86	497,63487
513,12	501,57487
513,38	519,78821
513,64	554,38154
513,90	606,53487
514,16	680,44154
514,42	745,20821
514,67	798,22821
514,93	826,34821
515,19	837,74821
515,45	855,63487
515,71	887,88154
515,97	872,56154
516,23	788,18154
516,49	664,34821
516,75	586,82154
517,01	556,47487
517,27	533,88821
517,53	511,50154
517,79	494,70821
518,05	482,91487
518,31	480,48154
518,56	478,74154
518,82	486,13487
519,08	487,98154
519,34	500,68821
519,60	518,74154
519,86	561,82154
520,12	617,01487
520,38	700,98154
520,64	804,63487
520,90	910,66154
521,16	990,17487
521,42	1034,07487
521,68	1050,11487
521,93	1086,09487
522,19	1139,18821
522,45	1130,99487
522,71	991,94821
522,97	797,27487
523,23	644,18154
523,49	582,44154
523,75	541,22821
524,01	510,53487
524,27	474,94821
524,53	452,88154
524,79	433,80821
525,04	421,22821
525,30	399,61487
525,56	383,72821
525,82	370,29487
526,08	365,14154
526,34	352,79487
526,60	352,60154
526,86	343,40154
527,12	343,76154
527,38	334,44821
527,63	336,76821
527,89	340,87487
528,15	350,49487
528,41	359,56821
528,67	373,02821
528,93	386,08154
529,19	388,32154
529,45	388,35487
529,71	393,92821
529,97	399,78154
530,22	393,72154
530,48	371,53487
530,74	351,36154
531,00	337,04154
531,26	332,18821
531,52	323,02154
531,78	310,74821
532,04	300,94821
532,30	296,28154
532,55	304,99487
532,81	305,30821
533,07	301,24821
533,33	292,47487
533,59	284,77487
533,85	282,15487
534,11	290,60154
534,37	298,38821
534,62	306,48821
534,88	295,33487
535,14	290,02154
535,40	288,68821
535,66	294,97487
535,92	300,03487
536,18	302,06154
536,44	299,71487
536,69	291,13487
536,95	286,36154
537,21	284,32154
537,47	289,60821
537,73	292,88154
537,99	290,54821
538,25	289,76821
538,51	286,18821
538,76	288,10154
539,02	287,97487
539,28	293,38154
539,54	294,32154
539,80	292,04154
540,06	288,13487
540,32	289,52154
540,57	291,56821
540,83	292,80154
541,09	283,97487
541,35	276,52154
541,61	270,88154
541,87	268,56821
542,13	275,04821
542,38	277,56154
542,64	279,38154
542,90	276,54154
543,16	268,40821
543,42	270,45487
543,68	266,68154
543,94	269,25487
544,19	265,85487
544,45	265,78821
544,71	262,56821
544,97	263,17487
545,23	256,75487
545,49	256,90154
545,74	247,23487
546,00	251,15487
546,26	241,76154
546,52	252,82821
546,78	252,79487
547,04	258,82821
547,29	252,40821
547,55	246,34821
547,81	246,17487
548,07	246,22821
548,33	245,54154
548,59	244,42821
548,84	242,64154
549,10	241,80821
549,36	239,20154
549,62	237,74154
549,88	239,13487
550,14	239,20154
550,39	237,98821
550,65	240,76154
550,91	243,40154
551,17	242,18821
551,43	239,46821
551,69	238,67487
551,94	246,46821
552,20	250,92154
552,46	256,20821
552,72	254,08154
552,98	254,94154
553,24	254,02821
553,49	256,96821
553,75	258,36821
554,01	262,97487
554,27	265,09487
554,53	267,32821
554,78	261,84154
555,04	255,18821
555,30	249,20821
555,56	243,02154
555,82	245,79487
556,07	245,75487
556,33	248,66821
556,59	242,76821
556,85	239,82821
557,11	242,53487
557,37	243,36821
557,62	236,77487
557,88	228,58154
558,14	231,19487
558,40	231,43487
558,66	231,53487
558,91	224,43487
559,17	227,76821
559,43	229,95487
559,69	229,01487
559,95	223,60821
560,20	218,98821
560,46	224,50821
560,72	231,58821
560,98	240,02154
561,24	233,75487
561,49	232,74154
561,75	228,44821
562,01	233,22821
562,27	235,48154
562,52	235,26154
562,78	236,45487
563,04	235,02154
563,30	231,57487
563,56	228,02154
563,81	230,00154
564,07	234,25487
564,33	241,69487
564,59	235,66821
564,85	232,18821
565,10	234,77487
565,36	239,89487
565,62	248,14821
565,88	238,32154
566,13	238,88154
566,39	237,83487
566,65	245,71487
566,91	253,14821
567,17	251,70154
567,42	257,36154
567,68	252,46821
567,94	257,14821
568,20	251,19487
568,45	253,64154
568,71	253,76821
568,97	254,54821
569,23	264,71487
569,49	266,30821
569,74	268,75487
570,00	254,24821
570,26	257,44821
570,52	261,59487
570,77	266,04821
571,03	258,56154
571,29	246,08154
571,55	239,10821
571,80	227,20154
572,06	220,08821
572,32	214,37487
572,58	222,72154
572,83	225,90154
573,09	221,70154
573,35	217,00821
573,61	212,34154
573,86	213,64154
574,12	207,40821
574,38	210,15487
574,64	209,86821
574,89	213,64154
575,15	220,18821
575,41	220,81487
575,67	219,04154
575,92	211,74154
576,18	215,48821
576,44	219,54154
576,70	225,21487
576,95	233,84154
577,21	249,42154
577,47	266,59487
577,73	283,97487
577,98	288,69487
578,24	292,72154
578,50	303,86821
578,76	322,57487
579,01	307,43487
579,27	270,81487
579,53	236,48154
579,79	224,90821
580,04	219,06154
580,30	205,30154
580,56	197,34154
580,81	193,19487
581,07	194,58154
581,33	194,90821
581,59	195,32821
581,84	200,40821
582,10	205,02821
582,36	206,53487
582,62	203,20154
582,87	202,66821
583,13	209,40821
583,39	208,54821
583,64	210,10154
583,90	202,28821
584,16	202,52821
584,42	197,34821
584,67	196,06821
584,93	197,55487
585,19	199,44821
585,45	201,51487
585,70	197,80154
585,96	199,32154
586,22	198,77487
586,47	196,81487
586,73	194,82821
586,99	192,33487
587,25	195,64821
587,50	193,93487
587,76	193,68821
588,02	193,22821
588,27	197,16821
588,53	205,87487
588,79	204,70154
589,04	200,50154
589,30	202,40821
589,56	204,27487
589,82	210,22821
590,07	205,54154
590,33	203,04154
590,59	195,68821
590,84	191,66821
591,10	192,91487
591,36	196,59487
591,61	195,88154
591,87	196,47487
592,13	193,79487
592,39	193,38154
592,64	192,91487
592,90	189,93487
593,16	190,32154
593,41	190,53487
593,67	194,96821
593,93	195,48821
594,18	198,00154
594,44	200,43487
594,70	198,72154
594,95	197,35487
595,21	199,49487
595,47	199,02821
595,73	196,98821
595,98	191,84154
596,24	192,72821
596,50	187,13487
596,75	188,62154
597,01	191,00821
597,27	194,27487
597,52	192,52821
597,78	189,22821
598,04	190,09487
598,29	184,63487
598,55	185,47487
598,81	182,16154
599,06	184,52821
599,32	180,32821
599,58	184,67487
599,83	181,28821
600,09	181,69487
600,35	179,24154
600,60	180,79487
600,86	185,35487
601,12	186,12821
601,37	189,05487
601,63	182,37487
601,89	178,72154
602,14	176,02821
602,40	176,90154
602,66	176,37487
602,91	171,90821
603,17	175,12821
603,43	180,04154
603,68	187,61487
603,94	184,66821
604,20	181,55487
604,45	176,12154
604,71	176,11487
604,97	176,64154
605,22	178,03487
605,48	178,08821
605,74	179,14154
605,99	180,13487
606,25	179,30821
606,51	176,34154
606,76	170,18154
607,02	174,73487
607,27	174,13487
607,53	180,06821
607,79	177,89487
608,04	175,78821
608,30	172,40154
608,56	170,58154
608,81	177,46154
609,07	179,68154
609,33	187,92154
609,58	190,80154
609,84	194,04154
610,10	191,10154
610,35	183,96154
610,61	183,68821
610,86	179,45487
611,12	183,95487
611,38	179,79487
611,63	179,79487
611,89	177,54821
612,15	181,59487
612,40	177,81487
612,66	173,66821
612,92	167,15487
613,17	175,77487
613,43	181,45487
613,68	186,82154
613,94	181,45487
614,20	178,76154
614,45	175,41487
614,71	182,03487
614,97	178,56154
615,22	179,90821
615,48	176,16154
615,73	180,67487
615,99	182,75487
616,25	182,55487
616,50	185,43487
616,76	185,30821
617,01	187,35487
617,27	180,88821
617,53	180,34821
617,78	186,72821
618,04	192,93487
618,30	198,27487
618,55	187,30821
618,81	187,94154
619,06	181,82154
619,32	184,90821
619,58	182,75487
619,83	185,81487
620,09	186,23487
620,34	187,66154
620,60	185,51487
620,86	184,24154
621,11	183,65487
621,37	189,25487
621,62	189,96821
621,88	186,44154
622,14	180,03487
622,39	183,57487
622,65	187,39487
622,90	187,65487
623,16	187,70821
623,42	187,76821
623,67	184,27487
623,93	185,84821
624,18	182,75487
624,44	191,79487
624,70	192,28821
624,95	192,43487
625,21	190,66154
625,46	186,30154
625,72	191,20154
625,98	186,72154
626,23	189,59487
626,49	183,93487
626,74	186,84821
627,00	186,90821
627,25	187,88154
627,51	190,43487
627,77	185,97487
628,02	182,58821
628,28	178,76821
628,53	179,88154
628,79	184,88821
629,04	181,82821
629,30	178,50154
629,56	178,67487
629,81	176,95487
630,07	178,86154
630,32	176,31487
630,58	187,14154
630,83	186,04154
631,09	184,26821
631,35	174,93487
631,60	174,36821
631,86	178,09487
632,11	180,75487
632,37	176,06154
632,62	169,93487
632,88	166,26154
633,14	169,28154
633,39	168,93487
633,65	175,04154
633,90	177,51487
634,16	178,61487
634,41	172,45487
634,67	170,88154
634,93	174,22821
635,18	176,64154
635,44	169,92154
635,69	165,64821
635,95	165,48821
636,20	172,86821
636,46	171,14821
636,71	168,38154
636,97	164,91487
637,22	165,32821
637,48	163,12821
637,74	162,55487
637,99	163,66154
638,25	164,47487
638,50	161,66154
638,76	163,18154
639,01	159,66821
639,27	158,73487
639,52	157,30154
639,78	161,22154
640,03	160,86821
640,29	158,08154
640,55	156,68154
640,80	156,39487
641,06	152,88154
641,31	157,19487
641,57	158,22821
641,82	162,22821
642,08	160,12821
642,33	161,86821
642,59	164,00154
642,84	164,47487
643,10	160,94154
643,35	157,76154
643,61	154,98821
643,87	157,34154
644,12	156,92154
644,38	153,31487
644,63	153,60821
644,89	157,71487
645,14	160,24154
645,40	158,03487
645,65	158,14821
645,91	157,22821
646,16	163,55487
646,42	164,54154
646,67	163,92821
646,93	160,61487
647,18	160,46821
647,44	162,71487
647,69	159,32154
647,95	152,86154
648,20	151,46154
648,46	152,14821
648,71	153,43487
648,97	153,80154
649,22	153,91487
649,48	152,54154
649,73	149,84154
649,99	147,93487
650,24	152,79487
650,50	156,78154
650,75	157,84821
651,01	156,58154
651,26	154,65487
651,52	154,06821
651,77	148,38154
652,03	148,58154
652,28	147,75487
652,54	156,36154
652,79	163,42154
653,05	169,11487
653,30	169,11487
653,56	164,84821
653,81	166,24154
654,07	168,11487
654,32	170,39487
654,58	171,46154
654,83	175,31487
655,09	176,24821
655,34	178,45487
655,60	179,10821
655,85	181,30154
656,11	190,90154
656,36	195,20154
656,62	196,30821
656,87	188,50154
657,13	179,99487
657,38	181,61487
657,64	184,26154
657,89	187,14154
658,15	179,14821
658,40	167,57487
658,66	164,34154
658,91	159,84821
659,17	159,39487
659,42	156,20154
659,68	156,40154
659,93	151,57487
660,19	147,28821
660,44	149,01487
660,70	154,44154
660,95	154,82154
661,20	151,73487
661,46	149,21487
661,71	147,66154
661,97	146,05487
662,22	148,31487
662,48	150,32821
662,73	150,48154
662,99	151,13487
663,24	151,16154
663,50	148,28821
663,75	144,40154
664,01	135,31487
664,26	139,90154
664,52	135,34821
664,77	141,48821
665,02	142,78154
665,28	145,36154
665,53	143,14821
665,79	142,86821
666,04	143,17487
666,30	141,24821
666,55	139,56821
666,81	134,92154
667,06	136,06821
667,32	136,00154
667,57	135,96154
667,82	134,25487
668,08	132,72821
668,33	133,12821
668,59	131,57487
668,84	132,70154
669,10	130,30154
669,35	147,12154
669,61	138,32821
669,86	142,22154
670,11	122,41487
670,37	126,88154
670,62	125,48821
670,88	129,45487
671,13	124,91487
671,39	119,12821
671,64	115,86154
671,90	118,00154
672,15	120,38154
672,40	119,77487
672,66	115,49487
672,91	121,11487
673,17	123,79487
673,42	130,98821
673,68	128,90154
673,93	128,86821
674,18	130,31487
674,44	129,68154
674,69	133,18154
674,95	133,75487
675,20	131,62821
675,46	127,10821
675,71	120,72821
675,96	122,94821
676,22	119,44154
676,47	119,96821
676,73	117,30821
676,98	116,34821
677,23	117,19487
677,49	118,38154
677,74	123,50154
678,00	117,76154
678,25	114,68821
678,51	114,85487
678,76	110,58821
679,01	110,54154
679,27	104,32154
679,52	106,62154
679,78	105,48821
680,03	107,54821
680,28	108,14154
680,54	106,36821
680,79	100,37487
681,05	100,97487
681,30	99,06154
681,55	102,51487
681,81	103,47487
682,06	109,78154
682,32	110,99487
682,57	114,06821
682,82	109,72821
683,08	106,69487
683,33	97,75487
683,59	99,91487
683,84	97,54821
684,09	100,68821
684,35	97,69487
684,60	101,72154
684,86	103,04154
685,11	109,33487
685,36	109,30154
685,62	110,43487
685,87	98,95487
686,13	95,60154
686,38	89,56821
686,63	96,41487
686,89	102,06821
687,14	111,46154
687,40	109,59487
687,65	109,70154
687,90	104,99487
688,16	105,53487
688,41	102,36154
688,66	99,34154
688,92	98,14154
689,17	93,93487
689,43	94,01487
689,68	96,48154
689,93	100,35487
690,19	100,98821
690,44	95,42154
690,69	92,68821
690,95	93,56154
691,20	99,76821
691,46	99,24821
691,71	102,48154
691,96	102,41487
692,22	104,38821
692,47	100,18821
692,72	97,00821
692,98	94,55487
693,23	95,31487
693,49	98,36154
693,74	100,19487
693,99	102,03487
694,25	99,04154
694,50	97,92821
694,75	94,72821
695,01	88,62154
695,26	89,12821
695,51	87,92154
695,77	86,95487
696,02	84,35487
696,27	83,85487
696,53	90,27487
696,78	94,20154
697,04	95,36154
697,29	91,36821
697,54	88,19487
697,80	83,78821
698,05	83,26154
698,30	81,08821
698,56	82,12154
698,81	82,86821
699,06	83,88821
699,32	82,70821
699,57	83,38821
699,82	86,58821
700,08	84,92821
700,33	82,86821
700,58	78,72821
700,84	79,62154
701,09	76,82821
701,34	76,76154
701,60	79,40154
701,85	81,64821
702,10	81,68154
702,36	83,22821
702,61	79,86154
702,86	78,44154
703,12	71,68154
703,37	73,86821
703,62	72,62821
703,88	73,55487
704,13	69,52821
704,38	69,68154
704,64	76,16154
704,89	80,97487
705,14	87,27487
705,40	85,62154
705,65	84,09487
705,90	77,38154
706,16	70,84154
706,41	73,70154
706,66	74,62821
706,92	74,96154
707,17	75,12154
707,42	80,84154
707,68	78,31487
707,93	75,34821
708,18	72,10821
708,44	80,60821
708,69	83,91487
708,94	83,36154
709,19	79,94154
709,45	81,14154
709,70	76,60154
709,95	76,26154
710,21	69,16154
710,46	69,40821
710,71	73,21487
710,97	73,91487
711,22	74,93487
711,47	68,56821
711,73	69,18154
711,98	69,44821
712,23	68,02821
712,48	65,80154
712,74	65,40154
712,99	66,63487
713,24	64,48154
713,50	64,20821
713,75	69,46154
714,00	74,44821
714,26	72,87487
714,51	69,89487
714,76	71,09487
715,01	71,68821
715,27	77,33487
715,52	76,34154
715,77	80,40821
716,03	75,67487
716,28	76,85487
716,53	78,56821
716,78	77,20154
717,04	76,57487
717,29	75,68154
717,54	79,04821
717,80	77,12154
718,05	76,43487
718,30	72,39487
718,55	75,22154
718,81	73,14154
719,06	76,79487
719,31	74,70154
719,57	71,99487
719,82	69,90821
720,07	69,72154
720,32	67,29487
720,58	67,63487
720,83	66,46154
721,08	68,22154
721,33	65,80821
721,59	68,64821
721,84	70,62154
722,09	74,69487
722,35	72,19487
722,60	69,78154
722,85	66,99487
723,10	65,24821
723,36	65,46154
723,61	61,47487
723,86	64,34821
724,11	67,47487
724,37	65,63487
724,62	62,54821
724,87	57,32154
725,12	59,22154
725,38	57,10821
725,63	58,00821
725,88	54,02154
726,13	55,28154
726,39	49,88154
726,64	56,26821
726,89	54,90154
727,14	57,61487
727,40	54,94154
727,65	57,63487
727,90	62,11487
728,15	64,14821
728,41	60,37487
728,66	59,73487
728,91	55,62821
729,16	58,12154
729,42	58,50154
729,67	61,71487
729,92	55,85487
730,17	53,33487
730,43	54,34821
730,68	61,86154
730,93	63,93487
731,18	62,17487
731,44	60,27487
731,69	58,13487
731,94	56,88821
732,19	59,50821
732,45	61,03487
732,70	67,26154
732,95	60,48154
733,20	56,76821
733,45	53,98154
733,71	58,56154
733,96	57,11487
734,21	57,56821
734,46	55,74821
734,72	59,21487
734,97	57,89487
735,22	56,96154
735,47	57,29487
735,72	55,74154
735,98	54,79487
736,23	55,01487
736,48	56,66154
736,73	59,56154
736,99	57,30154
737,24	57,53487
737,49	55,89487
737,74	57,46821
737,99	62,03487
738,25	64,50821
738,50	63,82821
738,75	55,29487
739,00	54,79487
739,25	58,70821
739,51	58,21487
739,76	59,60821
740,01	58,27487
740,26	63,54154
740,52	63,96821
740,77	69,67487
741,02	69,25487
741,27	67,45487
741,52	64,16821
741,78	64,92154
742,03	66,12154
742,28	66,26821
742,53	68,78821
742,78	74,68821
743,04	77,76821
743,29	82,62821
743,54	85,62821
743,79	84,42154
744,04	79,58821
744,30	78,52821
744,55	80,32154
744,80	86,50154
745,05	83,60154
745,30	82,97487
745,55	76,63487
745,81	83,93487
746,06	88,31487
746,31	95,17487
746,56	92,53487
746,81	94,33487
747,07	96,84821
747,32	98,90154
747,57	101,68821
747,82	100,57487
748,07	100,65487
748,32	91,04154
748,58	83,48154
748,83	73,82821
749,08	73,16821
749,33	72,00154
749,58	71,33487
749,84	67,83487
750,09	61,08821
750,34	57,66821
750,59	58,67487
750,84	57,29487
751,09	63,37487
751,35	62,18821
751,60	64,54154
751,85	56,09487
752,10	49,06154
752,35	52,95487
752,60	54,08821
752,86	57,83487
753,11	50,39487
753,36	48,04821
753,61	47,48821
753,86	46,32821
754,11	47,07487
754,37	42,52821
754,62	42,02154
754,87	43,46821
755,12	49,46821
755,37	54,11487
755,62	53,14821
755,87	47,41487
756,13	42,57487
756,38	42,89487
756,63	47,46821
756,88	55,90821
757,13	55,40154
757,38	55,90821
757,64	48,51487
757,89	48,32821
758,14	50,18821
758,39	49,97487
758,64	53,24821
758,89	49,11487
759,14	51,84821
759,40	49,47487
759,65	48,75487
759,90	48,22154
760,15	45,91487
760,40	40,88154
760,65	36,22154
760,90	35,03487
761,15	37,74154
761,41	42,70821
761,66	43,27487
761,91	46,74154
762,16	41,34154
762,41	44,96821
762,66	41,62154
762,91	44,90154
763,17	43,70821
763,42	44,73487
763,67	46,26821
763,92	46,30821
764,17	46,81487
764,42	44,02154
764,67	44,25487
764,92	47,42154
765,18	46,29487
765,43	42,30821
765,68	43,84154
765,93	48,38154
766,18	50,26821
766,43	47,05487
766,68	46,59487
766,93	45,64821
767,18	43,48821
767,44	43,70154
767,69	40,79487
767,94	44,68154
768,19	40,92821
768,44	42,18154
768,69	40,62154
768,94	43,68821
769,19	44,25487
769,44	44,58154
769,70	39,72821
769,95	40,63487
770,20	42,03487
770,45	47,41487
770,70	48,74154
770,95	45,96154
771,20	39,84154
771,45	43,07487
771,70	42,32821
771,95	43,45487
772,21	41,97487
772,46	44,37487
772,71	46,77487
772,96	46,18821
773,21	44,92821
773,46	49,65487
773,71	50,69487
773,96	48,05487
774,21	46,42821
774,46	47,48821
774,72	52,85487
774,97	52,61487
775,22	50,62821
775,47	55,10821
775,72	62,16154
775,97	77,44821
776,22	90,32821
776,47	113,44821
776,72	129,56821
776,97	140,43487
777,22	134,66154
777,47	133,10154
777,73	129,06821
777,98	133,08821
778,23	125,14154
778,48	113,90821
778,73	93,54154
778,98	82,36154
779,23	75,36821
779,48	71,75487
779,73	61,85487
779,98	53,57487
780,23	50,37487
780,48	49,72821
780,73	52,73487
780,98	54,07487
781,24	54,94821
781,49	51,21487
781,74	45,46821
781,99	43,52821
782,24	42,82154
782,49	45,18154
782,74	43,54154
782,99	43,60154
783,24	41,07487
783,49	42,05487
783,74	40,91487
783,99	44,39487
784,24	42,09487
784,49	40,92821
784,74	38,34154
784,99	39,71487
785,24	36,42154
785,49	30,64821
785,75	36,52821
786,00	44,32154
786,25	46,69487
786,50	40,06821
786,75	33,21487
787,00	37,90821
787,25	38,36154
787,50	41,26154
787,75	38,38821
788,00	45,36154
788,25	39,88154
788,50	37,58154
788,75	31,87487
789,00	34,69487
789,25	33,06821
789,50	28,33487
789,75	27,03487
790,00	31,29487
790,25	33,09487
790,50	42,78821
790,75	46,69487
791,00	47,72821
791,25	45,08821
791,50	40,40154
791,75	41,86821
792,01	46,97487
792,26	53,14154
792,51	65,45487
792,76	67,31487
793,01	71,47487
793,26	62,15487
793,51	62,26821
793,76	65,15487
794,01	75,72821
794,26	76,31487
794,51	71,31487
794,76	59,86821
795,01	56,78821
795,26	53,90821
795,51	55,14821
795,76	49,64154
796,01	49,17487
796,26	46,60154
796,51	43,97487
796,76	37,62154
797,01	32,21487
797,26	33,16821
797,51	31,31487
797,76	36,11487
798,01	34,64821
798,26	39,82821
798,51	35,12821
798,76	28,86154
799,01	26,10154
799,26	23,31487
799,51	26,00154
799,76	24,12154
800,01	28,44821
800,26	25,76154
800,51	26,62821
800,76	24,24154
801,01	26,42821
801,26	23,01487
801,51	21,35487
801,76	20,95487
802,01	20,01487
802,26	22,06154
802,51	25,66821
802,76	28,54154
803,01	28,32154
803,26	22,95487
803,51	23,61487
803,76	24,07487
804,01	28,52154
804,26	24,58154
804,51	22,04154
804,76	18,76154
805,01	21,16821
805,26	20,40154
805,51	20,68821
805,76	18,92154
806,01	29,97487
806,26	32,92821
806,51	34,08154
806,76	21,62154
807,01	17,50821
807,26	17,42154
807,51	19,57487
807,76	21,73487
808,01	28,44821
808,26	42,06154
808,50	57,36821
808,75	68,29487
809,00	69,76821
809,25	69,06821
809,50	63,44154
809,75	66,51487
810,00	65,56821
810,25	60,94154
810,50	53,75487
810,75	45,59487
811,00	44,64154
811,25	38,10821
811,50	39,25487
811,75	36,78154
812,00	34,02154
812,25	27,30821
812,50	18,92154
812,75	16,72821
813,00	16,39487
813,25	19,49487
813,50	20,68154
813,75	18,11487
814,00	18,35487
814,25	16,30821
814,50	23,49487
814,74	23,32154
814,99	28,62821
815,24	22,81487
815,49	24,03487
815,74	21,02821
815,99	25,96821
816,24	26,38154
816,49	27,88154
816,74	31,00154
816,99	30,83487
817,24	32,77487
817,49	24,42154
817,74	30,59487
817,99	30,26821
818,24	35,32154
818,49	37,66154
818,74	39,51487
818,98	45,48154
819,23	41,67487
819,48	50,28821
819,73	46,70821
819,98	51,14821
820,23	40,45487
820,48	44,32821
820,73	46,12821
820,98	53,25487
821,23	53,10821
821,48	51,50154
821,73	51,50821
821,98	54,88821
822,23	55,30821
822,47	61,46821
822,72	58,90821
822,97	57,77487
823,22	51,25487
823,47	47,81487
823,72	46,41487
823,97	47,05487
824,22	48,11487
824,47	43,81487
824,72	37,30821
824,97	32,22821
825,22	32,13487
825,46	31,16154
825,71	29,45487
825,96	26,66154
826,21	21,82154
826,46	19,18821
826,71	17,93487
826,96	23,86154
827,21	21,30154
827,46	20,33487
827,71	14,46821
827,96	14,52821
828,20	15,44154
828,45	15,76154
828,70	17,69487
828,95	14,83487
829,20	14,15487
829,45	12,68154
829,70	13,27487
829,95	13,12821
830,20	12,27487
830,45	16,95487
830,69	15,64821
830,94	15,92821
831,19	13,94821
831,44	10,40821
831,69	12,23487
831,94	9,37487
832,19	14,30821
832,44	9,66821
832,69	8,43487
832,93	8,42821
833,18	13,94821
833,43	13,07487
833,68	10,42154
833,93	9,96154
834,18	12,20821
834,43	14,56154
834,68	12,25487
834,92	10,14821
835,17	11,16154
835,42	13,70821
835,67	15,66154
835,92	12,01487
836,17	8,00154
836,42	5,61487
836,67	1,26821
836,91	6,66821
837,16	8,74821
837,41	9,52154
837,66	12,53487
837,91	17,19487
838,16	21,75487
838,41	17,63487
838,66	11,07487
838,90	14,02154
839,15	11,16154
839,40	13,43487
839,65	7,40154
839,90	5,54154
840,15	7,92821
840,40	6,74821
840,64	11,09487
840,89	5,90154
841,14	10,20154
841,39	7,97487
841,64	7,52821
841,89	9,02821
842,14	5,04821
842,38	14,66154
842,63	16,41487
842,88	17,89487
843,13	10,96821
843,38	10,92154
843,63	15,92821
843,87	23,00154
844,12	22,23487
844,37	23,42821
844,62	21,00821
844,87	22,54154
845,12	25,70154
845,37	25,25487
845,61	23,39487
845,86	17,56154
846,11	16,01487
846,36	13,40821
846,61	14,34821
846,86	13,32154
847,10	13,59487
847,35	17,74821
847,60	16,46154
847,85	16,18821
848,10	11,09487
848,35	12,24821
848,59	14,68821
848,84	10,72154
849,09	11,27487
849,34	8,58821
849,59	11,67487
849,84	5,43487
850,08	7,38154
850,33	4,82154
850,58	5,93487
850,83	7,00821
851,08	4,28821
851,32	3,68821
851,57	1,60821
851,82	9,24154
852,07	10,58821
852,32	14,96821
852,57	7,36821
852,81	12,78821
853,06	7,06154
853,31	13,48821
853,56	8,64154
853,81	8,88821
854,05	7,96154
854,30	6,13487
854,55	5,20154
854,80	2,89487
855,05	13,51487
855,29	14,65487
855,54	16,00821
855,79	8,54821
856,04	8,08821
856,29	8,42821
856,53	11,40821
856,78	11,40821
857,03	7,77487
857,28	6,20821
857,53	7,10154
857,77	14,32821
858,02	11,34154
858,27	9,71487
858,52	5,99487
858,77	4,42154
859,01	3,71487
859,26	3,95487
859,51	7,79487
859,76	6,30821
860,01	5,46821
860,25	3,58821
860,50	8,84154
860,75	9,59487
861,00	13,26154
861,25	12,12821
861,49	13,04154
861,74	10,72821
861,99	6,12821
862,24	5,46154
862,48	6,48154
862,73	11,07487
862,98	11,40154
863,23	15,80821
863,48	19,14821
863,72	22,70154
863,97	23,13487
864,22	22,73487
864,47	15,66821
864,71	9,95487
864,96	10,32154
865,21	13,13487
865,46	11,48154
865,70	7,42154
865,95	3,02821
866,20	7,63487
866,45	13,47487
866,70	20,70821
866,94	26,12154
867,19	24,06154
867,44	29,00154
867,69	31,41487
867,93	35,74821
868,18	37,54821
868,43	37,35487
868,68	38,28821
868,92	35,76154
869,17	30,54154
869,42	29,96821
869,67	26,24154
869,91	23,00154
870,16	15,68821
870,41	17,31487
870,66	20,92154
870,90	26,93487
871,15	24,72154
871,40	20,16821
871,65	15,10154
871,89	15,38154
872,14	14,86154
872,39	14,31487
872,64	12,32821
872,88	11,20821
873,13	7,71487
873,38	3,03487
873,63	8,65487
873,87	8,72821
874,12	5,36154
874,37	-2,77846
874,62	-1,81846
874,86	0,83487
875,11	2,72154
875,36	2,56154
875,60	2,22821
875,85	3,92154
876,10	6,37487
876,35	9,29487
876,59	6,70821
876,84	2,77487
877,09	2,94154
877,34	4,34154
877,58	4,56154
877,83	2,87487
878,08	2,48154
878,32	2,11487
878,57	-0,10513
878,82	2,66154
879,07	1,41487
879,31	3,42821
879,56	2,48821
879,81	2,30154
880,06	-0,52513
880,30	-5,17179
880,55	2,85487
880,80	6,36154
881,04	8,88821
881,29	9,94154
881,54	11,70154
881,79	10,26821
882,03	0,20154
882,28	1,94154
882,53	4,20821
882,77	9,63487
883,02	6,24821
883,27	6,05487
883,51	1,71487
883,76	2,66154
884,01	4,48821
884,26	3,73487
884,50	1,28154
884,75	-4,78513
885,00	-3,36513
885,24	-2,97846
885,49	-0,89846
885,74	4,24821
885,98	0,56154
886,23	-1,99846
886,48	-4,53846
886,73	1,80821
886,97	6,71487
887,22	2,51487
887,47	-2,01179
887,71	-6,94513
887,96	-6,27179
888,21	-2,77846
888,45	1,64154
888,70	5,70154
888,95	1,75487
889,19	-1,02513
889,44	-3,10513
889,69	-0,85179
889,93	-3,43179
890,18	-2,35846
890,43	-0,12513
890,67	3,29487
890,92	-1,85179
891,17	-0,45179
891,42	3,50154
891,66	12,31487
891,91	11,08821
892,16	10,01487
892,40	10,96821
892,65	8,94821
892,90	6,93487
893,14	2,48154
893,39	2,88821
893,64	0,84821
893,88	-4,43846
894,13	-0,31846
894,38	3,22821
894,62	3,91487
894,87	-1,99846
895,12	-7,26513
895,36	-5,53179
895,61	-5,63846
895,86	-4,00513
896,10	-5,27179
896,35	-5,89179
896,60	-9,80513
896,84	-8,53179
897,09	-6,97846
897,33	-2,36513
897,58	-2,94513
897,83	-2,85179
898,07	-2,41179
898,32	-1,03846
898,57	0,56154
898,81	2,16154
899,06	5,68821
899,31	13,68821
899,55	14,38821
899,80	7,56154
900,05	-0,79846
900,29	-3,97179
900,54	3,31487
900,79	1,37487
901,03	1,32154
901,28	-1,92513
901,52	2,94821
901,77	6,44154
902,02	9,13487
902,26	2,56821
902,51	-0,83846
902,76	-8,59846
903,00	-3,89179
903,25	-4,64513
903,50	-0,43179
903,74	-2,48513
903,99	-2,59179
904,23	0,63487
904,48	2,04821
904,73	8,40821
904,97	8,54154
905,22	12,12821
905,47	7,85487
905,71	9,48154
905,96	5,88821
906,20	9,40821
906,45	6,01487
906,70	7,13487
906,94	4,24154
907,19	3,82821
907,44	-0,63846
907,68	-3,91179
907,93	-3,59179
908,17	-6,42513
908,42	-3,27846
908,67	-7,39846
908,91	-0,67846
909,16	1,48821
909,40	2,87487
909,65	-1,41179
909,90	-4,11179
910,14	-3,66513
910,39	-6,61846
910,63	-4,75179
910,88	-0,40513
911,13	9,50154
911,37	8,30154
911,62	3,54154
911,86	-2,54513
912,11	-2,17846
912,36	0,34821
912,60	1,96154
912,85	5,23487
913,09	4,20154
913,34	6,90154
913,59	-1,36513
913,83	0,83487
914,08	-3,91846
914,32	2,51487
914,57	3,34821
914,82	7,07487
915,06	5,52154
915,31	2,74821
915,55	3,40821
915,80	6,23487
916,05	3,30821
916,29	-2,59846
916,54	-6,98513
916,78	-2,19846
917,03	2,70154
917,27	2,98154
917,52	-0,73846
917,77	0,74821
918,01	1,56821
918,26	-0,49846
918,50	-4,61179
918,75	-6,11179
919,00	-3,29179
919,24	-4,07179
919,49	-6,36513
919,73	-4,48513
919,98	-6,07179
920,22	-2,99179
920,47	-4,50513
920,72	-4,15179
920,96	-5,03179
921,21	-5,23179
921,45	-2,84513
921,70	-3,92513
921,94	-1,77179
922,19	-0,11179
922,43	1,26154
922,68	7,08154
922,93	7,40154
923,17	4,77487
923,42	-5,85846
923,66	-7,13846
923,91	-6,74513
924,15	-3,48513
924,40	-3,61846
924,64	-2,95846
924,89	-2,47846
925,14	-4,03846
925,38	-4,06513
925,63	-1,72513
925,87	2,64821
926,12	7,82821
926,36	4,51487
926,61	0,18154
926,85	20,34154
927,10	19,00154
927,35	18,24821
927,59	-1,93846
927,84	-2,83846
928,08	0,96821
928,33	-3,11179
928,57	-0,59179
928,82	1,22154
929,06	3,21487
929,31	4,44821
929,55	0,19487
929,80	2,51487
930,04	0,82154
930,29	1,19487
930,54	-2,37179
930,78	-3,71179
931,03	-6,37179
931,27	-2,54513
931,52	-1,44513
931,76	1,48821
932,01	-5,57846
932,25	-5,80513
932,50	-0,62513
932,74	1,04821
932,99	6,99487
933,23	1,74821
933,48	4,18154
933,72	0,12821
933,97	-2,77846
934,21	4,61487
934,46	7,40821
934,70	14,57487
934,95	6,72154
935,19	-1,43846
935,44	-8,17179
935,68	-8,29846
935,93	-3,71846
936,18	-0,38513
936,42	-0,34513
936,67	-2,49179
936,91	-1,01846
937,16	6,31487
937,40	4,92154
937,65	-1,15179
937,89	-7,93846
938,14	-7,35179
938,38	-3,87179
938,63	-1,21179
938,87	0,12821
939,12	2,60821
939,36	8,51487
939,61	11,81487
939,85	8,23487
940,10	-2,65179
940,34	-4,41179
940,59	-3,51179
940,83	-5,34513
941,08	-3,15846
941,32	-1,79179
941,57	4,20154
941,81	-1,93179
942,06	-3,87846
942,30	-4,95179
942,55	-0,67846
942,79	-4,19179
943,03	-4,47846
943,28	-3,41179
943,52	7,42154
943,77	2,80821
944,01	-3,09179
944,26	-13,13179
944,50	-12,97179
944,75	-3,39846
944,99	2,24821
945,24	4,40821
945,48	3,08154
945,73	17,21487
945,97	16,86154
946,22	12,50154
946,46	-3,38513
946,71	2,48821
946,95	2,15487
947,20	-1,63846
947,44	-7,39179
947,69	-5,78513
947,93	-4,48513
948,17	-5,33179
948,42	-8,31846
948,66	-7,42513
948,91	-9,15846
949,15	-10,06513
949,40	-10,91846
949,64	-7,03179
949,89	-4,53179
950,13	-3,51179
950,38	-7,24513
950,62	-7,09179
950,87	-5,67179
951,11	0,00154
951,35	-1,21846
951,60	-2,27179
951,84	-6,30513
952,09	-6,91846
952,33	-5,89179
952,58	-2,77846
952,82	-5,70513
953,07	-8,50513
953,31	-6,73179
953,56	-1,43179
953,80	-1,81846
954,04	-11,17846
954,29	-16,89179
954,53	-18,79846
954,78	-15,09179
955,02	-12,42513
955,27	-9,14513
955,51	-8,73179
955,76	-8,92513
956,00	-8,87179
956,24	-9,18513
956,49	-7,21846
956,73	-5,24513
956,98	-4,07179
957,22	1,84821
957,47	4,83487
957,71	2,45487
957,95	-1,06513
958,20	-2,12513
958,44	2,94821
958,69	-0,21179
958,93	-2,31179
959,18	-3,53179
959,42	-0,11846
959,66	-2,55179
959,91	-5,95179
960,15	-10,40513
960,40	-9,99179
960,64	-9,04513
960,89	-5,31179
961,13	27,24154
961,37	32,58821
961,62	34,10821
961,86	4,39487
962,11	3,04821
962,35	-3,28513
962,59	-4,25846
962,84	-12,43179
963,08	-7,49179
963,33	-7,33179
963,57	-2,85179
963,81	-6,83179
964,06	-6,28513
964,30	-1,32513
964,55	-4,43179
964,79	2,26154
965,04	2,64821
965,28	4,19487
965,52	-3,53846
965,77	-8,15179
966,01	-4,37179
966,26	-3,43179
966,50	-1,52513
966,74	0,56821
966,99	2,82154
967,23	2,16154
967,48	-0,85846
967,72	-3,73179
967,96	-7,11846
968,21	-4,49179
968,45	-6,49179
968,69	-4,31846
968,94	-0,54513
969,18	-2,19846
969,43	-4,97846
969,67	-9,80513
969,91	-3,81179
970,16	0,29487
970,40	-1,47179
970,65	-4,36513
970,89	-9,25179
971,13	-8,22513
971,38	-8,79846
971,62	0,41487
971,86	-0,13846
972,11	1,91487
972,35	-4,77179
972,60	-2,09846
972,84	0,42821
973,08	0,94821
973,33	-1,19846
973,57	-2,41846
973,81	-0,63179
974,06	-2,23179
974,30	-6,74513
974,55	-5,67846
974,79	0,06154
975,03	2,70821
975,28	0,87487
975,52	-7,08513
975,76	-6,80513
976,01	-7,79179
976,25	-3,52513
976,50	-4,05846
976,74	-0,83846
976,98	0,24821
977,23	-1,35179
977,47	-1,69179
977,71	-2,85846
977,96	-6,66513
978,20	-11,89846
978,44	-15,99846
978,69	-7,53846
978,93	-4,34513
979,17	-1,34513
979,42	-3,72513
979,66	-3,63179
979,90	-0,51846
980,15	6,00154
980,39	5,70154
980,64	1,02821
980,88	-1,37846
981,12	0,02154
981,37	-0,42513
981,61	-1,96513
981,85	-5,87846
982,10	-3,31179
982,34	-12,31846
982,58	-8,56513
982,83	-13,60513
983,07	-10,37846
983,31	-11,82513
983,56	-11,81179
983,80	-9,57179
984,04	-8,63846
984,29	-2,46513
984,53	-1,29179
984,77	-2,02513
985,02	-2,06513
985,26	-8,21179
985,50	-2,24513
985,75	-6,21179
985,99	-0,49179
986,23	-6,67846
986,48	-3,83846
986,72	-4,86513
986,96	0,43487
987,20	0,42154
987,45	-0,93846
987,69	-9,39179
987,93	-6,72513
988,18	-2,77179
988,42	2,47487
988,66	1,45487
988,91	-2,75179
989,15	-5,02513
989,39	-9,13179
989,64	-10,25846
989,88	-9,56513
990,12	-8,45179
990,37	-4,88513
990,61	-3,83846
990,85	-4,76513
991,10	-8,06513
991,34	-8,73179
991,58	-7,78513
991,82	-6,93179
992,07	-8,15179
992,31	-5,88513
992,55	-8,50513
992,80	-9,01179
993,04	-8,14513
993,28	0,36821
993,53	1,40821
993,77	-0,96513
994,01	-9,15846
994,25	-9,91846
994,50	-8,39846
994,74	-2,63179
994,98	-2,91846
995,23	-3,03846
995,47	-4,11846
995,71	-4,39179
995,95	-5,39179
996,20	-1,65179
996,44	0,36821
996,68	-1,44513
996,93	-7,67846
997,17	-7,67846
997,41	-5,07846
997,65	-6,72513
997,90	-9,98513
998,14	-13,09179
998,38	-9,15846
998,63	-7,99846
998,87	-7,21846
999,11	-11,02513
999,35	-9,01179
999,60	-10,19846
999,84	-7,02513
1000,08	-0,85179
1000,32	2,44154
1000,57	1,55487
1000,81	1,10821
1001,05	1,17487
1001,30	4,81487
1001,54	-0,63179
1001,78	2,63487
1002,02	0,39487
1002,27	1,69487
1002,51	-3,37179
1002,75	-3,69179
1002,99	-6,31846
1003,24	-6,28513
1003,48	-5,28513
1003,72	-9,31846
1003,96	-7,70513
1004,21	-6,35846
1004,45	1,24154
1004,69	-0,04513
1004,93	-1,33179
1005,18	-2,93846
1005,42	0,64821
1005,66	-2,67846
1005,90	-4,64513
1006,15	-10,01179
1006,39	-5,93179
1006,63	-0,95179
1006,87	2,46154
1007,12	1,39487
1007,36	0,68154
1007,60	2,51487
1007,84	0,46154
1008,09	-2,49179
1008,33	-7,19179
1008,57	-6,19846
1008,81	-3,86513
1009,06	-3,77179
1009,30	-3,26513
1009,54	-2,23846
1009,78	-0,38513
1010,03	-1,21846
1010,27	-6,22513
1010,51	-4,50513
1010,75	-4,63179
1010,99	-1,45846
1011,24	-1,71846
1011,48	6,03487
1011,72	4,06154
1011,96	5,94821
1012,21	-0,01846
1012,45	-0,49179
1012,69	-1,55846
1012,93	-5,27179
1013,18	-3,19179
1013,42	-5,73846
1013,66	-1,97179
1013,90	-5,89846
1014,14	-4,70513
1014,39	-3,28513
1014,63	-1,99179
1014,87	1,15487
1015,11	-3,50513
1015,35	-7,49179
1015,60	-5,43179
1015,84	-2,03846
1016,08	0,44154
1016,32	-4,81846
1016,57	-7,57846
1016,81	-7,40513
1017,05	-6,71846
1017,29	-4,81179
1017,53	-3,53846
1017,78	-4,11846
1018,02	-7,62513
1018,26	-5,49846
1018,50	-6,07179
1018,74	-0,22513
1018,99	-3,85846
1019,23	-7,39179
1019,47	-11,21846
1019,71	-8,58513
1019,95	-3,65846
1020,20	-4,24513
1020,44	-5,89846
1020,68	-6,71179
1020,92	-1,77846
1021,16	-1,01846
1021,41	-0,71179
1021,65	-6,36513
1021,89	-8,56513
1022,13	-11,68513
1022,37	-12,23846
1022,61	-12,90513
1022,86	-12,47179
1023,10	-5,84513
1023,34	-3,77846
1023,58	-0,89846
1023,82	-7,65179
1024,07	-7,33846
1024,31	-5,02513
1024,55	-4,45179
1024,79	-1,77179
1025,03	-8,09179
1025,27	-5,27179
1025,52	-10,95846
1025,76	-9,70513
1026,00	-6,96513
1026,24	-4,53846
1026,48	-5,18513
1026,73	-7,74513
1026,97	-1,27179
1027,21	2,31487
1027,45	3,50821
1027,69	-1,61179
1027,93	-1,20513
1028,18	-2,07846
1028,42	-0,92513
1028,66	-0,86513
1028,90	-0,05846
1029,14	-0,41846
1029,38	-5,01179
1029,62	-3,05179
1029,87	-4,17179
1030,11	1,05487
1030,35	-3,67179
1030,59	-3,06513
1030,83	-8,27846
1031,07	-9,09179
1031,32	-12,27179
1031,56	-5,09846
1031,80	-1,39179
1032,04	3,37487
1032,28	-2,19846
1032,52	-2,55179
1032,76	-3,79179
1033,01	-3,82513
1033,25	-2,57846
1033,49	-3,24513
1033,73	-3,31846
1033,97	-7,71179
1034,21	-10,43846
1034,45	-12,37179
1034,70	-14,37846
1034,94	-9,57846
1035,18	16,60821
1035,42	21,04821
1035,66	23,84154
1035,90	3,15487
1036,14	-2,80513
1036,39	-3,31179
1036,63	-8,23846
1036,87	3,25487
1037,11	-1,35179
1037,35	1,38821
1037,59	0,05487
1037,83	4,44821
1038,07	11,96154
1038,32	6,21487
1038,56	3,04154
1038,80	2,51487
1039,04	6,44821
1039,28	8,49487
1039,52	2,54154
1039,76	-2,30513
1040,00	-3,64513
1040,25	-8,13846
1040,49	-7,49179
1040,73	-7,82513
1040,97	-6,03846
1041,21	-1,90513
1041,45	-0,66513
1041,69	5,15487
1041,93	-1,34513
1042,17	-2,35179
1042,42	-9,57846
1042,66	-7,35179
1042,90	-4,53846
1043,14	-5,77846
1043,38	-2,81179
1043,62	-6,93846
1043,86	-5,21179
1044,10	-4,25846
1044,34	2,26154
1044,59	5,13487
1044,83	2,41487
1045,07	-2,71846
1045,31	-3,38513
1045,55	-5,51846
1045,79	-12,05179
1046,03	-8,79179
1046,27	-2,89846
1046,51	1,97487
1046,75	-3,90513
1047,00	-7,75179
1047,24	-6,13846
1047,48	-3,96513
1047,72	-2,73179
1047,96	-4,61846
1048,20	-2,80513
1048,44	-2,42513
1048,68	-3,49179
1048,92	-6,29846
1049,16	-12,05179
1049,40	-10,99179
1049,64	-12,81179
1049,89	-6,23846
1050,13	-5,77846
1050,37	3,51487
1050,61	2,69487
1050,85	5,84154
1051,09	-0,19179
1051,33	-0,21179
1051,57	0,26821
1051,81	-0,43179
1052,05	-0,11179
1052,29	3,48821
1052,53	0,48154
1052,77	6,14154
1053,02	-0,27179
1053,26	3,24821
1053,50	-2,94513
1053,74	-4,85846
1053,98	-4,82513
1054,22	-9,17846
1054,46	-7,75846
1054,70	-6,38513
1054,94	-6,47179
1055,18	-5,48513
1055,42	-3,13179
1055,66	-0,70513
1055,90	-3,94513
1056,14	-5,65179
1056,38	-2,07179
1056,62	-0,77846
1056,86	-0,63179
1057,11	-3,55846
1057,35	-4,31846
1057,59	-11,01179
1057,83	-8,35179
1058,07	-3,79846
1058,31	6,40821
1058,55	5,82821
1058,79	0,98154
1059,03	-7,95179
1059,27	-9,67179
1059,51	-8,47846
1059,75	-6,51846
1059,99	-7,48513
1060,23	-6,67846
1060,47	-0,30513
1060,71	3,36821
1060,95	-2,64513
1061,19	-8,55179
1061,43	-10,97179
1061,67	-2,38513
1061,91	-0,51179
1062,15	-3,41846
1062,39	-8,25846
1062,64	-5,13179
1062,88	-4,72513
1063,12	-1,36513
1063,36	0,96154
1063,60	7,00154
1063,84	13,65487
1064,08	31,03487
1064,32	69,92821
1064,56	96,69487
1064,80	88,65487
1065,04	60,08821
1065,28	31,22154
1065,52	22,38154
1065,76	11,44154
1066,00	10,08821
1066,24	5,17487
1066,48	3,77487
1066,72	0,92821
1066,96	-2,73846
1067,20	-7,64513
1067,44	-8,67179
1067,68	-6,61179
1067,92	-5,42513
1068,16	-2,71179
1068,40	-0,35179
1068,64	3,84154
1068,88	2,89487
1069,12	-1,32513
1069,36	-0,74513
1069,60	-4,85179
1069,84	4,21487
1070,08	0,94154
1070,32	4,92154
1070,56	-3,55846
1070,80	-5,04513
1071,04	5,87487
1071,28	5,75487
1071,52	8,75487
1071,76	-5,77179
1072,00	-2,07846
1072,24	-5,89179
1072,48	-4,70513
1072,72	-6,20513
1072,96	-0,51179
1073,20	-3,89846
1073,44	-0,58513
1073,68	-2,21179
1073,92	1,79487
1074,16	-3,00513
1074,40	-4,11846
1074,64	-7,27179
1074,88	-6,65179
1075,12	-5,30513
1075,36	-3,32513
1075,60	-1,79179
1075,84	-3,51846
1076,08	-3,35846
1076,32	-4,46513
1076,56	-6,85179
1076,80	-6,21179
1077,04	-10,29179
1077,28	-9,59846
1077,52	-13,48513
1077,76	-13,39846
1078,00	-9,37846
1078,24	0,68154
1078,48	2,98821
1078,71	0,30821
1078,95	-4,91179
1079,19	-7,11846
1079,43	-11,61846
1079,67	-13,36513
1079,91	-8,35846
1080,15	-5,13846
1080,39	-5,25179
1080,63	-5,30513
1080,87	-5,45179
1081,11	-4,75179
1081,35	-5,01179
1081,59	-0,74513
1081,83	-1,65846
1082,07	-5,43179
1082,31	-7,42513
1082,55	-7,43846
1082,79	-6,76513
1083,03	-6,07846
1083,27	-10,59846
1083,51	-8,39179
1083,75	-8,85179
1083,99	-0,80513
1084,22	-0,98513
1084,46	-2,56513
1084,70	-0,64513
1084,94	-2,64513
1085,18	-3,38513
1085,42	-11,43179
1085,66	-9,75846
1085,90	-9,58513
1086,14	-2,39179
1086,38	4,72821
1086,62	2,74821
1086,86	3,90154
1087,10	-3,17846
1087,34	-0,05179
1087,58	-6,50513
1087,82	-8,16513
1088,06	-5,65846
1088,29	0,09487
1088,53	-0,96513
1088,77	-4,43179
1089,01	-5,43179
1089,25	-3,83179
1089,49	-2,21179
1089,73	-5,73846
1089,97	-2,47179
1090,21	-4,11846
1090,45	-2,49846
1090,69	-5,89179
1090,93	-7,21846
1091,17	-11,11846
1091,40	-5,74513
1091,64	-6,47846
1091,88	-4,39846
1092,12	-10,13179
1092,36	-8,11846
1092,60	-9,03179
1092,84	-5,49846
1093,08	-2,05846
1093,32	0,86821
1093,56	0,58821
1093,80	3,68154
1094,04	2,26821
1094,27	-1,37846
1094,51	-3,03179
1094,75	-1,38513
1094,99	1,78154
1095,23	-1,29179
1095,47	23,62821
1095,71	20,88154
1095,95	21,19487
1096,19	-5,05846
1096,43	-2,63846
1096,66	-9,45179
1096,90	-11,28513
1097,14	-11,03846
1097,38	-10,29179
1097,62	-8,16513
1097,86	-9,75846
1098,10	-3,79846
1098,34	-2,32513
1098,58	-4,15846
1098,81	-3,63846
1099,05	-3,71179
1099,29	4,92821
1099,53	6,18821
1099,77	4,84821
1100,01	-4,01179
1100,25	-5,49846
1100,49	-4,76513
1100,73	4,22154
1100,96	9,15487
1101,20	12,39487
1101,44	1,33487
1101,68	-2,45179
1101,92	-7,54513
1102,16	-3,40513
1102,40	-2,85846
1102,64	0,70821
1102,87	3,35487
1103,11	-0,83179
1103,35	-2,61846
1103,59	-5,69846
1103,83	-4,97179
1104,07	0,40154
1104,31	0,31487
1104,55	0,49487
1104,78	-6,99179
1105,02	-3,89179
1105,26	-6,37846
1105,50	-3,23846
1105,74	-9,00513
1105,98	-6,91179
1106,22	-3,49846
1106,45	-1,89846
1106,69	-3,90513
1106,93	-6,37179
1107,17	-5,15179
1107,41	-4,01179
1107,65	-6,53179
1107,89	-4,55846
1108,12	-3,17179
1108,36	-6,97179
1108,60	-7,40513
1108,84	-6,93846
1109,08	-4,97179
1109,32	-3,85846
1109,55	-6,37846
1109,79	-0,11846
1110,03	-3,73179
1110,27	-0,63846
1110,51	-5,46513
1110,75	-7,33846
1110,99	-9,91179
1111,22	-12,59846
1111,46	-11,77179
1111,70	-11,07846
1111,94	-12,75846
1112,18	-13,85179
1112,42	-12,91179
1112,65	-7,49179
1112,89	-3,35846
1113,13	-5,09846
1113,37	-4,71179
1113,61	-3,82513
1113,85	2,85487
1114,08	-0,13179
1114,32	-3,55846
1114,56	-4,87846
1114,80	-4,22513
1115,04	0,88154
1115,28	-5,13846
1115,51	-2,51179
1115,75	-3,05846
1115,99	-1,80513
1116,23	-3,21846
1116,47	-2,95179
1116,70	-3,43179
1116,94	-5,23179
1117,18	-4,07846
1117,42	-4,98513
1117,66	-1,70513
1117,90	-8,01179
1118,13	-8,34513
1118,37	-15,32513
1118,61	-14,11179
1118,85	-11,33846
1119,09	-10,69179
1119,32	-7,54513
1119,56	-6,84513
1119,80	-6,62513
1120,04	-11,63179
1120,28	-8,63179
1120,51	-7,60513
1120,75	-3,91846
1120,99	-9,05846