194,56	-59,11538
194,83	-59,11538
195,09	-57,67538
195,36	-38,89538
195,63	-20,58872
195,90	-4,12872
196,17	-5,95538
196,44	-9,98205
196,71	-5,82205
196,97	-2,14205
197,24	7,23128
197,51	0,11128
197,78	2,92462
198,05	2,81128
198,32	6,95795
198,59	0,89795
198,86	1,33795
199,12	-0,72872
199,39	3,38462
199,66	3,86462
199,93	8,93795
200,20	8,30462
200,47	1,86462
200,74	0,23795
201,00	-0,87538
201,27	2,33795
201,54	-1,27538
201,81	3,65795
202,08	-1,26872
202,35	2,45795
202,61	1,79795
202,88	15,44462
203,15	11,71128
203,42	6,71128
203,69	-1,75538
203,96	0,58462
204,23	2,34462
204,49	-0,38205
204,76	7,43128
205,03	11,19795
205,30	12,78462
205,57	5,16462
205,84	4,99795
206,10	10,73795
206,37	13,71128
206,64	13,93795
206,91	12,35128
207,18	8,18462
207,45	8,31128
207,71	4,33795
207,98	8,30462
208,25	3,73795
208,52	2,02462
208,79	-0,39538
209,06	2,65128
209,32	4,77128
209,59	7,17128
209,86	-1,37538
210,13	1,99128
210,40	4,34462
210,67	13,66462
210,93	11,12462
211,20	3,39128
211,47	1,83795
211,74	8,16462
212,01	10,05128
212,28	14,50462
212,54	13,94462
212,81	15,09128
213,08	11,44462
213,35	9,50462
213,62	13,94462
213,88	16,53128
214,15	12,37128
214,42	6,85128
214,69	7,31128
214,96	9,74462
215,23	17,58462
215,49	15,57128
215,76	14,00462
216,03	12,25128
216,30	6,85128
216,57	2,89128
216,83	0,99128
217,10	3,68462
217,37	9,14462
217,64	16,19795
217,91	19,13795
218,17	10,87795
218,44	-1,76205
218,71	-1,93538
218,98	4,87128
219,25	14,23128
219,51	15,13795
219,78	14,35795
220,05	9,81795
220,32	5,86462
220,59	7,51128
220,85	7,01795
221,12	11,31795
221,39	17,11795
221,66	16,62462
221,93	10,49128
222,19	1,53795
222,46	7,17128
222,73	13,14462
223,00	19,43795
223,27	13,01128
223,53	11,89795
223,80	6,96462
224,07	10,76462
224,34	14,95795
224,61	15,59128
224,87	10,76462
225,14	2,36462
225,41	3,30462
225,68	10,37128
225,94	14,35795
226,21	15,42462
226,48	9,27128
226,75	11,32462
227,02	6,81795
227,28	9,80462
227,55	4,23128
227,82	6,45795
228,09	-0,90872
228,36	-0,91538
228,62	1,27128
228,89	7,85795
229,16	10,47795
229,43	9,64462
229,69	8,51128
229,96	8,74462
230,23	5,18462
230,50	8,28462
230,76	4,81795
231,03	6,68462
231,30	5,11128
231,57	8,33128
231,84	7,87128
232,10	5,36462
232,37	5,76462
232,64	3,31128
232,91	4,09128
233,17	6,61795
233,44	9,22462
233,71	10,11128
233,98	4,29795
234,24	5,15795
234,51	10,23128
234,78	13,55128
235,05	16,73795
235,31	12,75795
235,58	10,98462
235,85	6,06462
236,12	1,67795
236,39	8,26462
236,65	9,91128
236,92	23,30462
237,19	20,93128
237,46	31,90462
237,72	22,91795
237,99	17,45128
238,26	8,11795
238,53	13,43128
238,79	12,99128
239,06	11,45128
239,33	2,79795
239,60	1,67795
239,86	-1,59538
240,13	-2,11538
240,40	-3,05538
240,67	5,16462
240,93	8,47128
241,20	9,42462
241,47	2,53795
241,73	1,89795
242,00	2,77128
242,27	5,42462
242,54	6,53128
242,80	7,15128
243,07	8,10462
243,34	8,99795
243,61	19,90462
243,87	15,39128
244,14	12,61128
244,41	0,98462
244,68	3,53795
244,94	6,12462
245,21	9,20462
245,48	12,36462
245,74	9,09128
246,01	12,19128
246,28	8,84462
246,55	9,21128
246,81	1,70462
247,08	3,38462
247,35	5,71795
247,62	7,81795
247,88	1,97795
248,15	4,34462
248,42	13,35128
248,68	15,97128
248,95	10,37795
249,22	2,83795
249,49	5,79795
249,75	7,01128
250,02	8,70462
250,29	5,25128
250,56	8,97128
250,82	12,78462
251,09	16,09795
251,36	17,83795
251,62	9,87128
251,89	10,33128
252,16	14,16462
252,43	21,56462
252,69	18,79795
252,96	10,06462
253,23	7,55795
253,49	9,71128
253,76	12,07128
254,03	17,65128
254,29	17,84462
254,56	17,95795
254,83	10,31795
255,10	4,13128
255,36	1,88462
255,63	5,48462
255,90	11,83795
256,16	13,87128
256,43	5,99795
256,70	8,19795
256,96	6,73795
257,23	11,64462
257,50	8,07795
257,77	11,51128
258,03	11,29128
258,30	15,00462
258,57	8,69795
258,83	9,03128
259,10	5,85128
259,37	6,16462
259,63	2,27795
259,90	5,77128
260,17	6,46462
260,43	9,42462
260,70	5,76462
260,97	12,17128
261,24	14,03128
261,50	14,43795
261,77	10,81795
262,04	6,95795
262,30	4,01128
262,57	1,18462
262,84	4,39795
263,10	12,18462
263,37	16,43795
263,64	11,29128
263,90	4,91128
264,17	2,71128
264,44	4,13128
264,70	3,71795
264,97	6,31128
265,24	13,99795
265,50	17,59128
265,77	17,60462
266,04	12,49128
266,30	9,53128
266,57	3,12462
266,84	2,75128
267,10	2,90462
267,37	12,55128
267,64	13,65795
267,90	19,35795
268,17	15,03795
268,44	12,39128
268,70	5,03128
268,97	-1,36205
269,24	1,03795
269,50	5,45795
269,77	10,22462
270,04	13,97128
270,30	10,47128
270,57	13,55795
270,84	4,85795
271,10	8,94462
271,37	5,05795
271,64	14,01795
271,90	21,47128
272,17	23,16462
272,44	18,81795
272,70	10,07795
272,97	7,28462
273,24	5,71128
273,50	6,95795
273,77	12,55795
274,04	14,25128
274,30	12,75128
274,57	8,23128
274,84	12,28462
275,10	11,97128
275,37	12,23128
275,64	5,45795
275,90	1,43128
276,17	-0,38205
276,43	3,29128
276,70	3,18462
276,97	2,37795
277,23	6,13128
277,50	7,73128
277,77	6,24462
278,03	-3,93538
278,30	-0,87538
278,57	-0,37538
278,83	2,88462
279,10	4,12462
279,37	2,57795
279,63	3,22462
279,90	6,25128
280,16	11,74462
280,43	15,61795
280,70	13,66462
280,96	18,82462
281,23	17,51795
281,50	12,76462
281,76	5,94462
282,03	5,77795
282,29	7,20462
282,56	8,13128
282,83	5,71795
283,09	2,67795
283,36	5,25128
283,63	6,25795
283,89	9,12462
284,16	7,72462
284,42	8,68462
284,69	9,38462
284,96	8,92462
285,22	7,58462
285,49	8,07795
285,76	7,27795
286,02	13,59128
286,29	15,09795
286,55	15,69795
286,82	8,46462
287,09	3,55128
287,35	6,27128
287,62	5,57795
287,88	7,62462
288,15	1,93795
288,42	0,43795
288,68	4,23128
288,95	7,33128
289,22	13,13795
289,48	11,46462
289,75	12,57128
290,01	12,29128
290,28	7,63128
290,55	8,79128
290,81	3,75128
291,08	8,97795
291,34	11,81795
291,61	17,20462
291,88	16,79795
292,14	8,83128
292,41	6,78462
292,67	11,90462
292,94	16,82462
293,21	15,99128
293,47	11,52462
293,74	9,49128
294,00	5,95128
294,27	1,20462
294,54	-0,59538
294,80	3,05795
295,07	9,84462
295,33	9,01795
295,60	11,12462
295,86	8,15795
296,13	7,48462
296,40	2,90462
296,66	4,45128
296,93	15,72462
297,19	21,50462
297,46	19,13795
297,73	13,92462
297,99	9,85795
298,26	7,23795
298,52	1,89795
298,79	2,98462
299,05	-0,50872
299,32	5,64462
299,59	9,39128
299,85	15,58462
300,12	13,21128
300,38	8,81128
300,65	6,41128
300,92	10,20462
301,18	10,97128
301,45	17,07795
301,71	12,05128
301,98	16,05795
302,24	19,18462
302,51	22,96462
302,78	24,51128
303,04	17,95128
303,31	19,34462
303,57	21,64462
303,84	23,50462
304,10	17,09128
304,37	15,51795
304,63	20,16462
304,90	27,59128
305,17	30,45128
305,43	24,95128
305,70	31,02462
305,96	30,09795
306,23	32,01128
306,49	27,77795
306,76	27,70462
307,03	29,23795
307,29	27,00462
307,56	28,42462
307,82	30,91128
308,09	33,69795
308,35	33,92462
308,62	38,33795
308,88	35,39128
309,15	37,11128
309,42	34,71128
309,68	37,19128
309,95	38,07795
310,21	35,46462
310,48	37,61128
310,74	39,27795
311,01	46,45795
311,27	44,51795
311,54	40,37128
311,80	34,71795
312,07	41,70462
312,34	46,27795
312,60	45,27795
312,87	42,82462
313,13	45,90462
313,40	46,54462
313,66	48,00462
313,93	41,30462
314,19	49,87795
314,46	47,97795
314,72	53,35128
314,99	46,41795
315,25	43,82462
315,52	36,94462
315,78	38,63795
316,05	38,41795
316,32	41,17795
316,58	39,74462
316,85	43,92462
317,11	45,69128
317,38	45,35795
317,64	44,98462
317,91	43,59795
318,17	45,05795
318,44	43,59128
318,70	39,88462
318,97	41,89128
319,23	48,05795
319,50	51,14462
319,76	49,74462
320,03	44,85795
320,29	48,45128
320,56	50,28462
320,82	52,47128
321,09	53,89795
321,36	57,33128
321,62	58,33795
321,89	57,55795
322,15	55,83128
322,42	57,27795
322,68	64,18462
322,95	72,49128
323,21	80,42462
323,48	80,83795
323,74	82,98462
324,01	85,87128
324,27	90,44462
324,54	95,39795
324,80	108,33128
325,07	119,65795
325,33	131,05795
325,60	126,95795
325,86	125,97795
326,13	117,19795
326,39	113,01128
326,66	104,99128
326,92	106,06462
327,19	109,05795
327,45	116,45128
327,72	124,89128
327,98	131,40462
328,25	137,34462
328,51	131,90462
328,78	126,08462
329,04	118,98462
329,31	113,47795
329,57	109,18462
329,84	105,63128
330,10	107,66462
330,37	112,52462
330,63	112,95128
330,90	112,77795
331,16	113,74462
331,43	115,75128
331,69	118,75795
331,96	117,72462
332,22	115,52462
332,49	114,02462
332,75	106,15128
333,01	99,85128
333,28	92,87128
333,54	92,78462
333,81	101,89128
334,07	103,51128
334,34	102,53795
334,60	97,71795
334,87	100,21795
335,13	109,01795
335,40	107,50462
335,66	104,07128
335,93	98,69128
336,19	99,63128
336,46	105,24462
336,72	102,43128
336,99	103,16462
337,25	100,60462
337,52	104,11795
337,78	108,91795
338,05	107,42462
338,31	109,72462
338,57	110,35795
338,84	110,09128
339,10	109,84462
339,37	106,86462
339,63	113,03128
339,90	113,93128
340,16	114,65128
340,43	111,12462
340,69	114,65795
340,96	112,76462
341,22	116,47795
341,49	109,71128
341,75	111,45128
342,01	112,35128
342,28	119,49128
342,54	129,85128
342,81	135,81128
343,07	142,40462
343,34	139,25128
343,60	141,41128
343,87	136,53128
344,13	139,99128
344,40	146,83795
344,66	155,99795
344,92	168,71795
345,19	167,73128
345,45	173,87795
345,72	178,09795
345,98	184,21795
346,25	183,62462
346,51	178,30462
346,78	174,51795
347,04	178,20462
347,30	176,72462
347,57	179,72462
347,83	177,00462
348,10	182,01128
348,36	184,77795
348,63	189,51128
348,89	188,51795
349,15	187,55795
349,42	183,62462
349,68	181,23128
349,95	177,63128
350,21	181,00462
350,48	184,17128
350,74	189,49795
351,01	188,35128
351,27	190,31128
351,53	190,43128
351,80	191,27128
352,06	194,51128
352,33	198,23795
352,59	198,48462
352,86	200,23795
353,12	202,13795
353,38	212,28462
353,65	204,75128
353,91	199,39795
354,18	192,29795
354,44	198,80462
354,70	194,34462
354,97	183,65128
355,23	174,68462
355,50	168,73795
355,76	171,59128
356,03	168,39795
356,29	176,43795
356,55	176,71795
356,82	176,86462
357,08	173,45795
357,35	172,77795
357,61	181,07128
357,87	185,82462
358,14	189,27128
358,40	186,24462
358,67	190,51128
358,93	193,93128
359,20	202,77795
359,46	207,49795
359,72	213,07128
359,99	219,12462
360,25	232,82462
360,52	245,71795
360,78	251,87128
361,04	247,56462
361,31	235,85128
361,57	222,79128
361,84	215,46462
362,10	215,89795
362,36	219,41128
362,63	221,69795
362,89	220,01795
363,16	218,57795
363,42	217,53128
363,68	213,83795
363,95	212,62462
364,21	203,27128
364,47	206,71795
364,74	205,66462
365,00	206,93128
365,27	202,09128
365,53	200,38462
365,79	205,02462
366,06	211,15795
366,32	217,09128
366,59	210,08462
366,85	206,41128
367,11	199,97128
367,38	202,57128
367,64	202,03128
367,91	202,50462
368,17	200,22462
368,43	196,68462
368,70	198,86462
368,96	200,17128
369,22	209,59795
369,49	209,93795
369,75	206,71795
370,02	199,27128
370,28	192,67795
370,54	194,61128
370,81	192,24462
371,07	192,01795
371,33	200,46462
371,60	191,45128
371,86	187,43795
372,13	174,27795
372,39	179,17795
372,65	183,68462
372,92	188,02462
373,18	192,44462
373,44	190,44462
373,71	182,93128
373,97	177,13128
374,23	178,09128
374,50	187,71795
374,76	190,19128
375,03	190,73128
375,29	187,81795
375,55	189,32462
375,82	185,15795
376,08	182,49795
376,34	189,24462
376,61	187,89795
376,87	183,40462
377,13	169,94462
377,40	173,17128
377,66	183,27795
377,92	193,03795
378,19	196,70462
378,45	196,17128
378,72	189,40462
378,98	188,35795
379,24	182,93795
379,51	185,83795
379,77	183,82462
380,03	175,89795
380,30	180,15128
380,56	179,59128
380,82	189,34462
381,09	185,07795
381,35	186,75795
381,61	181,77128
381,88	186,90462
382,14	190,55795
382,40	197,91128
382,67	192,73128
382,93	187,60462
383,19	180,47128
383,46	180,49128
383,72	182,19128
383,98	183,91128
384,25	188,70462
384,51	193,35128
384,77	194,67795
385,04	194,72462
385,30	190,10462
385,56	198,51795
385,83	203,67795
386,09	208,73128
386,35	208,73795
386,62	206,98462
386,88	211,07795
387,14	210,90462
387,41	205,07795
387,67	202,55128
387,93	199,58462
388,20	201,81795
388,46	198,30462
388,72	198,85128
388,99	197,71795
389,25	198,24462
389,51	194,39795
389,78	195,88462
390,04	197,94462
390,30	202,71795
390,56	201,31795
390,83	197,80462
391,09	198,77795
391,35	199,35128
391,62	203,59128
391,88	206,60462
392,14	211,27128
392,41	214,45795
392,67	208,45795
392,93	209,05795
393,20	202,11795
393,46	204,81128
393,72	198,03128
393,99	196,27128
394,25	198,31795
394,51	196,45795
394,77	203,22462
395,04	202,15795
395,30	209,97128
395,56	212,62462
395,83	209,73128
396,09	208,58462
396,35	208,21128
396,62	208,41795
396,88	214,39795
397,14	210,07128
397,40	220,68462
397,67	219,85795
397,93	221,31128
398,19	218,13795
398,46	218,93128
398,72	225,34462
398,98	226,91795
399,24	229,05128
399,51	231,17795
399,77	234,45128
400,03	233,05795
400,30	228,66462
400,56	238,80462
400,82	245,62462
401,08	247,37128
401,35	239,81128
401,61	242,51128
401,87	244,54462
402,14	247,66462
402,40	245,23795
402,66	252,21795
402,92	249,66462
403,19	249,54462
403,45	251,47128
403,71	250,91128
403,98	251,10462
404,24	246,77128
404,50	247,21795
404,76	253,31128
405,03	258,47795
405,29	263,47795
405,55	262,53128
405,81	267,58462
406,08	266,74462
406,34	268,31128
406,60	270,20462
406,87	277,94462
407,13	282,19128
407,39	274,55128
407,65	263,81795
407,92	252,35795
408,18	246,43795
408,44	246,16462
408,70	242,75128
408,97	242,57795
409,23	241,60462
409,49	241,24462
409,75	236,71128
410,02	233,17128
410,28	229,91795
410,54	232,53795
410,80	234,53128
411,07	237,23795
411,33	240,20462
411,59	232,73795
411,85	237,13128
412,12	237,91128
412,38	243,00462
412,64	238,28462
412,90	231,72462
413,17	229,47128
413,43	225,85795
413,69	228,09128
413,95	226,87128
414,22	225,56462
414,48	217,59128
414,74	212,23128
415,00	211,19795
415,27	212,71128
415,53	218,97128
415,79	219,11128
416,05	221,87128
416,32	220,73795
416,58	229,30462
416,84	234,02462
417,10	231,34462
417,37	225,45795
417,63	222,18462
417,89	226,41795
418,15	225,39795
418,41	223,09128
418,68	222,51795
418,94	224,37795
419,20	222,06462
419,46	223,06462
419,73	222,31795
419,99	227,35128
420,25	225,29128
420,51	239,29795
420,78	238,01795
421,04	232,17795
421,30	213,95128
421,56	217,19128
421,82	223,48462
422,09	231,72462
422,35	227,41795
422,61	228,79128
422,87	253,46462
423,14	251,81795
423,40	252,71795
423,66	224,05795
423,92	231,78462
424,18	231,69795
424,45	232,02462
424,71	228,57795
424,97	232,97128
425,23	235,81128
425,49	240,29795
425,76	246,23128
426,02	257,34462
426,28	266,55128
426,54	268,27128
426,81	269,31795
427,07	269,93128
427,33	269,59128
427,59	273,31795
427,85	279,53795
428,12	292,39128
428,38	291,68462
428,64	277,61128
428,90	255,22462
429,16	245,20462
429,43	239,47128
429,69	237,25795
429,95	232,05128
430,21	231,66462
430,47	234,69128
430,74	228,50462
431,00	223,67128
431,26	215,02462
431,52	217,11128
431,78	219,17128
432,05	224,04462
432,31	230,97128
432,57	228,81795
432,83	223,68462
433,09	216,79128
433,35	218,99128
433,62	218,60462
433,88	217,53795
434,14	218,05795
434,40	220,00462
434,66	225,23128
434,93	224,16462
435,19	225,68462
435,45	224,43795
435,71	233,63128
435,97	239,87128
436,23	240,91795
436,50	239,49795
436,76	239,63795
437,02	245,13795
437,28	243,94462
437,54	249,31795
437,81	248,16462
438,07	253,01795
438,33	252,93795
438,59	254,16462
438,85	250,81795
439,11	240,07128
439,38	239,47795
439,64	234,81795
439,90	238,72462
440,16	237,11128
440,42	238,27795
440,68	240,03128
440,95	234,27795
441,21	240,29795
441,47	244,62462
441,73	249,61795
441,99	248,37795
442,25	242,82462
442,52	244,58462
442,78	237,71795
443,04	236,29128
443,30	231,97128
443,56	235,71795
443,82	237,63128
444,08	241,21795
444,35	240,47128
444,61	237,95128
444,87	231,27795
445,13	233,17128
445,39	228,33128
445,65	230,19128
445,92	219,65795
446,18	223,47128
446,44	224,39795
446,70	230,58462
446,96	233,67128
447,22	236,35128
447,48	238,20462
447,75	238,70462
448,01	241,23795
448,27	236,73795
448,53	235,47795
448,79	235,59795
449,05	242,50462
449,31	242,98462
449,58	244,67795
449,84	247,68462
450,10	256,84462
450,36	258,84462
450,62	263,48462
450,88	266,75795
451,14	274,40462
451,41	277,69128
451,67	276,60462
451,93	272,57795
452,19	269,38462
452,45	270,99795
452,71	273,55128
452,97	271,76462
453,23	276,95795
453,50	278,94462
453,76	283,81128
454,02	279,31795
454,28	278,66462
454,54	279,63128
454,80	277,59128
455,06	267,19795
455,32	255,39795
455,59	243,86462
455,85	240,97128
456,11	238,41128
456,37	240,20462
456,63	239,30462
456,89	242,39128
457,15	251,21128
457,41	259,45795
457,68	271,27795
457,94	273,30462
458,20	280,33795
458,46	285,31128
458,72	294,81128
458,98	309,39128
459,24	320,11795
459,50	323,89128
459,76	310,04462
460,03	287,77128
460,29	275,37795
460,55	273,62462
460,81	277,40462
461,07	273,57128
461,33	276,46462
461,59	281,67795
461,85	281,21795
462,11	277,31795
462,37	274,94462
462,64	281,11795
462,90	282,30462
463,16	287,31128
463,42	300,04462
463,68	315,33795
463,94	327,87795
464,20	339,45795
464,46	350,37128
464,72	367,01128
464,98	373,78462
465,24	388,36462
465,51	399,94462
465,77	413,55795
466,03	398,91128
466,29	371,91128
466,55	341,89128
466,81	329,75128
467,07	325,66462
467,33	322,43128
467,59	327,23128
467,85	323,33128
468,11	319,56462
468,38	306,41128
468,64	305,37128
468,90	300,06462
469,16	302,21128
469,42	300,92462
469,68	304,89795
469,94	309,64462
470,20	313,75795
470,46	315,39128
470,72	313,15795
470,98	306,84462
471,24	304,38462
471,50	297,35795
471,77	289,86462
472,03	284,02462
472,29	275,03795
472,55	272,69128
472,81	271,87128
473,07	274,05128
473,33	268,12462
473,59	265,01795
473,85	260,64462
474,11	264,87795
474,37	262,53795
474,63	262,91128
474,89	270,18462
475,15	277,81128
475,41	289,09128
475,68	288,92462
475,94	291,19795
476,20	292,91128
476,46	299,64462
476,72	299,01795
476,98	303,91128
477,24	305,05128
477,50	309,92462
477,76	313,17128
478,02	320,10462
478,28	329,60462
478,54	333,23128
478,80	340,81795
479,06	347,73795
479,32	360,07128
479,58	360,67795
479,84	362,79128
480,10	358,20462
480,36	363,29128
480,63	366,03795
480,89	359,21795
481,15	354,83128
481,41	346,82462
481,67	352,21128
481,93	351,03128
482,19	352,13795
482,45	356,45795
482,71	357,30462
482,97	358,53795
483,23	356,85795
483,49	360,49128
483,75	368,30462
484,01	372,97128
484,27	375,03795
484,53	382,40462
484,79	400,10462
485,05	407,47795
485,31	413,01795
485,57	407,51795
485,83	417,81795
486,09	422,27128
486,35	429,59128
486,61	430,71795
486,87	438,08462
487,13	448,99795
487,39	461,27128
487,65	466,72462
487,91	464,99795
488,17	461,77795
488,43	457,11795
488,70	461,17128
488,96	467,65128
489,22	472,51795
489,48	479,93795
489,74	486,79795
490,00	500,84462
490,26	506,29795
490,52	519,73795
490,78	530,05128
491,04	542,01128
491,30	554,67795
491,56	567,23795
491,82	578,47795
492,08	584,93795
492,34	595,68462
492,60	605,46462
492,86	614,84462
493,12	619,33795
493,38	629,40462
493,64	635,21128
493,90	639,02462
494,16	632,53795
494,42	630,23795
494,68	633,23128
494,94	644,46462
495,20	652,67795
495,46	654,07795
495,72	651,87795
495,98	649,14462
496,24	645,96462
496,50	647,22462
496,76	655,76462
497,02	662,67128
497,28	666,90462
497,54	672,98462
497,80	678,47128
498,06	681,71128
498,32	675,25795
498,58	679,99128
498,84	686,39795
499,10	696,70462
499,36	707,63795
499,62	722,15795
499,88	738,47795
500,14	748,53795
500,40	754,47795
500,66	763,35128
500,92	772,23128
501,18	775,67128
501,44	769,71795
501,69	765,31795
501,95	767,33795
502,21	767,97795
502,47	760,50462
502,73	746,45795
502,99	736,47795
503,25	728,87128
503,51	728,07795
503,77	725,01795
504,03	728,74462
504,29	728,56462
504,55	726,25128
504,81	715,26462
505,07	701,43795
505,33	696,81128
505,59	696,66462
505,85	705,74462
506,11	709,95795
506,37	717,06462
506,63	717,73795
506,89	724,17795
507,15	728,67795
507,41	733,00462
507,67	734,62462
507,93	740,81128
508,19	747,18462
508,45	749,79128
508,71	745,42462
508,97	750,79795
509,23	779,42462
509,49	835,23795
509,74	892,51128
510,00	929,47795
510,26	941,23128
510,52	942,67128
510,78	989,78462
511,04	1053,24462
511,30	1051,55128
511,56	950,14462
511,82	826,98462
512,08	766,23128
512,34	766,56462
512,60	765,63128
512,86	775,22462
513,12	783,45128
513,38	813,08462
513,64	872,89795
513,90	961,86462
514,16	1088,79128
514,42	1205,15795
514,67	1306,38462
514,93	1362,77128
515,19	1387,84462
515,45	1426,17795
515,71	1512,95128
515,97	1507,51795
516,23	1351,13795
516,49	1105,66462
516,75	947,31128
517,01	893,36462
517,27	858,00462
517,53	823,65795
517,79	795,80462
518,05	777,35128
518,31	771,31795
518,56	767,93795
518,82	774,91795
519,08	780,45795
519,34	802,41795
519,60	831,94462
519,86	894,75128
520,12	984,26462
520,38	1128,49795
520,64	1317,78462
520,90	1509,31795
521,16	1665,61795
521,42	1750,19128
521,68	1791,99128
521,93	1857,03795
522,19	1993,11795
522,45	2011,39795
522,71	1763,79795
522,97	1372,00462
523,23	1068,95795
523,49	959,37795
523,75	895,48462
524,01	842,55795
524,27	787,21795
524,53	746,41795
524,79	710,74462
525,04	682,99795
525,30	654,23795
525,56	634,71128
525,82	616,49795
526,08	603,25795
526,34	583,24462
526,60	578,79128
526,86	567,65128
527,12	565,77128
527,38	556,17128
527,63	560,89128
527,89	569,45128
528,15	586,39795
528,41	602,45128
528,67	619,67128
528,93	634,31128
529,19	637,52462
529,45	640,29128
529,71	653,99128
529,97	661,09795
530,22	648,34462
530,48	609,93795
530,74	579,05795
531,00	561,35795
531,26	552,74462
531,52	543,78462
531,78	530,27795
532,04	520,57128
532,30	511,94462
532,55	517,03128
532,81	515,96462
533,07	510,78462
533,33	500,34462
533,59	491,08462
533,85	487,36462
534,11	495,83795
534,37	504,13795
534,62	512,53795
534,88	504,50462
535,14	498,93795
535,40	498,87128
535,66	505,50462
535,92	511,57128
536,18	514,01128
536,44	508,02462
536,69	497,76462
536,95	488,91128
537,21	486,10462
537,47	491,47795
537,73	496,29795
537,99	496,03128
538,25	493,26462
538,51	489,91795
538,76	488,93128
539,02	490,87128
539,28	497,71128
539,54	503,05128
539,80	502,42462
540,06	497,26462
540,32	494,36462
540,57	493,15128
540,83	492,62462
541,09	484,62462
541,35	477,63795
541,61	470,87795
541,87	464,41795
542,13	468,81128
542,38	471,38462
542,64	475,03128
542,90	470,73795
543,16	460,39795
543,42	463,47128
543,68	459,63795
543,94	462,54462
544,19	456,61795
544,45	456,11795
544,71	452,81128
544,97	452,38462
545,23	445,39128
545,49	443,65795
545,74	434,00462
546,00	437,81795
546,26	427,82462
546,52	437,11795
546,78	435,99128
547,04	442,93128
547,29	436,77128
547,55	431,31795
547,81	429,01128
548,07	429,59795
548,33	428,65795
548,59	429,81795
548,84	429,87795
549,10	430,28462
549,36	428,71795
549,62	425,07128
549,88	425,38462
550,14	423,62462
550,39	421,35128
550,65	422,97795
550,91	425,81128
551,17	427,19128
551,43	425,51128
551,69	426,10462
551,94	434,42462
552,20	438,84462
552,46	445,41128
552,72	444,60462
552,98	449,05128
553,24	447,02462
553,49	451,19128
553,75	452,58462
554,01	459,76462
554,27	461,55795
554,53	463,09128
554,78	455,08462
555,04	444,98462
555,30	435,27128
555,56	428,27128
555,82	429,46462
556,07	429,12462
556,33	428,64462
556,59	422,97128
556,85	418,08462
557,11	420,34462
557,37	419,95128
557,62	413,22462
557,88	404,67795
558,14	406,21795
558,40	405,41128
558,66	406,13128
558,91	397,34462
559,17	399,80462
559,43	401,29128
559,69	400,06462
559,95	397,28462
560,20	394,20462
560,46	401,44462
560,72	407,09795
560,98	414,20462
561,24	407,49795
561,49	405,71128
561,75	401,27795
562,01	407,80462
562,27	410,57795
562,52	411,23128
562,78	408,65795
563,04	408,81795
563,30	404,53128
563,56	404,19795
563,81	406,95128
564,07	414,19128
564,33	423,74462
564,59	419,53128
564,85	416,43128
565,10	422,91795
565,36	428,03128
565,62	440,04462
565,88	430,93795
566,13	436,97795
566,39	437,15128
566,65	449,96462
566,91	458,49795
567,17	460,91795
567,42	466,63795
567,68	463,51795
567,94	467,35128
568,20	461,55128
568,45	464,48462
568,71	465,66462
568,97	468,70462
569,23	479,01128
569,49	484,30462
569,74	484,78462
570,00	469,22462
570,26	473,57128
570,52	485,01128
570,77	486,33795
571,03	466,13128
571,29	437,35128
571,55	424,87795
571,80	408,34462
572,06	396,53795
572,32	385,95128
572,58	394,03128
572,83	396,23795
573,09	392,87795
573,35	385,08462
573,61	379,09795
573,86	378,85795
574,12	372,14462
574,38	374,40462
574,64	372,20462
574,89	377,01128
575,15	383,89128
575,41	384,80462
575,67	383,00462
575,92	375,41795
576,18	380,29128
576,44	389,07795
576,70	403,95128
576,95	429,67795
577,21	464,57795
577,47	499,95795
577,73	529,37128
577,98	540,39128
578,24	547,77795
578,50	574,40462
578,76	609,83795
579,01	583,24462
579,27	510,75795
579,53	437,25795
579,79	411,57795
580,04	397,63795
580,30	375,04462
580,56	359,69128
580,81	352,79128
581,07	350,82462
581,33	350,06462
581,59	348,29795
581,84	351,97128
582,10	355,65795
582,36	356,42462
582,62	353,48462
582,87	351,92462
583,13	358,96462
583,39	360,59128
583,64	364,03795
583,90	356,75128
584,16	354,85128
584,42	351,11128
584,67	351,79128
584,93	355,20462
585,19	355,54462
585,45	356,80462
585,70	353,29128
585,96	355,06462
586,22	353,33795
586,47	349,68462
586,73	348,21795
586,99	344,18462
587,25	346,32462
587,50	341,15128
587,76	340,44462
588,02	340,92462
588,27	346,13128
588,53	355,85795
588,79	353,63795
589,04	351,80462
589,30	352,82462
589,56	356,09795
589,82	359,93128
590,07	356,71128
590,33	352,79128
590,59	347,22462
590,84	343,73795
591,10	346,69128
591,36	349,42462
591,61	349,65795
591,87	351,48462
592,13	350,88462
592,39	351,13795
592,64	352,26462
592,90	348,73795
593,16	351,04462
593,41	351,91795
593,67	357,11128
593,93	356,27795
594,18	356,30462
594,44	356,34462
594,70	354,42462
594,95	352,68462
595,21	355,35128
595,47	354,05795
595,73	351,98462
595,98	347,05795
596,24	346,25795
596,50	337,78462
596,75	337,51128
597,01	338,38462
597,27	342,57128
597,52	339,05795
597,78	335,05128
598,04	333,92462
598,29	328,09795
598,55	329,06462
598,81	324,99128
599,06	327,74462
599,32	322,89128
599,58	328,61795
599,83	324,35795
600,09	325,13128
600,35	320,85128
600,60	322,32462
600,86	324,15795
601,12	325,87795
601,37	327,51128
601,63	322,39795
601,89	318,44462
602,14	316,45128
602,40	319,02462
602,66	318,35128
602,91	314,64462
603,17	317,25795
603,43	321,33128
603,68	326,79795
603,94	321,66462
604,20	318,41128
604,45	314,05128
604,71	313,77128
604,97	314,64462
605,22	315,65795
605,48	317,63128
605,74	318,86462
605,99	320,61795
606,25	317,79795
606,51	315,79795
606,76	309,71795
607,02	314,33128
607,27	311,71128
607,53	317,13795
607,79	315,95128
608,04	313,81795
608,30	311,65128
608,56	309,20462
608,81	315,43128
609,07	315,39795
609,33	322,55795
609,58	324,91128
609,84	328,74462
610,10	325,62462
610,35	318,33795
610,61	315,79795
610,86	311,01128
611,12	315,02462
611,38	313,00462
611,63	313,13795
611,89	311,59128
612,15	314,69128
612,40	311,17128
612,66	306,69128
612,92	300,34462
613,17	307,81128
613,43	313,43128
613,68	317,41128
613,94	313,85795
614,20	312,19795
614,45	310,35128
614,71	316,27795
614,97	311,35128
615,22	312,31795
615,48	309,07128
615,73	314,87795
615,99	317,99795
616,25	318,39795
616,50	322,20462
616,76	321,49128
617,01	322,65795
617,27	315,77795
617,53	316,47128
617,78	322,99795
618,04	329,55128
618,30	332,71795
618,55	323,56462
618,81	323,98462
619,06	318,27795
619,32	319,47128
619,58	316,01128
619,83	319,23128
620,09	318,30462
620,34	319,08462
620,60	314,64462
620,86	315,75795
621,11	316,63128
621,37	326,35795
621,62	324,92462
621,88	320,70462
622,14	312,42462
622,39	315,75795
622,65	318,91128
622,90	317,27128
623,16	317,85128
623,42	317,57795
623,67	314,73795
623,93	315,05128
624,18	311,51128
624,44	321,23128
624,70	321,35128
624,95	321,71128
625,21	318,86462
625,46	313,91795
625,72	320,34462
625,98	317,09795
626,23	320,69128
626,49	314,41795
626,74	316,63795
627,00	316,65795
627,25	317,43128
627,51	318,67795
627,77	313,50462
628,02	308,09795
628,28	304,59128
628,53	305,27795
628,79	309,22462
629,04	304,69795
629,30	303,69128
629,56	305,32462
629,81	304,99128
630,07	304,93795
630,32	300,54462
630,58	310,38462
630,83	307,57128
631,09	307,12462
631,35	298,87128
631,60	301,60462
631,86	303,49795
632,11	304,07128
632,37	296,65128
632,62	290,86462
632,88	287,33795
633,14	290,75795
633,39	290,59795
633,65	296,35795
633,90	298,69795
634,16	298,99128
634,41	291,65128
634,67	289,23128
634,93	291,78462
635,18	294,13795
635,44	288,06462
635,69	284,09128
635,95	285,66462
636,20	292,93128
636,46	291,55128
636,71	289,84462
636,97	285,84462
637,22	288,85795
637,48	284,32462
637,74	284,59128
637,99	285,05795
638,25	287,69128
638,50	284,95128
638,76	284,96462
639,01	281,03128
639,27	279,09128
639,52	278,67128
639,78	280,92462
640,03	282,01128
640,29	277,00462
640,55	278,00462
640,80	278,15128
641,06	276,33795
641,31	279,79128
641,57	281,25795
641,82	286,24462
642,08	285,13795
642,33	284,10462
642,59	283,76462
642,84	282,50462
643,10	279,87128
643,35	277,89795
643,61	277,17795
643,87	280,25128
644,12	280,64462
644,38	275,37795
644,63	274,68462
644,89	279,17795
645,14	284,02462
645,40	284,07795
645,65	286,04462
645,91	285,39128
646,16	290,97795
646,42	292,83795
646,67	292,71128
646,93	290,92462
647,18	289,02462
647,44	291,61128
647,69	290,81128
647,95	287,80462
648,20	286,51128
648,46	287,10462
648,71	288,80462
648,97	289,61795
649,22	289,29128
649,48	286,55128
649,73	285,23795
649,99	283,49128
650,24	288,44462
650,50	291,69795
650,75	293,43128
651,01	292,48462
651,26	291,09795
651,52	291,14462
651,77	287,23128
652,03	288,27128
652,28	287,57795
652,54	295,58462
652,79	304,03795
653,05	311,31128
653,30	312,86462
653,56	308,99795
653,81	312,33128
654,07	319,11795
654,32	328,58462
654,58	335,41795
654,83	345,61128
655,09	352,04462
655,34	363,19795
655,60	371,31795
655,85	381,81128
656,11	395,10462
656,36	401,85128
656,62	404,93795
656,87	397,51795
657,13	386,47795
657,38	380,91128
657,64	374,09795
657,89	367,78462
658,15	350,30462
658,40	333,95128
658,66	325,83795
658,91	317,62462
659,17	311,76462
659,42	303,83795
659,68	300,08462
659,93	291,94462
660,19	285,15795
660,44	286,87128
660,70	291,27128
660,95	289,15128
661,20	283,09795
661,46	279,33795
661,71	276,87128
661,97	274,05795
662,22	274,05128
662,48	275,58462
662,73	275,73795
662,99	276,13795
663,24	276,34462
663,50	271,55128
663,75	266,44462
664,01	257,23128
664,26	261,90462
664,52	257,86462
664,77	262,86462
665,02	262,03795
665,28	263,53795
665,53	260,08462
665,79	260,88462
666,04	260,93128
666,30	259,90462
666,55	257,31795
666,81	251,73795
667,06	251,45795
667,32	251,07128
667,57	251,15128
667,82	248,42462
668,08	244,51795
668,33	243,15795
668,59	240,07795
668,84	239,86462
669,10	236,67795
669,35	251,91128
669,61	243,40462
669,86	246,27795
670,11	228,86462
670,37	234,09128
670,62	232,47128
670,88	235,08462
671,13	227,25128
671,39	222,64462
671,64	218,27795
671,90	223,31795
672,15	226,35795
672,40	226,52462
672,66	222,17128
672,91	226,58462
673,17	230,68462
673,42	238,65795
673,68	237,27128
673,93	236,73128
674,18	237,99795
674,44	237,17128
674,69	239,16462
674,95	238,53795
675,20	235,67795
675,46	230,77795
675,71	222,35795
675,96	222,86462
676,22	219,11128
676,47	219,57795
676,73	216,21795
676,98	214,75128
677,23	215,28462
677,49	215,87795
677,74	219,47795
678,00	213,79795
678,25	211,44462
678,51	210,67128
678,76	206,67795
679,01	206,45128
679,27	200,29128
679,52	200,61795
679,78	197,66462
680,03	197,96462
680,28	197,53128
680,54	195,54462
680,79	191,49128
681,05	192,87128
681,30	191,13128
681,55	192,19795
681,81	193,29128
682,06	199,19795
682,32	202,73128
682,57	203,55795
682,82	197,71128
683,08	193,43128
683,33	186,03128
683,59	188,74462
683,84	185,44462
684,09	188,05795
684,35	184,61795
684,60	190,10462
684,86	189,68462
685,11	195,30462
685,36	193,13128
685,62	196,67795
685,87	185,05795
686,13	181,79128
686,38	174,21795
686,63	181,21128
686,89	186,88462
687,14	197,41795
687,40	196,00462
687,65	196,04462
687,90	190,89128
688,16	191,19795
688,41	187,45128
688,66	185,11128
688,92	184,54462
689,17	182,21128
689,43	181,28462
689,68	183,14462
689,93	185,73795
690,19	186,72462
690,44	181,63128
690,69	179,53795
690,95	180,24462
691,20	185,69128
691,46	184,45795
691,71	187,10462
691,96	186,27128
692,22	188,78462
692,47	184,26462
692,72	181,70462
692,98	178,63795
693,23	178,69128
693,49	181,34462
693,74	181,73795
693,99	181,81795
694,25	177,41128
694,50	176,67128
694,75	174,49795
695,01	167,77795
695,26	169,35795
695,51	168,81128
695,77	168,18462
696,02	164,91795
696,27	163,72462
696,53	169,47795
696,78	172,63795
697,04	174,77128
697,29	171,86462
697,54	167,58462
697,80	162,14462
698,05	162,67128
698,30	160,35795
698,56	159,73128
698,81	158,25128
699,06	159,98462
699,32	158,19128
699,57	158,07795
699,82	160,77128
700,08	159,97795
700,33	157,79795
700,58	152,94462
700,84	154,47128
701,09	151,57795
701,34	152,03128
701,60	153,28462
701,85	155,95128
702,10	155,47128
702,36	157,29795
702,61	154,32462
702,86	150,82462
703,12	143,75795
703,37	145,68462
703,62	145,98462
703,88	146,43795
704,13	143,17128
704,38	144,25795
704,64	150,86462
704,89	153,03795
705,14	157,51795
705,40	155,54462
705,65	153,06462
705,90	146,19128
706,16	139,43128
706,41	142,85128
706,66	143,85128
706,92	144,85128
707,17	146,29795
707,42	152,27128
707,68	148,08462
707,93	144,06462
708,18	140,41795
708,44	148,57128
708,69	151,11795
708,94	149,54462
709,19	146,73128
709,45	149,15795
709,70	145,20462
709,95	143,71128
710,21	135,07128
710,46	132,96462
710,71	136,79795
710,97	138,17795
711,22	140,41128
711,47	134,28462
711,73	135,05795
711,98	135,39128
712,23	134,79128
712,48	131,13128
712,74	129,83795
712,99	131,25795
713,24	129,61795
713,50	130,49128
713,75	134,56462
714,00	139,73128
714,26	138,31128
714,51	136,55128
714,76	138,37795
715,01	140,78462
715,27	147,51795
715,52	149,33795
715,77	153,31128
716,03	149,33795
716,28	149,29128
716,53	152,30462
716,78	152,48462
717,04	152,11795
717,29	149,21128
717,54	148,49128
717,80	143,03128
718,05	140,59795
718,30	136,00462
718,55	137,67795
718,81	134,93795
719,06	136,76462
719,31	135,67795
719,57	131,95128
719,82	129,85795
720,07	130,59128
720,32	128,87795
720,58	130,15128
720,83	127,26462
721,08	128,49128
721,33	125,67795
721,59	129,07128
721,84	130,69128
722,09	132,44462
722,35	128,65795
722,60	125,09128
722,85	123,83795
723,10	122,09128
723,36	123,47128
723,61	119,09795
723,86	119,71795
724,11	121,72462
724,37	118,17128
724,62	115,59128
724,87	110,82462
725,12	112,70462
725,38	112,55128
725,63	113,04462
725,88	110,47795
726,13	110,32462
726,39	104,07128
726,64	111,02462
726,89	109,99128
727,14	113,25128
727,40	110,05128
727,65	112,98462
727,90	117,76462
728,15	119,77795
728,41	115,45128
728,66	115,47128
728,91	111,29795
729,16	113,78462
729,42	112,71795
729,67	114,81795
729,92	108,75128
730,17	107,01128
730,43	107,63128
730,68	114,24462
730,93	115,21128
731,18	113,00462
731,44	110,77128
731,69	108,21128
731,94	107,92462
732,19	111,03128
732,45	112,45795
732,70	117,77128
732,95	112,11795
733,20	108,13128
733,45	105,23795
733,71	108,59795
733,96	107,87128
734,21	108,39128
734,46	106,09128
734,72	108,27128
734,97	107,18462
735,22	106,81795
735,47	108,57795
735,72	106,96462
735,98	107,31128
736,23	107,83128
736,48	108,98462
736,73	110,51795
736,99	107,62462
737,24	108,72462
737,49	107,28462
737,74	109,91795
737,99	114,37795
738,25	117,33128
738,50	116,05128
738,75	107,89795
739,00	108,06462
739,25	111,97128
739,51	112,19128
739,76	111,60462
740,01	111,03128
740,26	115,39795
740,52	118,07795
740,77	125,55128
741,02	127,61795
741,27	129,72462
741,52	130,79795
741,78	136,81795
742,03	141,76462
742,28	143,63795
742,53	147,76462
742,78	156,18462
743,04	167,49128
743,29	181,38462
743,54	192,71128
743,79	193,80462
744,04	188,68462
744,30	186,39128
744,55	187,91128
744,80	195,69795
745,05	194,29795
745,30	193,18462
745,55	186,30462
745,81	197,31795
746,06	208,98462
746,31	224,01128
746,56	223,65128
746,81	225,66462
747,07	226,55795
747,32	228,11128
747,57	230,63795
747,82	224,97795
748,07	217,51795
748,32	196,13795
748,58	179,82462
748,83	161,59128
749,08	153,03128
749,33	145,49795
749,58	140,81128
749,84	135,73128
750,09	126,37795
750,34	120,17128
750,59	118,76462
750,84	114,47128
751,09	118,37128
751,35	114,64462
751,60	116,29128
751,85	107,33795
752,10	101,07795
752,35	103,26462
752,60	104,03795
752,86	105,48462
753,11	98,63795
753,36	95,44462
753,61	94,30462
753,86	91,59128
754,11	91,77128
754,37	87,35795
754,62	87,79128
754,87	88,87128
755,12	95,15795
755,37	98,49128
755,62	98,17128
755,87	92,03795
756,13	89,17795
756,38	89,70462
756,63	94,49795
756,88	100,83128
757,13	98,37795
757,38	98,78462
757,64	90,47128
757,89	90,74462
758,14	92,24462
758,39	91,43128
758,64	94,48462
758,89	89,26462
759,14	93,45128
759,40	92,16462
759,65	91,20462
759,90	88,36462
760,15	83,10462
760,40	78,09128
760,65	75,02462
760,90	75,51128
761,15	78,13795
761,41	81,54462
761,66	80,81128
761,91	84,47128
762,16	81,35795
762,41	86,38462
762,66	82,97128
762,91	84,95795
763,17	82,77128
763,42	85,00462
763,67	88,75795
763,92	89,01128
764,17	87,76462
764,42	81,98462
764,67	82,52462
764,92	86,98462
765,18	87,76462
765,43	82,79128
765,68	83,11795
765,93	86,60462
766,18	88,32462
766,43	85,95795
766,68	85,03795
766,93	84,05128
767,18	81,07128
767,44	80,61795
767,69	78,43795
767,94	82,09795
768,19	79,46462
768,44	80,33128
768,69	78,85128
768,94	81,85795
769,19	82,07795
769,44	82,84462
769,70	77,47795
769,95	79,91795
770,20	81,09795
770,45	88,59795
770,70	89,34462
770,95	87,40462
771,20	80,83795
771,45	84,29128
771,70	84,27128
771,95	84,22462
772,21	85,08462
772,46	86,14462
772,71	90,53128
772,96	89,80462
773,21	90,14462
773,46	94,89128
773,71	95,85128
773,96	95,84462
774,21	97,09128
774,46	100,50462
774,72	107,85128
774,97	111,78462
775,22	114,89128
775,47	128,35128
775,72	145,85795
775,97	181,69795
776,22	222,35128
776,47	280,44462
776,72	325,21795
776,97	348,41128
777,22	344,94462
777,47	337,51128
777,73	334,25795
777,98	334,56462
778,23	318,09128
778,48	283,61795
778,73	235,59128
778,98	197,11128
779,23	170,63128
779,48	151,82462
779,73	130,14462
779,98	114,28462
780,23	106,23128
780,48	103,37795
780,73	103,13128
780,98	100,52462
781,24	98,39128
781,49	92,24462
781,74	85,77795
781,99	84,20462
782,24	83,06462
782,49	83,18462
782,74	81,73128
782,99	81,43128
783,24	79,01795
783,49	78,68462
783,74	77,70462
783,99	82,89795
784,24	78,69795
784,49	76,19795
784,74	72,55128
784,99	74,60462
785,24	70,70462
785,49	62,73795
785,75	68,37128
786,00	76,63795
786,25	79,41795
786,50	72,73128
786,75	64,78462
787,00	70,24462
787,25	70,78462
787,50	75,41128
787,75	72,45795
788,00	77,71128
788,25	71,09795
788,50	67,77795
788,75	62,56462
789,00	63,99795
789,25	62,78462
789,50	58,64462
789,75	58,59795
790,00	63,13128
790,25	65,31795
790,50	76,29795
790,75	80,92462
791,00	80,68462
791,25	77,92462
791,50	73,21795
791,75	77,42462
792,01	85,16462
792,26	97,93128
792,51	120,02462
792,76	130,67795
793,01	136,97795
793,26	125,29128
793,51	123,25128
793,76	130,51795
794,01	145,78462
794,26	147,49128
794,51	139,23128
794,76	122,04462
795,01	114,82462
795,26	108,93795
795,51	108,39795
795,76	101,17128
796,01	98,49795
796,26	93,18462
796,51	86,46462
796,76	76,45128
797,01	67,83795
797,26	68,33795
797,51	63,16462
797,76	67,06462
798,01	65,01795
798,26	71,36462
798,51	66,23795
798,76	58,35128
799,01	53,75128
799,26	50,67128
799,51	52,99795
799,76	52,33128
800,01	56,37795
800,26	53,19128
800,51	53,63795
800,76	50,25795
801,01	52,57128
801,26	49,46462
801,51	47,44462
801,76	46,59795
802,01	45,36462
802,26	47,79128
802,51	52,27128
802,76	54,66462
803,01	54,97795
803,26	47,09128
803,51	45,84462
803,76	45,41128
804,01	51,21128
804,26	49,03795
804,51	46,03795
804,76	42,17128
805,01	43,99795
805,26	43,90462
805,51	44,31795
805,76	41,66462
806,01	52,54462
806,26	56,08462
806,51	59,03128
806,76	47,09128
807,01	43,97128
807,26	44,12462
807,51	46,18462
807,76	49,50462
808,01	62,02462
808,26	84,83128
808,50	113,77795
808,75	132,57128
809,00	135,15795
809,25	129,81795
809,50	120,85795
809,75	129,33128
810,00	129,98462
810,25	122,38462
810,50	104,61795
810,75	86,94462
811,00	82,05795
811,25	72,76462
811,50	71,77128
811,75	66,47128
812,00	61,48462
812,25	54,99128
812,50	46,82462
812,75	43,87795
813,00	42,85795
813,25	44,71128
813,50	46,23128
813,75	43,79795
814,00	45,03128
814,25	45,37128
814,50	51,20462
814,74	49,97795
814,99	53,48462
815,24	48,04462
815,49	50,15128
815,74	47,00462
815,99	53,78462
816,24	55,15128
816,49	58,22462
816,74	62,00462
816,99	63,09795
817,24	69,21795
817,49	66,90462
817,74	79,64462
817,99	86,11128
818,24	97,33128
818,49	103,96462
818,74	105,91128
818,98	111,85795
819,23	109,88462
819,48	118,90462
819,73	114,35128
819,98	116,02462
820,23	108,32462
820,48	116,53128
820,73	126,25128
820,98	142,35795
821,23	149,28462
821,48	153,03128
821,73	154,18462
821,98	157,26462
822,23	157,05795
822,47	159,81795
822,72	152,20462
822,97	143,83795
823,22	130,27128
823,47	122,68462
823,72	118,23128
823,97	114,84462
824,22	109,77128
824,47	99,02462
824,72	89,52462
824,97	82,85795
825,22	80,13128
825,46	72,60462
825,71	66,29795
825,96	58,11128
826,21	53,45795
826,46	49,01795
826,71	46,11795
826,96	49,33128
827,21	46,23795
827,46	44,77128
827,71	37,88462
827,96	36,79795
828,20	37,27128
828,45	37,61795
828,70	38,85795
828,95	36,79128
829,20	35,68462
829,45	34,88462
829,70	33,15795
829,95	32,58462
830,20	30,75795
830,45	35,91795
830,69	35,34462
830,94	34,51128
831,19	31,44462
831,44	28,29128
831,69	29,29128
831,94	27,56462
832,19	31,13128
832,44	27,95128
832,69	26,53795
832,93	26,84462
833,18	31,66462
833,43	29,77128
833,68	25,50462
833,93	24,92462
834,18	27,99795
834,43	30,24462
834,68	27,05128
834,92	24,59128
835,17	25,74462
835,42	28,44462
835,67	31,53795
835,92	28,81128
836,17	25,03128
836,42	21,91128
836,67	16,14462
836,91	21,78462
837,16	23,73128
837,41	25,26462
837,66	27,19795
837,91	31,93795
838,16	36,02462
838,41	32,64462
838,66	25,42462
838,90	28,14462
839,15	24,38462
839,40	27,29795
839,65	22,81128
839,90	22,98462
840,15	24,93795
840,40	23,97128
840,64	28,09128
840,89	23,35128
841,14	27,45128
841,39	24,87795
841,64	24,88462
841,89	26,15795
842,14	22,81795
842,38	32,72462
842,63	34,60462
842,88	38,11795
843,13	32,00462
843,38	36,69128
843,63	45,35128
843,87	61,37795
844,12	67,35128
844,37	72,03795
844,62	68,73795
844,87	67,34462
845,12	71,69128
845,37	70,27128
845,61	66,45795
845,86	55,11128
846,11	47,51795
846,36	39,59795
846,61	35,91128
846,86	33,54462
847,10	33,38462
847,35	36,87795
847,60	34,26462
847,85	33,23795
848,10	27,75128
848,35	28,77128
848,59	31,39795
848,84	27,55795
849,09	28,57795
849,34	23,87128
849,59	26,36462
849,84	18,45128
850,08	19,71128
850,33	16,21795
850,58	19,11795
850,83	21,56462
851,08	19,49795
851,32	18,13128
851,57	16,09128
851,82	24,54462
852,07	25,59795
852,32	29,10462
852,57	21,68462
852,81	26,99128
853,06	20,91128
853,31	25,87128
853,56	21,33795
853,81	21,89795
854,05	21,35128
854,30	19,15795
854,55	19,88462
854,80	17,53795
855,05	27,37795
855,29	26,87795
855,54	28,62462
855,79	22,61795
856,04	22,21795
856,29	24,35128
856,53	26,75128
856,78	28,49795
857,03	24,78462
857,28	23,98462
857,53	24,11128
857,77	29,81795
858,02	26,24462
858,27	26,99128
858,52	24,69128
858,77	26,12462
859,01	25,94462
859,26	27,79795
859,51	30,90462
859,76	28,85128
860,01	27,61128
860,25	26,33128
860,50	31,47128
860,75	30,33795
861,00	31,45795
861,25	29,37795
861,49	31,10462
861,74	31,26462
861,99	30,53128
862,24	33,09128
862,48	38,40462
862,73	43,33795
862,98	44,39795
863,23	47,42462
863,48	50,38462
863,72	53,75795
863,97	54,67128
864,22	53,47795
864,47	44,25795
864,71	36,28462
864,96	35,39128
865,21	37,38462
865,46	35,90462
865,70	32,79128
865,95	31,17795
866,20	35,62462
866,45	43,53795
866,70	52,21795
866,94	63,75795
867,19	69,35128
867,44	86,11795
867,69	99,61795
867,93	109,81795
868,18	112,63795
868,43	110,81795
868,68	111,15128
868,92	104,70462
869,17	92,39128
869,42	84,27795
869,67	75,95795
869,91	69,66462
870,16	60,40462
870,41	60,33128
870,66	64,69795
870,90	70,66462
871,15	67,76462
871,40	61,67795
871,65	55,79128
871,89	54,67128
872,14	51,87795
872,39	47,04462
872,64	41,37795
872,88	36,19795
873,13	29,99795
873,38	23,33795
873,63	26,97795
873,87	26,62462
874,12	21,89795
874,37	12,94462
874,62	12,67795
874,86	17,31795
875,11	19,55128
875,36	18,65795
875,60	14,78462
875,85	16,45795
876,10	18,02462
876,35	21,09795
876,59	18,43128
876,84	15,22462
877,09	14,30462
877,34	14,99128
877,58	14,35795
877,83	12,63795
878,08	11,18462
878,32	9,36462
878,57	7,07128
878,82	9,79795
879,07	10,94462
879,31	12,49128
879,56	10,89128
879,81	9,65128
880,06	8,41128
880,30	4,60462
880,55	12,36462
880,80	15,18462
881,04	17,87795
881,29	19,09795
881,54	21,02462
881,79	19,14462
882,03	9,80462
882,28	12,15128
882,53	14,45795
882,77	20,33128
883,02	15,94462
883,27	15,78462
883,51	10,18462
883,76	11,71795
884,01	13,61795
884,26	12,31795
884,50	9,35795
884,75	2,37795
885,00	4,61795
885,24	3,68462
885,49	6,69128
885,74	11,87128
885,98	8,87795
886,23	5,73128
886,48	2,41128
886,73	9,08462
886,97	13,51128
887,22	8,73795
887,47	3,58462
887,71	0,54462
887,96	1,48462
888,21	5,87128
888,45	7,68462
888,70	11,96462
888,95	7,23128
889,19	5,63128
889,44	3,67795
889,69	6,60462
889,93	3,59795
890,18	6,03795
890,43	7,59128
890,67	12,02462
890,92	5,43128
891,17	6,91795
891,42	10,08462
891,66	18,20462
891,91	17,31795
892,16	15,82462
892,40	15,32462
892,65	13,51795
892,90	11,36462
893,14	8,73128
893,39	8,72462
893,64	7,78462
893,88	2,54462
894,13	6,70462
894,38	8,92462
894,62	9,87128
894,87	2,74462
895,12	-1,97538
895,36	0,07128
895,61	0,78462
895,86	2,33128
896,10	0,69795
896,35	0,05795
896,60	-3,04205
896,84	-3,40205
897,09	-1,24872
897,33	3,83795
897,58	4,15795
897,83	4,08462
898,07	1,41128
898,32	3,45795
898,57	4,40462
898,81	8,85128
899,06	12,10462
899,31	19,74462
899,55	19,65128
899,80	13,01128
900,05	5,07795
900,29	2,11795
900,54	9,78462
900,79	8,73795
901,03	8,19795
901,28	4,75128
901,52	10,65795
901,77	16,24462
902,02	17,89795
902,26	10,89128
902,51	7,89795
902,76	1,97795
903,00	6,96462
903,25	5,43795
903,50	11,11128
903,74	9,51128
903,99	11,31795
904,23	15,75795
904,48	20,61795
904,73	28,00462
904,97	28,35795
905,22	31,56462
905,47	25,94462
905,71	26,79795
905,96	21,61795
906,20	24,35128
906,45	19,81128
906,70	19,63795
906,94	16,27128
907,19	14,25128
907,44	9,82462
907,68	6,36462
907,93	7,19128
908,17	2,09128
908,42	5,06462
908,67	-0,06205
908,91	7,69128
909,16	9,51795
909,40	10,82462
909,65	5,85795
909,90	2,59795
910,14	2,89795
910,39	0,49128
910,63	0,53128
910,88	4,56462
911,13	14,51128
911,37	14,73128
911,62	10,80462
911,86	4,31795
912,11	4,70462
912,36	7,35128
912,60	7,66462
912,85	11,33795
913,09	10,75795
913,34	12,89795
913,59	4,21128
913,83	6,53795
914,08	3,31795
914,32	10,56462
914,57	9,06462
914,82	12,75795
915,06	10,99128
915,31	8,91128
915,55	8,61795
915,80	11,34462
916,05	9,94462
916,29	5,13128
916,54	0,69795
916,78	5,61795
917,03	9,22462
917,27	8,99128
917,52	3,83128
917,77	6,17795
918,01	6,06462
918,26	3,01128
918,50	-1,77538
918,75	-3,24872
919,00	0,55795
919,24	0,22462
919,49	-1,76872
919,73	0,15795
919,98	-0,24205
920,22	3,55128
920,47	2,03128
920,72	-0,21538
920,96	-2,14205
921,21	-3,03538
921,45	0,85128
921,70	-1,37538
921,94	2,15795
922,19	4,06462
922,43	4,97795
922,68	10,37128
922,93	9,91128
923,17	10,75128
923,42	-0,03538
923,66	-0,10205
923,91	-0,62205
924,15	3,50462
924,40	2,65128
924,64	2,20462
924,89	0,39128
925,14	0,77128
925,38	1,80462
925,63	7,66462
925,87	9,84462
926,12	15,74462
926,36	11,97795
926,61	10,27128
926,85	32,06462
927,10	30,42462
927,35	29,69128
927,59	8,00462
927,84	7,07795
928,08	10,43128
928,33	6,06462
928,57	8,73128
928,82	8,93795
929,06	10,25795
929,31	9,29128
929,55	6,16462
929,80	9,23128
930,04	9,22462
930,29	8,77795
930,54	5,30462
930,78	4,47128
931,03	2,29795
931,27	5,82462
931,52	4,73795
931,76	6,95795
932,01	-1,10872
932,25	-1,75538
932,50	1,41128
932,74	3,71795
932,99	9,21128
933,23	4,93128
933,48	6,21795
933,72	3,61795
933,97	2,70462
934,21	10,55795
934,46	14,64462
934,70	19,33128
934,95	11,33128
935,19	2,41795
935,44	-2,12205
935,68	-1,63538
935,93	1,85795
936,18	4,19128
936,42	3,08462
936,67	1,19795
936,91	2,27795
937,16	10,97795
937,40	10,76462
937,65	4,86462
937,89	-2,58205
938,14	-1,33538
938,38	4,40462
938,63	8,43795
938,87	11,07128
939,12	15,01795
939,36	21,77128
939,61	24,64462
939,85	20,07128
940,10	9,22462
940,34	6,59795
940,59	5,87795
940,83	3,27128
941,08	4,64462
941,32	5,16462
941,57	10,77128
941,81	3,87795
942,06	2,56462
942,30	0,23795
942,55	5,30462
942,79	1,68462
943,03	1,71128
943,28	2,10462
943,52	11,41795
943,77	6,54462
944,01	-0,05538
944,26	-10,05538
944,50	-9,83538
944,75	-1,07538
944,99	4,27128
945,24	4,95128
945,48	5,82462
945,73	20,51795
945,97	21,43128
946,22	14,85128
946,46	-1,06872
946,71	3,14462
946,95	3,24462
947,20	-0,67538
947,44	-4,53538
947,69	-2,89538
947,93	-1,58872
948,17	-3,40872
948,42	-6,14872
948,66	-3,80872
948,91	-6,44205
949,15	-8,16872
949,40	-10,56205
949,64	-5,62872
949,89	-2,78872
950,13	-2,08872
950,38	-5,54872
950,62	-4,58872
950,87	-1,48205
951,11	4,29795
951,35	2,59795
951,60	1,23128
951,84	-2,70872
952,09	-3,00205
952,33	-2,98205
952,58	0,83795
952,82	-2,11538
953,07	-4,90872
953,31	-4,47538
953,56	-0,79538
953,80	0,23128
954,04	-8,50872
954,29	-13,05538
954,53	-15,47538
954,78	-12,06872
955,02	-9,72205
955,27	-7,53538
955,51	-6,35538
955,76	-5,94205
956,00	-5,52205
956,24	-6,73538
956,49	-4,46872
956,73	-2,70872
956,98	-1,78872
957,22	3,78462
957,47	5,87795
957,71	2,89128
957,95	-0,66872
958,20	-1,48872
958,44	5,16462
958,69	1,60462
958,93	0,44462
959,18	-1,09538
959,42	2,43795
959,66	-0,58205
959,91	-5,40205
960,15	-9,08872
960,40	-8,48872
960,64	-5,84872
960,89	-2,66872
961,13	29,36462
961,37	33,43128
961,62	33,61128
961,86	3,93795
962,11	3,79795
962,35	-1,67538
962,59	-2,82205
962,84	-10,85538
963,08	-5,30205
963,33	-5,16205
963,57	-1,58205
963,81	-5,32872
964,06	-4,59538
964,30	0,10462
964,55	-4,07538
964,79	4,22462
965,04	5,22462
965,28	7,83795
965,52	-1,25538
965,77	-5,86872
966,01	-1,94872
966,26	-1,56872
966,50	0,67795
966,74	0,64462
966,99	2,61128
967,23	2,08462
967,48	-0,70205
967,72	-3,30872
967,96	-6,95538
968,21	-4,09538
968,45	-4,58872
968,69	-2,86872
968,94	1,75128
969,18	-0,25538
969,43	-3,80872
969,67	-9,10205
969,91	-4,13538
970,16	0,05128
970,40	-0,44872
970,65	-2,92205
970,89	-7,50872
971,13	-7,06872
971,38	-6,28872
971,62	3,39128
971,86	2,70462
972,11	3,01795
972,35	-3,81538
972,60	-0,67538
972,84	3,17795
973,08	4,49795
973,33	0,67795
973,57	-1,42205
973,81	0,07795
974,06	0,23795
974,30	-4,74205
974,55	-3,66872
974,79	0,29795
975,03	3,12462
975,28	1,07128
975,52	-4,66205
975,76	-3,76205
976,01	-5,17538
976,25	-1,28872
976,50	-2,78205
976,74	0,48462
976,98	0,46462
977,23	-0,75538
977,47	-0,60205
977,71	-1,30205
977,96	-3,88205
978,20	-10,18205
978,44	-13,48872
978,69	-5,42205
978,93	-0,63538
979,17	1,61795
979,42	-1,27538
979,66	-2,33538
979,90	-0,56872
980,15	6,39128
980,39	8,59128
980,64	4,91795
980,88	2,44462
981,12	2,57128
981,37	1,54462
981,61	-0,96205
981,85	-6,47538
982,10	-3,30205
982,34	-10,97538
982,58	-6,27538
982,83	-10,66872
983,07	-8,93538
983,31	-10,18872
983,56	-9,25538
983,80	-5,94872
984,04	-5,58872
984,29	0,29128
984,53	1,57128
984,77	0,18462
985,02	0,32462
985,26	-6,19538
985,50	1,34462
985,75	-2,46872
985,99	2,91795
986,23	-4,02205
986,48	-2,36872
986,72	-3,18205
986,96	1,59128
987,20	0,75128
987,45	-1,22205
987,69	-8,97538
987,93	-5,11538
988,18	0,64462
988,42	5,41795
988,66	2,29128
988,91	-3,03538
989,15	-4,43538
989,39	-6,72872
989,64	-8,56872
989,88	-7,03538
990,12	-5,23538
990,37	-0,72205
990,61	-2,36872
990,85	-4,62872
991,10	-8,94205
991,34	-8,98205
991,58	-9,09538
991,82	-7,76872
992,07	-8,17538
992,31	-5,92872
992,55	-8,91538
992,80	-9,20872
993,04	-6,70872
993,28	2,06462
993,53	1,75795
993,77	-0,10872
994,01	-8,47538
994,25	-7,96872
994,50	-7,62872
994,74	-2,48205
994,98	-4,25538
995,23	-5,33538
995,47	-5,12872
995,71	-4,01538
995,95	-3,50872
996,20	-0,60205
996,44	0,98462
996,68	0,21128
996,93	-5,92872
997,17	-5,84872
997,41	-4,72872
997,65	-6,24872
997,90	-9,72205
998,14	-10,88205
998,38	-6,90872
998,63	-5,48205
998,87	-5,02205
999,11	-8,31538
999,35	-6,98872
999,60	-8,09538
999,84	-5,78872
1000,08	1,18462
1000,32	3,50462
1000,57	3,56462
1000,81	3,18462
1001,05	2,43795
1001,30	5,63128
1001,54	-0,06872
1001,78	3,97128
1002,02	1,37128
1002,27	3,07795
1002,51	-2,92205
1002,75	-3,16872
1002,99	-7,40872
1003,24	-8,81538
1003,48	-7,18872
1003,72	-9,99538
1003,96	-6,07538
1004,21	-4,94872
1004,45	2,23128
1004,69	0,51795
1004,93	-0,51538
1005,18	-0,84205
1005,42	2,14462
1005,66	-1,34205
1005,90	-5,05538
1006,15	-9,61538
1006,39	-4,70872
1006,63	0,95128
1006,87	5,21128
1007,12	2,01795
1007,36	1,75128
1007,60	2,35795
1007,84	0,65795
1008,09	-1,62872
1008,33	-6,18205
1008,57	-4,23538
1008,81	-3,48872
1009,06	-4,18872
1009,30	-3,68205
1009,54	-2,46205
1009,78	2,29795
1010,03	2,32462
1010,27	-2,64872
1010,51	-2,90872
1010,75	-2,96872
1010,99	0,92462
1011,24	1,59128
1011,48	8,29128
1011,72	7,00462
1011,96	8,55795
1012,21	2,85128
1012,45	1,25128
1012,69	-0,84872
1012,93	-3,54872
1013,18	-0,84205
1013,42	-2,24205
1013,66	1,21128
1013,90	-1,67538
1014,14	-1,04872
1014,39	-1,55538
1014,63	-0,98205
1014,87	1,79795
1015,11	-0,68872
1015,35	-5,49538
1015,60	-3,02205
1015,84	-0,37538
1016,08	1,09128
1016,32	-3,71538
1016,57	-6,52205
1016,81	-4,71538
1017,05	-4,08872
1017,29	-2,23538
1017,53	-1,84872
1017,78	-2,64205
1018,02	-6,18872
1018,26	-3,48205
1018,50	-5,56205
1018,74	0,08462
1018,99	-3,44872
1019,23	-5,14872
1019,47	-9,48205
1019,71	-5,52872
1019,95	-1,24205
1020,20	-0,23538
1020,44	-3,91538
1020,68	-4,50205
1020,92	-0,34205
1021,16	0,01128
1021,41	0,01128
1021,65	-6,13538
1021,89	-7,17538
1022,13	-10,47538
1022,37	-10,12205
1022,61	-10,64205
1022,86	-9,45538
1023,10	-3,61538
1023,34	-2,03538
1023,58	0,92462
1023,82	-5,70205
1024,07	-5,43538
1024,31	-3,33538
1024,55	-2,12205
1024,79	0,69128
1025,03	-5,82205
1025,27	-2,40872
1025,52	-8,34872
1025,76	-7,49538
1026,00	-5,78872
1026,24	-4,17538
1026,48	-4,34872
1026,73	-6,79538
1026,97	0,09795
1027,21	2,83795
1027,45	3,17795
1027,69	-1,18872
1027,93	1,03795
1028,18	0,59128
1028,42	2,15795
1028,66	0,72462
1028,90	1,17795
1029,14	-0,54872
1029,38	-4,39538
1029,62	-2,14205
1029,87	-1,99538
1030,11	3,35128
1030,35	-2,15538
1030,59	-2,43538
1030,83	-6,89538
1031,07	-6,06205
1031,32	-10,20872
1031,56	-3,54872
1031,80	-1,10872
1032,04	4,99795
1032,28	-3,04205
1032,52	-1,89538
1032,76	-3,05538
1033,01	-2,43538
1033,25	-2,53538
1033,49	-3,42872
1033,73	-4,10205
1033,97	-8,05538
1034,21	-10,64872
1034,45	-10,03538
1034,70	-12,24872
1034,94	-8,84872
1035,18	15,96462
1035,42	18,94462
1035,66	22,90462
1035,90	1,59128
1036,14	-1,80205
1036,39	-3,42205
1036,63	-7,52205
1036,87	3,28462
1037,11	0,71128
1037,35	3,47795
1037,59	0,29795
1037,83	4,26462
1038,07	11,50462
1038,32	5,87128
1038,56	1,45128
1038,80	1,71795
1039,04	6,01795
1039,28	9,69795
1039,52	1,81795
1039,76	-1,39538
1040,00	-3,04205
1040,25	-6,73538
1040,49	-5,86205
1040,73	-6,04872
1040,97	-3,40205
1041,21	-0,14205
1041,45	0,27128
1041,69	5,82462
1041,93	-0,55538
1042,17	-2,17538
1042,42	-9,19538
1042,66	-7,14872
1042,90	-5,12872
1043,14	-6,39538
1043,38	-3,28872
1043,62	-5,52872
1043,86	-3,02872
1044,10	-1,92205
1044,34	4,28462
1044,59	6,04462
1044,83	2,78462
1045,07	-2,79538
1045,31	-3,26872
1045,55	-4,66872
1045,79	-11,40872
1046,03	-8,80205
1046,27	-3,97538
1046,51	1,73795
1046,75	-3,22872
1047,00	-6,70205
1047,24	-5,80872
1047,48	-4,54205
1047,72	-4,38872
1047,96	-5,82872
1048,20	-3,00872
1048,44	-0,36205
1048,68	-1,19538
1048,92	-4,12205
1049,16	-10,64205
1049,40	-9,94205
1049,64	-10,70872
1049,89	-4,00205
1050,13	-2,92205
1050,37	4,80462
1050,61	4,42462
1050,85	8,09128
1051,09	2,81128
1051,33	1,34462
1051,57	1,43128
1051,81	1,02462
1052,05	1,16462
1052,29	4,36462
1052,53	0,61795
1052,77	6,43128
1053,02	0,91128
1053,26	5,59795
1053,50	-0,80205
1053,74	-3,90872
1053,98	-5,50205
1054,22	-8,89538
1054,46	-6,90205
1054,70	-4,96872
1054,94	-6,23538
1055,18	-5,08205
1055,42	-2,96205
1055,66	0,23128
1055,90	-4,86872
1056,14	-6,71538
1056,38	-1,91538
1056,62	-0,09538
1056,86	-0,34872
1057,11	-3,90872
1057,35	-4,36205
1057,59	-10,66872
1057,83	-8,52205
1058,07	-3,64872
1058,31	7,05795
1058,55	7,17795
1058,79	2,73795
1059,03	-7,08872
1059,27	-7,39538
1059,51	-7,01538
1059,75	-4,86205
1059,99	-8,33538
1060,23	-7,68205
1060,47	-0,56872
1060,71	3,05795
1060,95	-2,96872
1061,19	-9,75538
1061,43	-12,29538
1061,67	-3,96205
1061,91	-1,82205
1062,15	-3,98872
1062,39	-8,95538
1062,64	-6,26872
1062,88	-5,06205
1063,12	-2,95538
1063,36	0,06462
1063,60	3,49795
1063,84	6,67128
1064,08	10,77795
1064,32	31,97795
1064,56	50,26462
1064,80	47,96462
1065,04	32,89128
1065,28	13,29128
1065,52	9,20462
1065,76	1,63128
1066,00	2,07128
1066,24	-1,90205
1066,48	-2,40205
1066,72	-3,57538
1066,96	-6,22205
1067,20	-9,89538
1067,44	-9,70205
1067,68	-7,68205
1067,92	-7,70872
1068,16	-5,17538
1068,40	-2,39538
1068,64	1,57795
1068,88	0,04462
1069,12	-4,46872
1069,36	-2,42872
1069,60	-6,30205
1069,84	2,20462
1070,08	-1,94205
1070,32	1,31128
1070,56	-6,06205
1070,80	-5,71538
1071,04	6,67128
1071,28	8,87795
1071,52	10,74462
1071,76	-3,60872
1072,00	-2,42872
1072,24	-4,91538
1072,48	-3,44872
1072,72	-4,81538
1072,96	-0,76205
1073,20	-5,52872
1073,44	-1,87538
1073,68	-2,54205
1073,92	3,16462
1074,16	-2,24872
1074,40	-3,04872
1074,64	-5,84872
1074,88	-4,70872
1075,12	-3,70205
1075,36	-2,44205
1075,60	-0,06872
1075,84	-3,10205
1076,08	-3,76205
1076,32	-5,28872
1076,56	-6,16205
1076,80	-5,23538
1077,04	-10,19538
1077,28	-10,10872
1077,52	-13,93538
1077,76	-14,46872
1078,00	-11,60872
1078,24	-2,16205
1078,48	1,37795
1078,71	-0,58205
1078,95	-5,41538
1079,19	-8,43538
1079,43	-12,36205
1079,67	-13,52872
1079,91	-8,05538
1080,15	-4,12872
1080,39	-4,98205
1080,63	-4,56872
1080,87	-5,13538
1081,11	-4,20872
1081,35	-5,16205
1081,59	-1,29538
1081,83	-2,06872
1082,07	-5,66205
1082,31	-6,42872
1082,55	-5,80872
1082,79	-4,71538
1083,03	-3,37538
1083,27	-7,30872
1083,51	-5,39538
1083,75	-8,35538
1083,99	-0,78205
1084,22	-0,82872
1084,46	-1,36872
1084,70	-0,58872
1084,94	-2,66205
1085,18	-3,82872
1085,42	-11,36205
1085,66	-9,02205
1085,90	-9,10872
1086,14	-2,68872
1086,38	1,66462
1086,62	0,25795
1086,86	2,79795
1087,10	-1,66872
1087,34	1,99128
1087,58	-5,61538
1087,82	-6,64872
1088,06	-4,98205
1088,29	1,52462
1088,53	-0,43538
1088,77	-3,54872
1089,01	-4,02872
1089,25	-1,62872
1089,49	0,07795
1089,73	-3,71538
1089,97	-2,48872
1090,21	-4,12872
1090,45	-3,96872
1090,69	-6,50205
1090,93	-8,18205
1091,17	-10,80872
1091,40	-3,58872
1091,64	-3,08205
1091,88	-1,49538
1092,12	-8,42205
1092,36	-7,03538
1092,60	-6,25538
1092,84	-2,65538
1093,08	0,35128
1093,32	1,69128
1093,56	2,38462
1093,80	6,17795
1094,04	4,42462
1094,27	0,81128
1094,51	-1,90872
1094,75	1,19795
1094,99	2,25128
1095,23	0,01128
1095,47	25,33795
1095,71	23,74462
1095,95	22,23128
1096,19	-5,82205
1096,43	-2,48872
1096,66	-6,96205
1096,90	-8,77538
1097,14	-9,81538
1097,38	-9,74205
1097,62	-8,10872
1097,86	-9,34872
1098,10	-4,36872
1098,34	-1,10872
1098,58	-3,28872
1098,81	-2,45538
1099,05	-2,34872
1099,29	6,75128
1099,53	9,96462
1099,77	6,68462
1100,01	-2,50872
1100,25	-5,32205
1100,49	-3,10872
1100,73	4,73128
1100,96	9,56462
1101,20	12,39795
1101,44	2,80462
1101,68	-0,08205
1101,92	-3,91538
1102,16	-0,52872
1102,40	0,31795
1102,64	1,16462
1102,87	3,05128
1103,11	-1,57538
1103,35	-2,14205
1103,59	-4,77538
1103,83	-4,32205
1104,07	-0,31538
1104,31	0,02462
1104,55	-0,88872
1104,78	-7,20872
1105,02	-2,39538
1105,26	-5,48205
1105,50	-2,49538
1105,74	-9,97538
1105,98	-5,87538
1106,22	-1,26872
1106,45	0,85795
1106,69	-1,98872
1106,93	-5,23538
1107,17	-4,97538
1107,41	-3,57538
1107,65	-6,29538
1107,89	-3,75538
1108,12	-3,85538
1108,36	-7,67538
1108,60	-7,80205
1108,84	-6,19538
1109,08	-4,33538
1109,32	-3,50872
1109,55	-5,75538
1109,79	1,05128
1110,03	-2,76205
1110,27	-0,18872
1110,51	-4,36872
1110,75	-5,59538
1110,99	-7,18872
1111,22	-10,34872
1111,46	-9,48205
1111,70	-10,16205
1111,94	-12,44872
1112,18	-13,52872
1112,42	-12,15538
1112,65	-6,40872
1112,89	-2,93538
1113,13	-3,60872
1113,37	-2,87538
1113,61	-1,69538
1113,85	3,43795
1114,08	0,98462
1114,32	-3,22205
1114,56	-3,50872
1114,80	-2,90872
1115,04	1,99795
1115,28	-3,44205
1115,51	-2,09538
1115,75	-1,36205
1115,99	-0,40205
1116,23	-1,28872
1116,47	-1,35538
1116,70	-2,06205
1116,94	-5,20872
1117,18	-4,56872
1117,42	-5,35538
1117,66	-1,02872
1117,90	-6,48872
1118,13	-6,92205
1118,37	-12,46872
1118,61	-12,02872
1118,85	-9,18205
1119,09	-10,54205
1119,32	-6,92205
1119,56	-6,75538
1119,80	-6,08205
1120,04	-11,09538
1120,28	-7,66205
1120,51	-6,72872
1120,75	-3,93538
1120,99	-9,76538