194,56	-63,45538
194,83	-63,45538
195,09	-60,35538
195,36	-39,29538
195,63	-19,15538
195,90	-2,70872
196,17	-5,69538
196,44	-9,15538
196,71	-4,75538
196,97	-2,67538
197,24	5,35128
197,51	-2,06205
197,78	2,61795
198,05	2,14462
198,32	6,63795
198,59	0,95128
198,86	2,67128
199,12	0,01795
199,39	2,95128
199,66	2,07128
199,93	5,87795
200,20	5,32462
200,47	0,57128
200,74	0,14462
201,00	-1,60872
201,27	-0,90205
201,54	-4,41538
201,81	2,01795
202,08	-2,37538
202,35	1,39795
202,61	-0,23538
202,88	14,92462
203,15	10,40462
203,42	6,21128
203,69	-3,13538
203,96	-0,54205
204,23	1,83795
204,49	-1,33538
204,76	6,50462
205,03	8,63795
205,30	10,62462
205,57	3,71795
205,84	4,85128
206,10	11,51128
206,37	13,77795
206,64	14,88462
206,91	12,99795
207,18	9,03795
207,45	9,03128
207,71	4,77128
207,98	9,33795
208,25	4,11795
208,52	2,01128
208,79	-0,64205
209,06	2,35795
209,32	7,15795
209,59	9,55128
209,86	0,95128
210,13	1,93128
210,40	3,71795
210,67	12,64462
210,93	10,17128
211,20	3,33795
211,47	2,24462
211,74	8,61128
212,01	9,37795
212,28	14,15795
212,54	13,86462
212,81	15,83128
213,08	11,77128
213,35	10,78462
213,62	13,87795
213,88	17,24462
214,15	12,25795
214,42	9,50462
214,69	8,22462
214,96	10,27795
215,23	16,39795
215,49	13,98462
215,76	12,94462
216,03	11,71128
216,30	8,11128
216,57	5,73795
216,83	4,35128
217,10	6,11128
217,37	9,88462
217,64	17,13128
217,91	20,44462
218,17	12,15128
218,44	-2,86205
218,71	-3,40872
218,98	2,38462
219,25	12,59795
219,51	13,29128
219,78	13,18462
220,05	8,36462
220,32	4,67128
220,59	5,81128
220,85	7,71795
221,12	12,20462
221,39	16,73795
221,66	15,75128
221,93	10,91795
222,19	4,23128
222,46	7,81128
222,73	11,91795
223,00	17,69128
223,27	12,85795
223,53	12,45128
223,80	7,93128
224,07	11,95128
224,34	15,44462
224,61	16,23128
224,87	9,65128
225,14	0,75795
225,41	0,65128
225,68	7,78462
225,94	13,29128
226,21	14,74462
226,48	9,38462
226,75	9,29795
227,02	5,09128
227,28	7,65795
227,55	2,73128
227,82	4,82462
228,09	-2,46872
228,36	-1,88205
228,62	0,17128
228,89	6,31128
229,16	8,59128
229,43	7,33795
229,69	7,28462
229,96	8,55795
230,23	6,43128
230,50	9,05795
230,76	5,63128
231,03	6,86462
231,30	6,41795
231,57	9,59795
231,84	8,61128
232,10	5,26462
232,37	4,87795
232,64	2,99795
232,91	4,35128
233,17	7,13795
233,44	9,39128
233,71	10,42462
233,98	4,21128
234,24	5,82462
234,51	9,73128
234,78	13,25795
235,05	16,18462
235,31	12,94462
235,58	11,41128
235,85	6,12462
236,12	1,17795
236,39	7,60462
236,65	10,68462
236,92	24,24462
237,19	20,78462
237,46	30,43128
237,72	20,62462
237,99	15,81795
238,26	6,10462
238,53	11,92462
238,79	12,31128
239,06	12,31128
239,33	4,49128
239,60	2,85128
239,86	-1,70205
240,13	-2,62872
240,40	-4,22872
240,67	4,59128
240,93	7,57795
241,20	9,68462
241,47	2,78462
241,73	3,26462
242,00	4,08462
242,27	6,77795
242,54	6,60462
242,80	7,67128
243,07	7,82462
243,34	7,97795
243,61	17,54462
243,87	14,04462
244,14	12,89795
244,41	3,32462
244,68	4,92462
244,94	5,96462
245,21	7,10462
245,48	10,72462
245,74	8,57795
246,01	12,97795
246,28	8,93128
246,55	8,27795
246,81	0,93795
247,08	2,79795
247,35	6,28462
247,62	7,25795
247,88	2,49795
248,15	3,74462
248,42	12,93128
248,68	14,53128
248,95	9,85795
249,22	2,77795
249,49	5,44462
249,75	6,26462
250,02	7,82462
250,29	6,32462
250,56	10,74462
250,82	14,25795
251,09	15,63795
251,36	17,15795
251,62	9,04462
251,89	8,79128
252,16	12,77795
252,43	20,68462
252,69	18,49795
252,96	9,99795
253,23	7,45795
253,49	9,29795
253,76	10,14462
254,03	16,25795
254,29	17,23795
254,56	17,96462
254,83	8,99795
255,10	3,61795
255,36	2,96462
255,63	7,13795
255,90	12,87795
256,16	13,89128
256,43	6,40462
256,70	9,19795
256,96	7,68462
257,23	11,48462
257,50	7,67128
257,77	10,90462
258,03	10,02462
258,30	13,35128
258,57	6,67128
258,83	8,23128
259,10	3,39795
259,37	5,73795
259,63	2,99795
259,90	8,46462
260,17	7,43128
260,43	10,23795
260,70	5,46462
260,97	11,25795
261,24	11,42462
261,50	13,03795
261,77	8,54462
262,04	5,23795
262,30	1,62462
262,57	1,47795
262,84	5,53128
263,10	12,84462
263,37	16,04462
263,64	11,52462
263,90	5,42462
264,17	3,29795
264,44	3,37795
264,70	3,63128
264,97	7,19795
265,24	15,28462
265,50	19,36462
265,77	19,06462
266,04	13,45795
266,30	8,98462
266,57	2,02462
266,84	1,36462
267,10	1,53795
267,37	11,75128
267,64	13,75795
267,90	18,96462
268,17	15,01128
268,44	11,94462
268,70	4,97128
268,97	-3,76872
269,24	-2,24872
269,50	2,82462
269,77	9,27795
270,04	14,28462
270,30	10,89128
270,57	13,71795
270,84	4,71128
271,10	9,20462
271,37	5,59128
271,64	14,33128
271,90	21,25128
272,17	22,89128
272,44	18,91128
272,70	10,19128
272,97	7,83795
273,24	6,43795
273,50	7,93795
273,77	11,46462
274,04	13,41128
274,30	10,50462
274,57	6,48462
274,84	10,87128
275,10	12,91795
275,37	14,59128
275,64	7,88462
275,90	2,29128
276,17	0,61128
276,43	4,49795
276,70	5,13795
276,97	3,28462
277,23	5,91128
277,50	6,58462
277,77	4,01128
278,03	-5,61538
278,30	-2,64205
278,57	-0,87538
278,83	2,67128
279,10	6,25795
279,37	3,79795
279,63	3,25795
279,90	4,53128
280,16	11,38462
280,43	15,88462
280,70	13,14462
280,96	18,03128
281,23	16,43795
281,50	12,03795
281,76	5,99795
282,03	6,67795
282,29	8,30462
282,56	8,49795
282,83	4,27795
283,09	2,25128
283,36	4,31795
283,63	5,91128
283,89	8,15128
284,16	7,37795
284,42	9,54462
284,69	11,27795
284,96	11,23795
285,22	8,77128
285,49	8,65128
285,76	8,43795
286,02	15,24462
286,29	17,31795
286,55	16,33795
286,82	9,53795
287,09	4,11795
287,35	8,37128
287,62	7,68462
287,88	8,48462
288,15	1,01128
288,42	-0,95538
288,68	3,79128
288,95	7,19128
289,22	13,59128
289,48	10,51795
289,75	12,19795
290,01	11,87795
290,28	8,25795
290,55	8,18462
290,81	3,95795
291,08	9,15795
291,34	12,39795
291,61	16,71795
291,88	15,91795
292,14	7,04462
292,41	5,83795
292,67	11,01795
292,94	17,43795
293,21	16,75795
293,47	13,57795
293,74	12,73795
294,00	8,33128
294,27	4,27795
294,54	2,65795
294,80	7,00462
295,07	12,67128
295,33	11,33795
295,60	12,79795
295,86	9,40462
296,13	7,69795
296,40	2,23128
296,66	4,93128
296,93	17,57128
297,19	24,30462
297,46	21,80462
297,73	16,01128
297,99	11,71795
298,26	7,77795
298,52	3,40462
298,79	4,83128
299,05	2,83128
299,32	8,60462
299,59	13,01795
299,85	19,01128
300,12	14,85128
300,38	11,86462
300,65	9,91128
300,92	13,71128
301,18	12,61795
301,45	18,75795
301,71	14,67128
301,98	20,15128
302,24	21,99128
302,51	26,87795
302,78	26,82462
303,04	22,82462
303,31	24,99795
303,57	27,41795
303,84	28,30462
304,10	22,24462
304,37	22,00462
304,63	26,51128
304,90	33,57795
305,17	35,82462
305,43	31,64462
305,70	37,11795
305,96	36,21795
306,23	38,91795
306,49	36,53795
306,76	37,32462
307,03	38,00462
307,29	35,13795
307,56	38,69128
307,82	41,83795
308,09	44,65795
308,35	44,01128
308,62	47,85128
308,88	45,64462
309,15	46,21128
309,42	44,90462
309,68	48,23128
309,95	49,02462
310,21	45,55795
310,48	46,89795
310,74	49,10462
311,01	57,05128
311,27	54,56462
311,54	50,25128
311,80	44,59795
312,07	51,67128
312,34	56,97795
312,60	55,53128
312,87	54,38462
313,13	59,01128
313,40	60,57128
313,66	61,99795
313,93	54,71795
314,19	62,37128
314,46	59,63795
314,72	65,41795
314,99	60,79795
315,25	58,16462
315,52	51,43795
315,78	51,17795
316,05	52,61128
316,32	54,43795
316,58	53,62462
316,85	56,84462
317,11	57,78462
317,38	59,17795
317,64	59,09795
317,91	59,22462
318,17	59,31795
318,44	59,09795
318,70	55,77128
318,97	57,45128
319,23	63,27795
319,50	66,77795
319,76	64,83795
320,03	58,72462
320,29	62,68462
320,56	65,78462
320,82	69,57128
321,09	70,64462
321,36	75,48462
321,62	75,83795
321,89	73,75795
322,15	71,39795
322,42	73,84462
322,68	82,69795
322,95	91,55795
323,21	100,89795
323,48	103,93128
323,74	108,00462
324,01	111,75128
324,27	117,42462
324,54	124,84462
324,80	142,93128
325,07	161,64462
325,33	179,38462
325,60	176,92462
325,86	171,73795
326,13	156,19128
326,39	146,49128
326,66	135,49795
326,92	135,47128
327,19	140,69128
327,45	150,33795
327,72	164,06462
327,98	173,79128
328,25	180,17795
328,51	171,53795
328,78	162,41795
329,04	150,95795
329,31	144,03128
329,57	138,50462
329,84	136,38462
330,10	137,73795
330,37	141,21795
330,63	140,63128
330,90	139,51795
331,16	141,81795
331,43	144,78462
331,69	150,25795
331,96	148,39128
332,22	145,15128
332,49	141,65795
332,75	133,95128
333,01	128,23128
333,28	121,69795
333,54	122,63128
333,81	132,12462
334,07	134,22462
334,34	131,99128
334,60	128,59795
334,87	130,87128
335,13	140,80462
335,40	138,48462
335,66	136,19795
335,93	130,50462
336,19	131,37128
336,46	137,76462
336,72	135,99795
336,99	138,81128
337,25	136,49128
337,52	140,51128
337,78	143,81128
338,05	142,53795
338,31	145,64462
338,57	149,23128
338,84	149,29795
339,10	148,62462
339,37	144,43795
339,63	149,95795
339,90	150,62462
340,16	151,49128
340,43	147,25795
340,69	151,09795
340,96	147,98462
341,22	154,08462
341,49	147,90462
341,75	151,27128
342,01	151,95128
342,28	159,51795
342,54	170,97795
342,81	178,69128
343,07	186,05795
343,34	185,68462
343,60	190,70462
343,87	188,48462
344,13	192,17128
344,40	199,17128
344,66	209,69128
344,92	223,45128
345,19	224,53795
345,45	230,12462
345,72	233,71795
345,98	238,71128
346,25	237,90462
346,51	233,64462
346,78	228,84462
347,04	232,13795
347,30	229,75128
347,57	233,02462
347,83	231,55795
348,10	236,25795
348,36	238,28462
348,63	244,67795
348,89	245,36462
349,15	245,99128
349,42	240,86462
349,68	236,85795
349,95	233,37795
350,21	236,84462
350,48	241,04462
350,74	246,57795
351,01	244,59795
351,27	248,04462
351,53	248,41128
351,80	250,16462
352,06	252,91795
352,33	256,29795
352,59	257,91128
352,86	257,54462
353,12	259,43795
353,38	269,68462
353,65	264,99128
353,91	259,42462
354,18	251,21128
354,44	257,51795
354,70	253,18462
354,97	243,80462
355,23	234,59128
355,50	230,87128
355,76	233,10462
356,03	230,37795
356,29	237,13128
356,55	236,83128
356,82	236,46462
357,08	231,48462
357,35	231,98462
357,61	239,99128
357,87	246,53128
358,14	249,53128
358,40	247,23795
358,67	253,42462
358,93	259,06462
359,20	268,19795
359,46	270,98462
359,72	277,31128
359,99	285,03128
360,25	300,85128
360,52	313,55128
360,78	320,59128
361,04	316,41128
361,31	304,59795
361,57	290,20462
361,84	282,16462
362,10	281,98462
362,36	285,35128
362,63	287,70462
362,89	285,63128
363,16	284,51128
363,42	281,99795
363,68	278,27128
363,95	277,17128
364,21	270,01795
364,47	272,88462
364,74	271,27795
365,00	271,83128
365,27	267,89795
365,53	268,23128
365,79	273,13128
366,06	279,53128
366,32	283,41128
366,59	276,55128
366,85	272,21795
367,11	266,96462
367,38	269,65795
367,64	268,85795
367,91	268,37128
368,17	267,81795
368,43	265,42462
368,70	266,81795
368,96	265,73128
369,22	275,81795
369,49	277,36462
369,75	276,60462
370,02	267,75795
370,28	262,22462
370,54	261,53795
370,81	258,35795
371,07	259,00462
371,33	266,66462
371,60	258,63795
371,86	252,58462
372,13	242,00462
372,39	248,59128
372,65	253,29795
372,92	256,13795
373,18	260,79795
373,44	258,66462
373,71	251,71795
373,97	244,45128
374,23	246,27128
374,50	256,18462
374,76	259,12462
375,03	261,57795
375,29	259,40462
375,55	260,94462
375,82	256,62462
376,08	253,88462
376,34	258,96462
376,61	254,85128
376,87	250,27128
377,13	238,02462
377,40	243,30462
377,66	253,90462
377,92	264,35795
378,19	268,17795
378,45	266,92462
378,72	259,89128
378,98	258,88462
379,24	253,86462
379,51	258,87795
379,77	257,29795
380,03	250,39128
380,30	254,39128
380,56	252,84462
380,82	262,03128
381,09	256,77128
381,35	260,15795
381,61	256,69795
381,88	261,73795
382,14	263,85795
382,40	271,11795
382,67	267,46462
382,93	263,27795
383,19	256,65795
383,46	256,95128
383,72	259,31128
383,98	261,36462
384,25	266,73128
384,51	270,60462
384,77	271,87128
385,04	272,51128
385,30	268,89128
385,56	276,88462
385,83	281,33795
386,09	286,84462
386,35	287,21128
386,62	286,83795
386,88	291,05795
387,14	291,62462
387,41	285,49128
387,67	283,29128
387,93	280,86462
388,20	282,88462
388,46	279,49128
388,72	279,67795
388,99	281,55128
389,25	284,13128
389,51	281,67128
389,78	280,09128
390,04	281,59128
390,30	285,89795
390,56	285,69128
390,83	282,65795
391,09	283,94462
391,35	285,21128
391,62	290,15128
391,88	293,15795
392,14	298,74462
392,41	299,57795
392,67	294,04462
392,93	293,87795
393,20	288,85795
393,46	291,51795
393,72	283,75795
393,99	281,45795
394,25	283,76462
394,51	282,99128
394,77	292,11128
395,04	291,13795
395,30	299,37795
395,56	300,35128
395,83	298,45128
396,09	298,47128
396,35	299,88462
396,62	301,01795
396,88	307,73128
397,14	304,01795
397,40	316,61795
397,67	317,76462
397,93	321,47795
398,19	318,80462
398,46	319,72462
398,72	328,30462
398,98	331,97128
399,24	337,86462
399,51	342,51795
399,77	348,28462
400,03	347,31795
400,30	342,28462
400,56	351,13128
400,82	354,91128
401,08	355,71795
401,35	347,96462
401,61	351,43128
401,87	352,73795
402,14	356,52462
402,40	354,67795
402,66	362,51128
402,92	359,75795
403,19	359,27128
403,45	358,44462
403,71	355,53795
403,98	355,09795
404,24	351,72462
404,50	352,69795
404,76	359,81795
405,03	366,04462
405,29	373,37795
405,55	373,05128
405,81	378,87795
406,08	377,38462
406,34	379,32462
406,60	382,67795
406,87	393,22462
407,13	399,63795
407,39	390,18462
407,65	378,10462
407,92	363,47795
408,18	357,37795
408,44	354,86462
408,70	351,44462
408,97	349,17128
409,23	347,23128
409,49	345,73795
409,75	344,51128
410,02	340,15128
410,28	336,49128
410,54	335,88462
410,80	338,97795
411,07	342,59128
411,33	345,48462
411,59	336,57795
411,85	340,57795
412,12	340,61128
412,38	345,43795
412,64	339,39795
412,90	332,45128
413,17	328,92462
413,43	324,27128
413,69	326,77128
413,95	327,58462
414,22	327,03795
414,48	317,27128
414,74	310,89128
415,00	312,34462
415,27	316,63795
415,53	323,35128
415,79	321,47795
416,05	322,25795
416,32	320,78462
416,58	328,43795
416,84	333,36462
417,10	330,65795
417,37	325,02462
417,63	321,59795
417,89	325,81128
418,15	325,94462
418,41	324,09128
418,68	324,12462
418,94	324,95128
419,20	323,10462
419,46	323,28462
419,73	322,63128
419,99	326,97128
420,25	323,13795
420,51	337,77128
420,78	337,49128
421,04	332,89795
421,30	314,13795
421,56	316,93128
421,82	323,76462
422,09	331,67795
422,35	327,09128
422,61	328,93795
422,87	352,65128
423,14	351,87128
423,40	353,33128
423,66	325,89795
423,92	333,86462
424,18	332,81128
424,45	333,83795
424,71	329,81795
424,97	334,93795
425,23	337,34462
425,49	341,32462
425,76	347,99795
426,02	360,22462
426,28	369,82462
426,54	370,76462
426,81	371,49795
427,07	371,31128
427,33	371,37128
427,59	374,37795
427,85	380,93128
428,12	395,29795
428,38	393,93128
428,64	379,77128
428,90	354,93128
429,16	342,09795
429,43	334,51795
429,69	331,51128
429,95	326,63128
430,21	326,83795
430,47	329,66462
430,74	324,41128
431,00	319,00462
431,26	308,81795
431,52	309,99128
431,78	312,55128
432,05	318,70462
432,31	328,05128
432,57	326,89795
432,83	321,26462
433,09	314,68462
433,35	317,39128
433,62	319,86462
433,88	319,40462
434,14	319,89128
434,40	322,68462
434,66	326,81128
434,93	326,00462
435,19	327,81795
435,45	326,23128
435,71	336,87795
435,97	342,63795
436,23	344,14462
436,50	341,39128
436,76	340,00462
437,02	345,67795
437,28	344,92462
437,54	350,19128
437,81	349,87128
438,07	353,00462
438,33	353,91795
438,59	356,35795
438,85	355,17128
439,11	341,90462
439,38	338,94462
439,64	333,33795
439,90	337,27795
440,16	336,55128
440,42	339,08462
440,68	344,51795
440,95	339,79795
441,21	346,11795
441,47	349,99795
441,73	354,87128
441,99	355,36462
442,25	351,93795
442,52	354,21795
442,78	345,37128
443,04	343,89128
443,30	341,38462
443,56	346,88462
443,82	348,93795
444,08	352,30462
444,35	351,73795
444,61	348,48462
444,87	341,75795
445,13	344,65128
445,39	338,53795
445,65	340,26462
445,92	327,23795
446,18	331,45795
446,44	331,33128
446,70	336,80462
446,96	339,35795
447,22	339,96462
447,48	340,03795
447,75	337,72462
448,01	341,23795
448,27	336,38462
448,53	336,15128
448,79	336,62462
449,05	344,69128
449,31	343,44462
449,58	342,05128
449,84	345,63795
450,10	356,79128
450,36	357,89795
450,62	360,87128
450,88	363,93128
451,14	373,74462
451,41	377,79128
451,67	375,84462
451,93	370,67128
452,19	365,82462
452,45	366,59128
452,71	367,83128
452,97	366,52462
453,23	372,75795
453,50	378,03795
453,76	385,29795
454,02	381,32462
454,28	377,96462
454,54	377,38462
454,80	375,31795
455,06	364,94462
455,32	352,97795
455,59	339,85795
455,85	336,51795
456,11	333,41128
456,37	334,35128
456,63	334,32462
456,89	339,19128
457,15	350,17128
457,41	360,11795
457,68	373,10462
457,94	375,99128
458,20	385,07128
458,46	391,22462
458,72	403,31128
458,98	420,95128
459,24	434,03795
459,50	438,66462
459,76	424,06462
460,03	402,77128
460,29	392,90462
460,55	394,00462
460,81	398,95128
461,07	397,19128
461,33	400,83128
461,59	408,54462
461,85	409,39795
462,11	409,12462
462,37	407,35795
462,64	414,59128
462,90	414,55128
463,16	422,66462
463,42	435,94462
463,68	453,52462
463,94	466,55795
464,20	479,71128
464,46	490,63795
464,72	505,43795
464,98	509,09795
465,24	522,81795
465,51	534,31795
465,77	549,95128
466,03	530,65795
466,29	497,59795
466,55	461,59795
466,81	446,13795
467,07	441,92462
467,33	437,85128
467,59	443,55795
467,85	439,07128
468,11	432,63795
468,38	418,86462
468,64	416,57795
468,90	412,19128
469,16	415,00462
469,42	413,29128
469,68	416,91128
469,94	422,50462
470,20	427,35795
470,46	429,27795
470,72	425,08462
470,98	419,21128
471,24	414,93128
471,50	407,03795
471,77	398,23795
472,03	393,00462
472,29	383,39128
472,55	380,57128
472,81	379,68462
473,07	382,33795
473,33	375,61128
473,59	373,05795
473,85	368,99128
474,11	371,18462
474,37	366,92462
474,63	366,37128
474,89	375,63128
475,15	385,78462
475,41	398,27795
475,68	400,35795
475,94	404,07128
476,20	408,21128
476,46	416,23795
476,72	417,02462
476,98	422,06462
477,24	423,01795
477,50	428,97128
477,76	434,51128
478,02	445,79128
478,28	456,57128
478,54	461,41128
478,80	468,59128
479,06	478,75128
479,32	492,78462
479,58	495,21795
479,84	498,87795
480,10	494,83128
480,36	500,43795
480,63	501,69795
480,89	496,32462
481,15	490,25128
481,41	482,87128
481,67	486,38462
481,93	487,96462
482,19	488,37795
482,45	492,13128
482,71	491,97795
482,97	493,61128
483,23	493,45128
483,49	498,78462
483,75	507,29795
484,01	514,22462
484,27	517,15128
484,53	524,87128
484,79	541,15128
485,05	547,70462
485,31	557,11795
485,57	552,96462
485,83	565,77128
486,09	568,23128
486,35	579,54462
486,61	583,85795
486,87	594,07128
487,13	605,86462
487,39	617,46462
487,65	625,37128
487,91	624,45128
488,17	620,98462
488,43	616,40462
488,70	620,57795
488,96	627,95128
489,22	634,19795
489,48	643,20462
489,74	653,09128
490,00	668,68462
490,26	676,80462
490,52	690,57128
490,78	700,73128
491,04	714,35795
491,30	730,11795
491,56	746,57795
491,82	757,58462
492,08	765,51795
492,34	777,15128
492,60	789,79128
492,86	799,95128
493,12	807,29795
493,38	818,40462
493,64	826,85795
493,90	831,41128
494,16	826,28462
494,42	826,64462
494,68	829,71795
494,94	844,67795
495,20	853,27795
495,46	857,27128
495,72	853,63795
495,98	853,47795
496,24	852,93128
496,50	858,24462
496,76	870,11128
497,02	881,06462
497,28	891,61128
497,54	901,78462
497,80	913,31128
498,06	921,65795
498,32	924,27128
498,58	939,05795
498,84	955,39128
499,10	976,95128
499,36	999,13128
499,62	1026,34462
499,88	1051,93128
500,14	1067,31128
500,40	1076,63795
500,66	1090,95795
500,92	1101,03128
501,18	1100,32462
501,44	1083,27128
501,69	1067,74462
501,95	1061,03128
502,21	1055,79795
502,47	1040,89128
502,73	1019,05795
502,99	1001,03128
503,25	991,01795
503,51	985,75795
503,77	978,47795
504,03	976,99795
504,29	972,08462
504,55	967,60462
504,81	951,58462
505,07	937,53128
505,33	926,45128
505,59	923,64462
505,85	927,20462
506,11	929,67128
506,37	933,59128
506,63	932,83128
506,89	936,37128
507,15	942,03795
507,41	945,90462
507,67	948,17128
507,93	951,84462
508,19	957,81795
508,45	961,33128
508,71	957,48462
508,97	966,54462
509,23	1007,04462
509,49	1080,48462
509,74	1154,81128
510,00	1201,56462
510,26	1217,49795
510,52	1219,30462
510,78	1279,63128
511,04	1376,42462
511,30	1376,55128
511,56	1241,89795
511,82	1064,74462
512,08	983,79795
512,34	981,75795
512,60	978,26462
512,86	984,97795
513,12	993,19128
513,38	1027,19128
513,64	1095,29128
513,90	1201,47128
514,16	1349,54462
514,42	1493,17795
514,67	1615,54462
514,93	1687,60462
515,19	1717,14462
515,45	1763,75128
515,71	1887,95795
515,97	1900,84462
516,23	1715,51128
516,49	1403,61128
516,75	1199,40462
517,01	1134,06462
517,27	1096,57128
517,53	1058,04462
517,79	1030,00462
518,05	1006,40462
518,31	995,44462
518,56	986,41128
518,82	990,49128
519,08	993,73795
519,34	1016,91795
519,60	1047,48462
519,86	1114,28462
520,12	1216,97128
520,38	1392,17128
520,64	1626,92462
520,90	1865,23795
521,16	2056,11795
521,42	2161,99128
521,68	2210,31128
521,93	2291,21128
522,19	2488,35795
522,45	2548,11128
522,71	2252,67795
522,97	1739,39128
523,23	1335,53128
523,49	1194,71128
523,75	1125,02462
524,01	1061,80462
524,27	998,77128
524,53	947,65795
524,79	905,56462
525,04	873,49795
525,30	841,79795
525,56	819,49795
525,82	801,35128
526,08	786,53128
526,34	767,75795
526,60	761,13128
526,86	748,88462
527,12	746,04462
527,38	735,89128
527,63	740,55128
527,89	750,23795
528,15	768,69128
528,41	787,39795
528,67	807,77795
528,93	825,47128
529,19	828,17128
529,45	832,03795
529,71	849,15128
529,97	858,78462
530,22	840,65795
530,48	796,23128
530,74	762,93128
531,00	743,81795
531,26	734,27128
531,52	723,02462
531,78	710,07128
532,04	700,29128
532,30	693,15128
532,55	699,21795
532,81	696,38462
533,07	689,45128
533,33	679,04462
533,59	671,67795
533,85	667,69795
534,11	676,07128
534,37	681,98462
534,62	692,64462
534,88	683,57128
535,14	679,77128
535,40	677,79795
535,66	686,55795
535,92	691,92462
536,18	695,41795
536,44	688,29128
536,69	677,62462
536,95	667,99128
537,21	664,24462
537,47	666,85795
537,73	670,45795
537,99	668,36462
538,25	669,22462
538,51	665,93128
538,76	666,63795
539,02	667,92462
539,28	673,87128
539,54	679,20462
539,80	678,48462
540,06	672,22462
540,32	669,77128
540,57	667,73128
540,83	666,25795
541,09	657,18462
541,35	647,45128
541,61	642,65795
541,87	635,36462
542,13	642,19128
542,38	642,60462
542,64	647,53795
542,90	643,53795
543,16	634,86462
543,42	636,37128
543,68	632,67128
543,94	637,29795
544,19	632,71128
544,45	632,66462
544,71	629,47795
544,97	629,23128
545,23	621,32462
545,49	620,50462
545,74	611,75795
546,00	615,16462
546,26	603,98462
546,52	612,88462
546,78	613,53128
547,04	620,53795
547,29	615,42462
547,55	609,20462
547,81	608,84462
548,07	608,09128
548,33	608,18462
548,59	607,16462
548,84	607,97795
549,10	607,37128
549,36	608,17128
549,62	605,57795
549,88	608,07795
550,14	606,13795
550,39	603,17795
550,65	604,80462
550,91	606,10462
551,17	606,30462
551,43	603,88462
551,69	605,73128
551,94	614,63795
552,20	619,67795
552,46	628,09128
552,72	628,02462
552,98	632,75128
553,24	631,63128
553,49	636,17128
553,75	636,26462
554,01	642,51128
554,27	643,19128
554,53	645,91795
554,78	633,75128
555,04	623,48462
555,30	613,27795
555,56	606,85128
555,82	609,24462
556,07	607,05128
556,33	605,32462
556,59	595,48462
556,85	589,81128
557,11	593,06462
557,37	592,47128
557,62	584,03795
557,88	573,89128
558,14	574,75795
558,40	574,58462
558,66	573,37795
558,91	564,32462
559,17	567,04462
559,43	569,48462
559,69	567,22462
559,95	561,20462
560,20	558,17128
560,46	566,23128
560,72	573,61128
560,98	580,36462
561,24	574,97128
561,49	573,52462
561,75	569,69128
562,01	575,75128
562,27	580,55128
562,52	584,15128
562,78	586,03128
563,04	587,43128
563,30	582,38462
563,56	580,43795
563,81	582,83128
564,07	591,80462
564,33	603,25128
564,59	601,65795
564,85	602,95128
565,10	613,57128
565,36	627,01795
565,62	643,18462
565,88	640,11128
566,13	648,59795
566,39	654,01795
566,65	671,93128
566,91	685,27795
567,17	691,81795
567,42	699,97128
567,68	695,89128
567,94	699,21795
568,20	692,10462
568,45	694,77128
568,71	693,74462
568,97	691,89795
569,23	698,13128
569,49	697,94462
569,74	694,34462
570,00	674,50462
570,26	675,40462
570,52	688,17128
570,77	686,37128
571,03	657,93128
571,29	620,24462
571,55	603,03128
571,80	586,23795
572,06	571,13128
572,32	558,11795
572,58	565,18462
572,83	563,73128
573,09	557,27795
573,35	544,59795
573,61	537,77795
573,86	536,39795
574,12	531,71795
574,38	533,29795
574,64	531,06462
574,89	533,49795
575,15	538,49795
575,41	539,16462
575,67	538,69795
575,92	531,77128
576,18	537,31128
576,44	546,15795
576,70	566,02462
576,95	600,05128
577,21	646,52462
577,47	692,49128
577,73	727,37795
577,98	739,87795
578,24	749,11795
578,50	787,71128
578,76	837,52462
579,01	802,25795
579,27	706,88462
579,53	607,63128
579,79	574,31128
580,04	555,30462
580,30	529,84462
580,56	511,57795
580,81	504,24462
581,07	498,36462
581,33	497,25128
581,59	491,86462
581,84	495,78462
582,10	498,57128
582,36	500,31795
582,62	498,27795
582,87	498,48462
583,13	506,92462
583,39	507,65795
583,64	507,09128
583,90	498,47128
584,16	496,32462
584,42	494,64462
584,67	495,34462
584,93	499,77795
585,19	501,11795
585,45	502,61128
585,70	497,96462
585,96	499,43128
586,22	497,64462
586,47	494,06462
586,73	491,05128
586,99	487,28462
587,25	489,31795
587,50	486,93795
587,76	488,23128
588,02	489,79128
588,27	494,39128
588,53	504,01795
588,79	502,03795
589,04	499,34462
589,30	501,49795
589,56	505,18462
589,82	511,72462
590,07	506,86462
590,33	504,59128
590,59	499,61795
590,84	497,69795
591,10	500,67128
591,36	503,91795
591,61	504,32462
591,87	508,19795
592,13	508,19795
592,39	510,28462
592,64	512,47128
592,90	510,92462
593,16	514,86462
593,41	515,08462
593,67	520,58462
593,93	519,85128
594,18	521,73795
594,44	522,99795
594,70	519,33795
594,95	516,19795
595,21	515,47795
595,47	510,69128
595,73	505,42462
595,98	500,29795
596,24	499,83795
596,50	489,63795
596,75	485,77795
597,01	484,84462
597,27	488,05795
597,52	483,79128
597,78	480,79795
598,04	479,01795
598,29	471,38462
598,55	469,46462
598,81	464,05128
599,06	466,53795
599,32	462,79795
599,58	468,38462
599,83	463,15795
600,09	461,97128
600,35	457,19128
600,60	459,99128
600,86	462,42462
601,12	464,51795
601,37	465,17128
601,63	459,83128
601,89	455,15795
602,14	452,61795
602,40	454,04462
602,66	452,97795
602,91	448,33795
603,17	449,85128
603,43	451,75128
603,68	458,29128
603,94	453,84462
604,20	452,37795
604,45	447,61128
604,71	446,86462
604,97	446,32462
605,22	445,78462
605,48	447,73795
605,74	449,85795
605,99	451,49128
606,25	448,99795
606,51	446,67795
606,76	440,73128
607,02	446,61795
607,27	443,29128
607,53	449,78462
607,79	446,37128
608,04	445,33128
608,30	440,89795
608,56	437,93128
608,81	444,08462
609,07	446,29795
609,33	453,57128
609,58	455,91795
609,84	457,69795
610,10	454,61128
610,35	448,96462
610,61	447,78462
610,86	443,99795
611,12	445,89128
611,38	442,13128
611,63	441,08462
611,89	438,71795
612,15	444,33128
612,40	441,50462
612,66	438,70462
612,92	429,13795
613,17	437,39128
613,43	441,92462
613,68	449,22462
613,94	443,42462
614,20	440,67128
614,45	437,74462
614,71	446,01795
614,97	442,99795
615,22	445,43128
615,48	442,29795
615,73	449,44462
615,99	450,08462
616,25	450,85128
616,50	454,67795
616,76	455,73128
617,01	457,12462
617,27	450,77795
617,53	451,71795
617,78	458,47795
618,04	463,33795
618,30	466,15795
618,55	453,69795
618,81	453,63128
619,06	448,01128
619,32	450,97795
619,58	447,91128
619,83	450,52462
620,09	446,73128
620,34	446,62462
620,60	442,93128
620,86	444,88462
621,11	444,53128
621,37	450,87795
621,62	449,33795
621,88	444,05128
622,14	435,93128
622,39	439,77128
622,65	442,24462
622,90	442,31128
623,16	441,17128
623,42	443,89128
623,67	439,77795
623,93	439,57128
624,18	434,41795
624,44	444,49128
624,70	445,79795
624,95	445,49795
625,21	442,31795
625,46	437,97795
625,72	443,69795
625,98	440,81128
626,23	443,13128
626,49	437,00462
626,74	437,75795
627,00	440,40462
627,25	443,00462
627,51	444,72462
627,77	437,93795
628,02	432,18462
628,28	428,70462
628,53	429,70462
628,79	432,79795
629,04	428,19795
629,30	426,05795
629,56	426,19128
629,81	424,41795
630,07	424,33795
630,32	421,65795
630,58	431,33795
630,83	428,97795
631,09	427,93128
631,35	420,89128
631,60	422,03128
631,86	422,36462
632,11	423,22462
632,37	416,60462
632,62	412,83795
632,88	407,77128
633,14	409,31795
633,39	407,42462
633,65	414,37795
633,90	417,19128
634,16	418,20462
634,41	410,32462
634,67	408,74462
634,93	410,61128
635,18	412,99795
635,44	406,30462
635,69	402,99795
635,95	404,03795
636,20	412,89795
636,46	411,93795
636,71	409,21795
636,97	404,57795
637,22	405,38462
637,48	401,97795
637,74	402,23128
637,99	403,48462
638,25	407,29795
638,50	402,97128
638,76	404,05128
639,01	399,62462
639,27	399,23128
639,52	396,47128
639,78	399,47128
640,03	399,97795
640,29	398,05128
640,55	395,95128
640,80	396,05795
641,06	391,16462
641,31	395,89128
641,57	396,38462
641,82	402,46462
642,08	400,11128
642,33	400,36462
642,59	401,52462
642,84	402,91128
643,10	401,27128
643,35	397,51795
643,61	395,47795
643,87	397,84462
644,12	399,69795
644,38	396,13795
644,63	397,96462
644,89	403,97128
645,14	407,83128
645,40	405,55128
645,65	406,13795
645,91	407,71128
646,16	417,21795
646,42	420,61795
646,67	422,08462
646,93	419,83128
647,18	420,25795
647,44	423,82462
647,69	423,99795
647,95	423,37795
648,20	423,33795
648,46	423,34462
648,71	422,47795
648,97	422,67795
649,22	424,41128
649,48	422,69128
649,73	420,25795
649,99	416,68462
650,24	422,23128
650,50	426,84462
650,75	429,72462
651,01	429,16462
651,26	429,37795
651,52	428,06462
651,77	423,93795
652,03	424,18462
652,28	426,23128
652,54	436,28462
652,79	446,51795
653,05	455,11795
653,30	460,05795
653,56	460,99128
653,81	469,57128
654,07	480,51795
654,32	493,50462
654,58	509,65128
654,83	531,71128
655,09	553,13795
655,34	577,30462
655,60	597,61795
655,85	618,61795
656,11	641,39795
656,36	654,01795
656,62	660,97128
656,87	650,25128
657,13	631,87128
657,38	616,00462
657,64	597,72462
657,89	581,03795
658,15	552,42462
658,40	525,52462
658,66	507,32462
658,91	491,54462
659,17	480,83795
659,42	465,67795
659,68	454,97128
659,93	441,69795
660,19	433,39795
660,44	431,59128
660,70	432,31795
660,95	428,85795
661,20	422,82462
661,46	416,68462
661,71	410,73128
661,97	404,87128
662,22	402,73128
662,48	404,32462
662,73	402,55795
662,99	401,22462
663,24	397,06462
663,50	389,51128
663,75	383,81795
664,01	373,98462
664,26	379,53128
664,52	374,11128
664,77	378,63128
665,02	377,09795
665,28	378,23128
665,53	375,12462
665,79	373,97795
666,04	373,08462
666,30	370,19128
666,55	367,59795
666,81	362,75795
667,06	361,48462
667,32	360,23128
667,57	358,71128
667,82	355,13795
668,08	349,83795
668,33	346,25128
668,59	342,83128
668,84	343,06462
669,10	339,30462
669,35	354,07128
669,61	344,79128
669,86	349,39128
670,11	329,33128
670,37	334,47128
670,62	329,91795
670,88	334,21795
671,13	326,47795
671,39	320,89128
671,64	316,25795
671,90	319,73795
672,15	323,19128
672,40	323,86462
672,66	320,58462
672,91	327,09795
673,17	330,97128
673,42	338,47795
673,68	337,26462
673,93	336,73795
674,18	338,03128
674,44	336,81795
674,69	337,93128
674,95	335,91795
675,20	330,76462
675,46	324,72462
675,71	313,77795
675,96	314,82462
676,22	308,16462
676,47	309,75795
676,73	304,53795
676,98	303,85128
677,23	304,48462
677,49	306,12462
677,74	310,93128
678,00	304,15128
678,25	300,21128
678,51	298,29795
678,76	294,24462
679,01	293,30462
679,27	285,23128
679,52	285,60462
679,78	282,22462
680,03	284,71795
680,28	283,15128
680,54	282,43128
680,79	276,86462
681,05	277,15128
681,30	273,42462
681,55	275,44462
681,81	277,15128
682,06	282,59795
682,32	283,24462
682,57	283,86462
682,82	279,27128
683,08	276,63795
683,33	267,33128
683,59	269,83128
683,84	265,63795
684,09	269,50462
684,35	264,41128
684,60	268,41795
684,86	266,87128
685,11	274,09795
685,36	273,87795
685,62	279,21128
685,87	267,08462
686,13	261,62462
686,38	252,85795
686,63	259,62462
686,89	266,77795
687,14	276,01128
687,40	274,15795
687,65	273,50462
687,90	269,46462
688,16	268,61128
688,41	264,26462
688,66	260,55795
688,92	260,27128
689,17	257,02462
689,43	256,13795
689,68	258,45795
689,93	263,65128
690,19	265,78462
690,44	260,21128
690,69	256,69128
690,95	256,81795
691,20	262,86462
691,46	261,71128
691,71	264,99128
691,96	263,00462
692,22	265,15795
692,47	260,31128
692,72	257,28462
692,98	255,15795
693,23	255,53795
693,49	257,17128
693,74	256,49795
693,99	255,18462
694,25	252,39795
694,50	252,37795
694,75	251,11795
695,01	243,94462
695,26	243,67795
695,51	242,53128
695,77	244,19795
696,02	241,44462
696,27	240,33795
696,53	243,58462
696,78	245,11795
697,04	245,97795
697,29	243,03128
697,54	240,09128
697,80	236,00462
698,05	237,09795
698,30	235,01128
698,56	232,78462
698,81	231,41128
699,06	232,99128
699,32	233,53128
699,57	232,58462
699,82	234,31795
700,08	232,36462
700,33	229,66462
700,58	225,17795
700,84	225,08462
701,09	222,51795
701,34	221,35128
701,60	223,95795
701,85	225,57128
702,10	226,39795
702,36	226,15795
702,61	222,57128
702,86	218,91795
703,12	213,16462
703,37	216,97128
703,62	216,20462
703,88	215,49128
704,13	210,86462
704,38	211,28462
704,64	217,57128
704,89	219,14462
705,14	223,26462
705,40	221,00462
705,65	220,23795
705,90	214,01128
706,16	206,97128
706,41	207,75795
706,66	208,34462
706,92	210,15795
707,17	211,47795
707,42	217,37128
707,68	212,74462
707,93	209,47795
708,18	204,71795
708,44	212,01128
708,69	213,74462
708,94	212,77795
709,19	208,69795
709,45	208,82462
709,70	203,93128
709,95	204,01128
710,21	199,18462
710,46	198,69795
710,71	202,61795
710,97	201,35128
711,22	203,46462
711,47	196,23795
711,73	197,59795
711,98	196,83795
712,23	195,54462
712,48	193,18462
712,74	192,88462
712,99	193,57128
713,24	191,11795
713,50	191,39795
713,75	197,14462
714,00	201,06462
714,26	200,38462
714,51	198,99128
714,76	203,65128
715,01	207,83128
715,27	217,23128
715,52	219,11128
715,77	223,33795
716,03	220,31128
716,28	221,20462
716,53	224,28462
716,78	220,61795
717,04	220,36462
717,29	215,43128
717,54	214,93795
717,80	206,97795
718,05	204,17795
718,30	198,89128
718,55	200,57128
718,81	197,67795
719,06	199,96462
719,31	197,81128
719,57	191,73795
719,82	187,31128
720,07	186,04462
720,32	184,71795
720,58	187,20462
720,83	183,67128
721,08	184,95128
721,33	179,78462
721,59	183,49795
721,84	184,06462
722,09	187,63128
722,35	183,16462
722,60	181,17128
722,85	177,38462
723,10	175,37128
723,36	174,19795
723,61	171,63795
723,86	173,37795
724,11	176,50462
724,37	173,40462
724,62	171,60462
724,87	166,57128
725,12	167,19128
725,38	164,41128
725,63	164,01795
725,88	160,81128
726,13	161,72462
726,39	156,40462
726,64	162,90462
726,89	163,32462
727,14	165,13795
727,40	162,81128
727,65	164,63128
727,90	169,13795
728,15	170,09128
728,41	165,17128
728,66	165,45128
728,91	160,75795
729,16	163,71128
729,42	162,75795
729,67	165,75128
729,92	158,19128
730,17	155,05795
730,43	154,77128
730,68	162,59128
730,93	163,97128
731,18	162,67795
731,44	159,16462
731,69	155,97795
731,94	155,33128
732,19	160,17795
732,45	162,97128
732,70	168,56462
732,95	161,21795
733,20	157,19795
733,45	152,48462
733,71	156,52462
733,96	154,77795
734,21	156,81795
734,46	155,21795
734,72	157,73795
734,97	155,42462
735,22	154,02462
735,47	155,42462
735,72	154,81795
735,98	154,81128
736,23	154,47128
736,48	156,99795
736,73	158,37795
736,99	157,03128
737,24	155,54462
737,49	154,02462
737,74	156,73795
737,99	162,81795
738,25	165,88462
738,50	164,59795
738,75	156,46462
739,00	156,38462
739,25	160,99128
739,51	160,62462
739,76	162,00462
740,01	161,75795
740,26	167,81128
740,52	170,17795
740,77	180,18462
741,02	183,89128
741,27	191,01795
741,52	195,55128
741,78	206,62462
742,03	215,18462
742,28	219,69795
742,53	226,20462
742,78	238,65795
743,04	255,99795
743,29	277,63128
743,54	295,36462
743,79	301,49128
744,04	297,48462
744,30	294,01795
744,55	295,07795
744,80	305,06462
745,05	304,36462
745,30	303,82462
745,55	296,73128
745,81	312,05128
746,06	331,25795
746,31	353,64462
746,56	357,11795
746,81	358,01128
747,07	357,35128
747,32	361,16462
747,57	365,10462
747,82	355,31128
748,07	335,97128
748,32	302,33128
748,58	273,55795
748,83	247,69795
749,08	231,61128
749,33	219,98462
749,58	210,02462
749,84	200,59128
750,09	186,81795
750,34	177,92462
750,59	174,67128
750,84	169,89795
751,09	172,45128
751,35	167,47128
751,60	167,93795
751,85	157,77128
752,10	150,37128
752,35	151,41795
752,60	150,87128
752,86	152,21795
753,11	142,98462
753,36	140,02462
753,61	137,42462
753,86	136,78462
754,11	135,31795
754,37	129,78462
754,62	128,95795
754,87	129,77795
755,12	134,99128
755,37	137,03128
755,62	136,47128
755,87	131,23128
756,13	128,23128
756,38	128,61795
756,63	132,60462
756,88	140,71128
757,13	138,19128
757,38	139,16462
757,64	129,21128
757,89	129,40462
758,14	131,09128
758,39	130,69795
758,64	133,38462
758,89	127,20462
759,14	130,10462
759,40	127,23795
759,65	126,05795
759,90	125,20462
760,15	122,13128
760,40	116,40462
760,65	112,60462
760,90	112,24462
761,15	115,77795
761,41	118,11795
761,66	116,25795
761,91	119,43795
762,16	116,50462
762,41	122,11795
762,66	117,31795
762,91	119,31795
763,17	118,41795
763,42	121,31795
763,67	124,37795
763,92	122,70462
764,17	121,07128
764,42	116,15128
764,67	117,20462
764,92	121,20462
765,18	121,05128
765,43	116,56462
765,68	118,41128
765,93	122,05795
766,18	122,45128
766,43	117,68462
766,68	117,39128
766,93	117,63795
767,18	116,98462
767,44	116,67128
767,69	112,97795
767,94	114,89795
768,19	111,01795
768,44	112,63795
768,69	112,25795
768,94	117,21795
769,19	118,38462
769,44	118,49795
769,70	111,95795
769,95	113,90462
770,20	115,97128
770,45	123,37128
770,70	124,99795
770,95	123,09128
771,20	116,43795
771,45	120,81128
771,70	120,18462
771,95	121,73795
772,21	122,15128
772,46	125,11795
772,71	128,70462
772,96	128,19795
773,21	129,09795
773,46	134,89128
773,71	137,67795
773,96	138,90462
774,21	142,03128
774,46	148,05795
774,72	159,35128
774,97	167,87128
775,22	177,55128
775,47	198,29128
775,72	229,82462
775,97	284,71795
776,22	359,54462
776,47	457,37795
776,72	534,15128
776,97	573,75795
777,22	568,45795
777,47	556,69795
777,73	550,93128
777,98	552,19128
778,23	525,69795
778,48	464,11795
778,73	379,92462
778,98	313,25795
779,23	267,17128
779,48	234,95795
779,73	201,36462
779,98	177,81128
780,23	163,13795
780,48	155,27795
780,73	150,81795
780,98	145,95795
781,24	142,13128
781,49	133,82462
781,74	125,52462
781,99	121,68462
782,24	120,59795
782,49	119,76462
782,74	115,83795
782,99	112,99128
783,24	109,87128
783,49	110,38462
783,74	109,00462
783,99	113,47128
784,24	110,17795
784,49	108,83128
784,74	105,36462
784,99	106,87128
785,24	101,51795
785,49	93,61795
785,75	98,93128
786,00	108,10462
786,25	108,79795
786,50	101,62462
786,75	93,66462
787,00	100,91795
787,25	101,38462
787,50	103,99128
787,75	100,02462
788,00	106,47128
788,25	100,45128
788,50	98,39128
788,75	92,65795
789,00	93,34462
789,25	91,88462
789,50	87,68462
789,75	89,33795
790,00	93,93128
790,25	95,49795
790,50	104,98462
790,75	109,12462
791,00	110,68462
791,25	108,65795
791,50	104,23128
791,75	107,07128
792,01	117,87795
792,26	135,29795
792,51	162,56462
792,76	175,40462
793,01	181,34462
793,26	169,03128
793,51	166,48462
793,76	179,35128
794,01	199,21795
794,26	205,07795
794,51	195,19128
794,76	176,64462
795,01	167,71128
795,26	159,37795
795,51	156,64462
795,76	148,50462
796,01	143,20462
796,26	134,97128
796,51	124,89128
796,76	111,68462
797,01	99,24462
797,26	94,96462
797,51	89,28462
797,76	93,21795
798,01	90,21128
798,26	95,88462
798,51	90,16462
798,76	84,27128
799,01	80,25128
799,26	76,83795
799,51	79,13128
799,76	76,42462
800,01	80,10462
800,26	76,19795
800,51	77,22462
800,76	73,67795
801,01	75,49128
801,26	71,62462
801,51	71,33128
801,76	70,97128
802,01	70,24462
802,26	71,87795
802,51	75,63795
802,76	76,89128
803,01	76,63795
803,26	70,29795
803,51	70,70462
803,76	69,88462
804,01	73,57795
804,26	70,99795
804,51	68,49795
804,76	65,11795
805,01	65,78462
805,26	64,59128
805,51	65,67795
805,76	64,61128
806,01	75,39795
806,26	78,31128
806,51	78,99128
806,76	67,43795
807,01	63,33795
807,26	65,17128
807,51	66,29795
807,76	72,35795
808,01	86,53128
808,26	114,54462
808,50	148,53128
808,75	173,33795
809,00	177,41795
809,25	168,34462
809,50	155,03795
809,75	165,22462
810,00	165,96462
810,25	155,35795
810,50	131,01795
810,75	111,89128
811,00	105,28462
811,25	95,34462
811,50	92,48462
811,75	87,72462
812,00	82,17795
812,25	75,92462
812,50	67,53795
812,75	65,12462
813,00	63,40462
813,25	65,35795
813,50	64,96462
813,75	63,95795
814,00	65,99128
814,25	68,03795
814,50	73,57128
814,74	71,10462
814,99	74,85128
815,24	69,39128
815,49	72,73128
815,74	71,37128
815,99	78,99795
816,24	81,19795
816,49	85,03128
816,74	91,13795
816,99	94,09128
817,24	102,67128
817,49	104,13128
817,74	128,22462
817,99	146,34462
818,24	166,42462
818,49	172,93795
818,74	173,61795
818,98	179,29795
819,23	180,89795
819,48	192,32462
819,73	187,24462
819,98	186,17128
820,23	176,07128
820,48	188,13128
820,73	207,91128
820,98	236,93795
821,23	255,00462
821,48	262,88462
821,73	264,37128
821,98	268,71795
822,23	268,58462
822,47	266,83795
822,72	249,90462
822,97	231,64462
823,22	212,27128
823,47	200,03128
823,72	191,84462
823,97	184,14462
824,22	175,29128
824,47	159,08462
824,72	146,36462
824,97	134,19795
825,22	126,46462
825,46	114,17795
825,71	104,05795
825,96	94,31128
826,21	84,95128
826,46	77,51795
826,71	71,93128
826,96	74,31795
827,21	70,07795
827,46	68,57128
827,71	61,35795
827,96	59,03795
828,20	58,03128
828,45	57,84462
828,70	58,88462
828,95	56,26462
829,20	54,35795
829,45	52,27128
829,70	50,46462
829,95	49,40462
830,20	47,78462
830,45	52,69128
830,69	52,85795
830,94	53,02462
831,19	50,65128
831,44	46,09795
831,69	46,94462
831,94	44,53795
832,19	47,98462
832,44	44,01128
832,69	42,37128
832,93	42,45128
833,18	46,97128
833,43	45,14462
833,68	42,25128
833,93	42,33128
834,18	45,65795
834,43	47,43795
834,68	43,24462
834,92	39,75795
835,17	39,43128
835,42	43,10462
835,67	46,19795
835,92	45,10462
836,17	41,17795
836,42	37,49128
836,67	31,35128
836,91	36,45795
837,16	38,16462
837,41	38,20462
837,66	40,49795
837,91	46,90462
838,16	52,43128
838,41	47,93128
838,66	39,76462
838,90	42,40462
839,15	40,37128
839,40	43,97128
839,65	39,20462
839,90	37,47128
840,15	39,55795
840,40	38,43128
840,64	44,17795
840,89	39,03128
841,14	43,09128
841,39	40,39128
841,64	40,59795
841,89	42,98462
842,14	40,88462
842,38	52,97128
842,63	56,06462
842,88	60,19795
843,13	56,20462
843,38	63,95128
843,63	77,99795
843,87	100,15795
844,12	113,75128
844,37	123,55795
844,62	119,11128
844,87	114,02462
845,12	115,26462
845,37	114,17128
845,61	107,53795
845,86	90,63128
846,11	77,23795
846,36	65,65128
846,61	60,03795
846,86	54,67128
847,10	52,68462
847,35	55,39795
847,60	53,22462
847,85	51,03795
848,10	44,35795
848,35	41,82462
848,59	43,38462
848,84	39,03795
849,09	41,99795
849,34	37,63128
849,59	40,23795
849,84	32,76462
850,08	36,03795
850,33	32,85795
850,58	33,97128
850,83	33,89795
851,08	31,45795
851,32	29,45128
851,57	28,18462
851,82	36,41128
852,07	39,09795
852,32	42,34462
852,57	34,77128
852,81	38,59128
853,06	32,89795
853,31	38,45128
853,56	34,06462
853,81	32,99795
854,05	31,61795
854,30	30,40462
854,55	31,22462
854,80	28,54462
855,05	38,59128
855,29	40,01128
855,54	42,37795
855,79	36,38462
856,04	36,71795
856,29	39,03795
856,53	43,00462
856,78	45,03795
857,03	40,91795
857,28	39,97795
857,53	40,48462
857,77	47,97128
858,02	45,27795
858,27	45,65795
858,52	43,73795
858,77	45,37795
859,01	47,69795
859,26	50,25795
859,51	53,54462
859,76	51,11795
860,01	50,18462
860,25	48,61795
860,50	52,61128
860,75	50,13128
861,00	50,97795
861,25	48,99128
861,49	51,39128
861,74	52,81128
861,99	53,23128
862,24	60,78462
862,48	69,71128
862,73	78,05795
862,98	76,63795
863,23	80,31128
863,48	84,56462
863,72	90,01795
863,97	87,67128
864,22	81,51128
864,47	68,55795
864,71	59,91795
864,96	60,65128
865,21	64,06462
865,46	61,95128
865,70	57,72462
865,95	55,96462
866,20	62,29795
866,45	72,48462
866,70	83,95128
866,94	98,89795
867,19	114,04462
867,44	145,21795
867,69	173,60462
867,93	190,57128
868,18	193,23795
868,43	189,31795
868,68	187,34462
868,92	178,07128
869,17	160,19128
869,42	144,33795
869,67	126,98462
869,91	115,61795
870,16	102,69128
870,41	102,02462
870,66	106,95795
870,90	115,18462
871,15	112,45795
871,40	104,17128
871,65	96,17795
871,89	92,71128
872,14	87,84462
872,39	81,36462
872,64	74,55128
872,88	65,73128
873,13	53,41128
873,38	43,02462
873,63	45,25795
873,87	44,29128
874,12	38,57128
874,37	28,31795
874,62	28,05128
874,86	31,13795
875,11	33,40462
875,36	32,39795
875,60	27,33128
875,85	28,01128
876,10	28,17795
876,35	32,22462
876,59	28,73795
876,84	24,47795
877,09	24,55128
877,34	25,14462
877,58	24,89795
877,83	22,89795
878,08	21,81128
878,32	20,74462
878,57	17,63795
878,82	20,07128
879,07	20,08462
879,31	22,53128
879,56	20,37128
879,81	19,64462
880,06	16,54462
880,30	12,91795
880,55	21,27795
880,80	23,93795
881,04	26,35795
881,29	28,10462
881,54	31,05128
881,79	30,23128
882,03	19,58462
882,28	21,62462
882,53	23,00462
882,77	28,97128
883,02	24,75128
883,27	23,97128
883,51	18,04462
883,76	18,75128
884,01	20,46462
884,26	18,67128
884,50	14,64462
884,75	9,11795
885,00	11,65795
885,24	11,96462
885,49	13,15128
885,74	17,14462
885,98	13,43128
886,23	10,89795
886,48	9,45795
886,73	15,95128
886,97	21,09795
887,22	14,44462
887,47	10,33128
887,71	6,51128
887,96	7,75128
888,21	10,00462
888,45	12,87795
888,70	16,87128
888,95	13,16462
889,19	10,21128
889,44	8,97795
889,69	11,66462
889,93	8,22462
890,18	10,12462
890,43	11,71128
890,67	16,58462
890,92	9,97795
891,17	11,44462
891,42	14,82462
891,66	23,63128
891,91	23,21795
892,16	22,01795
892,40	22,91128
892,65	21,57795
892,90	18,61128
893,14	13,96462
893,39	13,92462
893,64	13,44462
893,88	8,84462
894,13	12,10462
894,38	15,04462
894,62	16,77795
894,87	10,27795
895,12	4,30462
895,36	5,95795
895,61	7,31795
895,86	10,01128
896,10	7,81795
896,35	6,64462
896,60	2,67795
896,84	1,71795
897,09	3,31128
897,33	8,99795
897,58	10,39128
897,83	11,63795
898,07	9,82462
898,32	11,79128
898,57	11,10462
898,81	14,67795
899,06	17,90462
899,31	27,35128
899,55	27,13795
899,80	21,03795
900,05	12,06462
900,29	8,86462
900,54	16,59795
900,79	15,45128
901,03	15,87128
901,28	12,17128
901,52	17,48462
901,77	23,26462
902,02	26,83128
902,26	22,35128
902,51	19,79795
902,76	12,69795
903,00	18,21795
903,25	18,25128
903,50	25,01795
903,74	24,07128
903,99	26,18462
904,23	32,19128
904,48	37,45128
904,73	46,66462
904,97	48,43128
905,22	52,16462
905,47	46,27128
905,71	45,80462
905,96	39,69128
906,20	40,28462
906,45	34,39795
906,70	32,99795
906,94	27,79128
907,19	25,90462
907,44	20,46462
907,68	16,37795
907,93	15,37795
908,17	10,67128
908,42	14,42462
908,67	10,03795
908,91	17,85128
909,16	18,83795
909,40	18,37795
909,65	12,01795
909,90	9,01128
910,14	10,55795
910,39	6,98462
910,63	7,85795
910,88	10,92462
911,13	21,18462
911,37	19,86462
911,62	15,91128
911,86	10,26462
912,11	9,17795
912,36	12,49128
912,60	13,07795
912,85	17,82462
913,09	16,45795
913,34	19,46462
913,59	10,43795
913,83	11,43795
914,08	6,27795
914,32	14,15128
914,57	14,41128
914,82	18,53128
915,06	16,77128
915,31	14,32462
915,55	14,69795
915,80	16,60462
916,05	13,63128
916,29	7,36462
916,54	3,14462
916,78	8,75128
917,03	14,92462
917,27	15,07795
917,52	11,44462
917,77	11,36462
918,01	12,80462
918,26	10,40462
918,50	5,74462
918,75	3,56462
919,00	4,00462
919,24	5,47128
919,49	2,07795
919,73	5,00462
919,98	2,35128
920,22	7,26462
920,47	6,01795
920,72	4,05128
920,96	0,87128
921,21	0,17795
921,45	5,06462
921,70	4,03795
921,94	7,25128
922,19	8,03795
922,43	8,90462
922,68	15,31128
922,93	15,83128
923,17	15,24462
923,42	4,03128
923,66	3,59795
923,91	3,91795
924,15	7,79795
924,40	7,03128
924,64	8,17128
924,89	7,85128
925,14	9,19795
925,38	9,85795
925,63	14,60462
925,87	18,34462
926,12	25,07795
926,36	23,59795
926,61	21,54462
926,85	44,34462
927,10	43,49128
927,35	43,20462
927,59	21,22462
927,84	18,01795
928,08	20,21128
928,33	14,65128
928,57	16,69795
928,82	16,98462
929,06	17,55795
929,31	17,05795
929,55	14,48462
929,80	17,71128
930,04	15,92462
930,29	14,04462
930,54	9,45795
930,78	8,60462
931,03	5,83795
931,27	9,75795
931,52	10,08462
931,76	12,23128
932,01	4,19795
932,25	3,51795
932,50	7,25795
932,74	9,44462
932,99	15,17128
933,23	10,37795
933,48	12,75795
933,72	8,07795
933,97	5,71128
934,21	12,13795
934,46	16,37128
934,70	23,32462
934,95	15,88462
935,19	7,49795
935,44	0,78462
935,68	0,01128
935,93	4,21795
936,18	6,98462
936,42	6,09128
936,67	3,21128
936,91	4,53795
937,16	12,52462
937,40	13,36462
937,65	7,95795
937,89	2,15795
938,14	4,24462
938,38	10,58462
938,63	16,57128
938,87	20,34462
939,12	26,79128
939,36	35,51795
939,61	40,23795
939,85	35,01795
940,10	21,01795
940,34	16,48462
940,59	14,25128
940,83	10,49128
941,08	8,91795
941,32	8,79795
941,57	13,66462
941,81	6,59795
942,06	4,75128
942,30	2,83128
942,55	7,91128
942,79	3,22462
943,03	3,75128
943,28	5,17128
943,52	16,14462
943,77	11,36462
944,01	4,13795
944,26	-6,99538
944,50	-7,94872
944,75	0,70462
944,99	7,17128
945,24	8,78462
945,48	8,80462
945,73	22,84462
945,97	23,24462
946,22	16,49795
946,46	0,83128
946,71	5,59795
946,95	7,65128
947,20	3,06462
947,44	-1,72205
947,69	-2,08205
947,93	-0,07538
948,17	-1,01538
948,42	-2,82205
948,66	-1,36872
948,91	-3,09538
949,15	-5,38205
949,40	-7,19538
949,64	-3,66205
949,89	-0,87538
950,13	-0,80872
950,38	-3,58872
950,62	-2,47538
950,87	-0,02205
951,11	3,69128
951,35	1,93128
951,60	0,83795
951,84	-2,29538
952,09	-1,38205
952,33	-1,98205
952,58	1,62462
952,82	-3,02872
953,07	-5,31538
953,31	-4,06205
953,56	1,36462
953,80	2,61128
954,04	-7,14205
954,29	-13,26872
954,53	-15,96205
954,78	-12,08872
955,02	-9,46872
955,27	-6,88872
955,51	-5,36205
955,76	-4,19538
956,00	-4,25538
956,24	-5,69538
956,49	-3,54872
956,73	-0,38872
956,98	-0,13538
957,22	4,90462
957,47	6,99795
957,71	5,97128
957,95	2,58462
958,20	1,33795
958,44	7,00462
958,69	3,39128
958,93	0,95795
959,18	-0,84872
959,42	3,17128
959,66	0,64462
959,91	-3,74205
960,15	-8,53538
960,40	-7,40205
960,64	-4,82872
960,89	-1,48205
961,13	30,31128
961,37	34,40462
961,62	34,55795
961,86	5,51795
962,11	5,11128
962,35	-0,26872
962,59	-1,69538
962,84	-9,75538
963,08	-3,15538
963,33	-3,67538
963,57	-1,10872
963,81	-6,50205
964,06	-6,05538
964,30	1,56462
964,55	-1,28872
964,79	5,78462
965,04	4,43128
965,28	6,73128
965,52	-0,14205
965,77	-4,11538
966,01	-0,98205
966,26	-0,98872
966,50	0,82462
966,74	2,05128
966,99	4,35128
967,23	3,69128
967,48	1,52462
967,72	-0,94205
967,96	-5,26205
968,21	-3,66872
968,45	-3,56872
968,69	-0,41538
968,94	3,73795
969,18	0,77795
969,43	-2,61538
969,67	-8,49538
969,91	-3,86872
970,16	-0,06205
970,40	-0,08872
970,65	-2,16205
970,89	-7,60872
971,13	-6,72872
971,38	-6,20872
971,62	3,48462
971,86	3,06462
972,11	4,09128
972,35	-2,19538
972,60	0,31795
972,84	2,47128
973,08	2,57128
973,33	0,09795
973,57	0,15128
973,81	3,22462
974,06	2,40462
974,30	-2,95538
974,55	-2,36872
974,79	2,35128
975,03	4,47795
975,28	1,95128
975,52	-4,94872
975,76	-4,70205
976,01	-5,70205
976,25	-2,30872
976,50	-2,68872
976,74	1,23795
976,98	3,25795
977,23	1,37795
977,47	0,53128
977,71	-0,81538
977,96	-3,09538
978,20	-8,90205
978,44	-12,55538
978,69	-4,66872
978,93	-1,04872
979,17	2,18462
979,42	-1,08205
979,66	-1,27538
979,90	-0,16872
980,15	7,41128
980,39	9,05795
980,64	4,96462
980,88	1,08462
981,12	1,36462
981,37	1,51128
981,61	-0,14205
981,85	-4,20872
982,10	-1,93538
982,34	-9,27538
982,58	-6,00872
982,83	-11,28872
983,07	-8,98872
983,31	-10,26872
983,56	-8,50205
983,80	-5,80872
984,04	-3,88872
984,29	1,01795
984,53	1,30462
984,77	-1,01538
985,02	0,35128
985,26	-5,11538
985,50	1,99795
985,75	-3,69538
985,99	2,06462
986,23	-5,67538
986,48	-2,83538
986,72	-4,16205
986,96	2,19128
987,20	1,58462
987,45	-1,08205
987,69	-9,09538
987,93	-5,60872
988,18	0,75795
988,42	5,13795
988,66	3,93128
988,91	-0,74205
989,15	-2,16872
989,39	-6,05538
989,64	-8,27538
989,88	-6,39538
990,12	-4,92872
990,37	-1,27538
990,61	-2,70872
990,85	-5,25538
991,10	-8,58872
991,34	-8,10205
991,58	-6,54872
991,82	-6,34205
992,07	-7,46205
992,31	-5,61538
992,55	-7,98205
992,80	-8,80205
993,04	-7,64205
993,28	1,33795
993,53	1,61795
993,77	-0,00872
994,01	-7,56205
994,25	-7,20205
994,50	-6,51538
994,74	-1,82205
994,98	-2,40205
995,23	-2,82872
995,47	-2,41538
995,71	-2,76205
995,95	-2,54872
996,20	0,47128
996,44	2,73128
996,68	1,47795
996,93	-4,22872
997,17	-4,88205
997,41	-3,14872
997,65	-5,36205
997,90	-7,68872
998,14	-10,20872
998,38	-6,50872
998,63	-5,10205
998,87	-4,64205
999,11	-8,06205
999,35	-6,86872
999,60	-8,02872
999,84	-5,45538
1000,08	-0,62872
1000,32	1,89795
1000,57	1,71795
1000,81	1,63128
1001,05	2,11128
1001,30	5,47795
1001,54	0,99795
1001,78	4,81128
1002,02	2,93128
1002,27	4,41128
1002,51	-1,56872
1002,75	-1,49538
1002,99	-5,54205
1003,24	-6,74205
1003,48	-6,99538
1003,72	-9,63538
1003,96	-6,60872
1004,21	-5,72872
1004,45	1,35128
1004,69	0,54462
1004,93	0,37795
1005,18	-0,04205
1005,42	3,19128
1005,66	-0,42872
1005,90	-2,80205
1006,15	-8,24872
1006,39	-2,94205
1006,63	1,63128
1006,87	7,20462
1007,12	3,68462
1007,36	2,60462
1007,60	2,16462
1007,84	0,30462
1008,09	-2,44205
1008,33	-6,00205
1008,57	-3,89538
1008,81	-1,40205
1009,06	-2,20205
1009,30	-0,92872
1009,54	-1,28872
1009,78	1,47128
1010,03	0,91128
1010,27	-3,08205
1010,51	-2,50872
1010,75	-3,29538
1010,99	0,94462
1011,24	1,71128
1011,48	9,89128
1011,72	8,01795
1011,96	9,65128
1012,21	4,21128
1012,45	3,22462
1012,69	1,81795
1012,93	-1,42872
1013,18	1,16462
1013,42	-0,87538
1013,66	1,24462
1013,90	-2,92872
1014,14	-2,55538
1014,39	-1,46205
1014,63	0,01128
1014,87	2,91128
1015,11	-1,72872
1015,35	-6,14872
1015,60	-2,89538
1015,84	1,08462
1016,08	2,46462
1016,32	-2,28205
1016,57	-5,48872
1016,81	-3,80205
1017,05	-3,29538
1017,29	-0,74205
1017,53	-0,49538
1017,78	-2,08205
1018,02	-6,03538
1018,26	-4,17538
1018,50	-5,28872
1018,74	0,23795
1018,99	-3,68205
1019,23	-5,92872
1019,47	-10,46872
1019,71	-7,56872
1019,95	-2,52205
1020,20	-2,14872
1020,44	-3,56872
1020,68	-4,86205
1020,92	0,84462
1021,16	1,33795
1021,41	1,14462
1021,65	-6,58872
1021,89	-7,92872
1022,13	-10,11538
1022,37	-8,58205
1022,61	-9,89538
1022,86	-10,62872
1023,10	-5,30205
1023,34	-3,29538
1023,58	-0,52205
1023,82	-7,58872
1024,07	-7,23538
1024,31	-5,12872
1024,55	-4,05538
1024,79	-1,50205
1025,03	-7,77538
1025,27	-3,58205
1025,52	-8,99538
1025,76	-7,86205
1026,00	-6,42205
1026,24	-4,31538
1026,48	-3,96205
1026,73	-5,88205
1026,97	0,37128
1027,21	3,22462
1027,45	4,31128
1027,69	-0,44872
1027,93	0,04462
1028,18	-0,51538
1028,42	1,70462
1028,66	1,77128
1028,90	1,87795
1029,14	0,21795
1029,38	-4,13538
1029,62	-4,04872
1029,87	-3,63538
1030,11	1,25795
1030,35	-3,10205
1030,59	-3,97538
1030,83	-8,26205
1031,07	-7,34872
1031,32	-9,61538
1031,56	-2,00205
1031,80	1,29795
1032,04	4,73795
1032,28	-2,39538
1032,52	-2,02872
1032,76	-2,37538
1033,01	-2,55538
1033,25	-2,40872
1033,49	-3,54872
1033,73	-4,22872
1033,97	-7,64205
1034,21	-10,58872
1034,45	-10,82872
1034,70	-13,62205
1034,94	-8,38205
1035,18	16,87128
1035,42	20,09128
1035,66	23,07795
1035,90	2,02462
1036,14	-2,10872
1036,39	-3,60872
1036,63	-7,64872
1036,87	3,68462
1037,11	0,69128
1037,35	2,45128
1037,59	0,17795
1037,83	4,47795
1038,07	11,79795
1038,32	5,54462
1038,56	0,85795
1038,80	1,75128
1039,04	7,02462
1039,28	10,77795
1039,52	3,25128
1039,76	-2,22872
1040,00	-3,54205
1040,25	-7,28205
1040,49	-5,46872
1040,73	-6,41538
1040,97	-3,78205
1041,21	-0,39538
1041,45	1,88462
1041,69	7,74462
1041,93	1,13128
1042,17	-2,30205
1042,42	-9,67538
1042,66	-7,80205
1042,90	-4,58205
1043,14	-6,62872
1043,38	-3,82205
1043,62	-6,88205
1043,86	-4,61538
1044,10	-2,90872
1044,34	2,34462
1044,59	4,40462
1044,83	1,98462
1045,07	-2,48872
1045,31	-2,79538
1045,55	-5,36205
1045,79	-13,01538
1046,03	-9,56872
1046,27	-4,18872
1046,51	3,10462
1046,75	-2,21538
1047,00	-5,91538
1047,24	-5,16205
1047,48	-2,72872
1047,72	-2,96205
1047,96	-4,92872
1048,20	-3,70205
1048,44	-0,85538
1048,68	-2,18872
1048,92	-4,87538
1049,16	-10,77538
1049,40	-9,23538
1049,64	-10,83538
1049,89	-4,67538
1050,13	-5,06872
1050,37	2,98462
1050,61	1,63795
1050,85	4,76462
1051,09	0,79795
1051,33	1,63128
1051,57	3,60462
1051,81	2,01128
1052,05	2,27128
1052,29	3,76462
1052,53	0,83128
1052,77	5,55128
1053,02	1,01795
1053,26	4,27128
1053,50	-1,90205
1053,74	-4,74872
1053,98	-5,10205
1054,22	-9,82872
1054,46	-8,22872
1054,70	-6,85538
1054,94	-6,16205
1055,18	-6,02872
1055,42	-4,06872
1055,66	-2,34205
1055,90	-5,31538
1056,14	-6,86872
1056,38	-1,90872
1056,62	-1,70205
1056,86	-1,73538
1057,11	-5,40205
1057,35	-4,56205
1057,59	-10,14205
1057,83	-7,68205
1058,07	-3,68205
1058,31	6,68462
1058,55	6,37128
1058,79	2,87128
1059,03	-6,84872
1059,27	-7,45538
1059,51	-7,26205
1059,75	-3,83538
1059,99	-6,67538
1060,23	-6,33538
1060,47	-1,34205
1060,71	3,92462
1060,95	-1,44205
1061,19	-7,75538
1061,43	-12,56872
1061,67	-5,69538
1061,91	-2,88872
1062,15	-4,90872
1062,39	-8,14205
1062,64	-6,74872
1062,88	-4,82872
1063,12	-2,14205
1063,36	1,95128
1063,60	5,27795
1063,84	8,27128
1064,08	13,43128
1064,32	37,49795
1064,56	55,52462
1064,80	52,94462
1065,04	35,65128
1065,28	15,37128
1065,52	10,23128
1065,76	3,11128
1066,00	4,01128
1066,24	0,40462
1066,48	-0,76205
1066,72	-2,94205
1066,96	-6,35538
1067,20	-11,25538
1067,44	-11,49538
1067,68	-9,50872
1067,92	-9,24205
1068,16	-5,66205
1068,40	-2,48205
1068,64	2,28462
1068,88	1,53128
1069,12	-2,73538
1069,36	-1,39538
1069,60	-6,00205
1069,84	1,90462
1070,08	-1,44205
1070,32	1,26462
1070,56	-5,85538
1070,80	-5,82205
1071,04	6,85128
1071,28	7,78462
1071,52	10,21795
1071,76	-4,52205
1072,00	-1,20872
1072,24	-4,59538
1072,48	-3,16205
1072,72	-5,44872
1072,96	-0,71538
1073,20	-4,43538
1073,44	-1,02872
1073,68	-2,10205
1073,92	1,90462
1074,16	-3,76872
1074,40	-4,20872
1074,64	-7,41538
1074,88	-6,36872
1075,12	-5,31538
1075,36	-2,69538
1075,60	-0,47538
1075,84	-2,75538
1076,08	-2,90205
1076,32	-3,85538
1076,56	-5,51538
1076,80	-6,64205
1077,04	-11,14205
1077,28	-11,65538
1077,52	-14,76205
1077,76	-15,54872
1078,00	-12,13538
1078,24	-1,12872
1078,48	1,91128
1078,71	0,02462
1078,95	-6,50872
1079,19	-9,10205
1079,43	-13,78872
1079,67	-14,52872
1079,91	-8,61538
1080,15	-5,00872
1080,39	-4,82872
1080,63	-5,20872
1080,87	-4,22205
1081,11	-3,23538
1081,35	-4,32872
1081,59	-1,82205
1081,83	-3,19538
1082,07	-6,37538
1082,31	-7,48872
1082,55	-7,50872
1082,79	-5,74872
1083,03	-4,26205
1083,27	-9,42872
1083,51	-8,00872
1083,75	-9,75538
1083,99	0,43795
1084,22	-0,87538
1084,46	-1,94205
1084,70	-2,31538
1084,94	-2,90872
1085,18	-3,08205
1085,42	-9,35538
1085,66	-8,67538
1085,90	-9,07538
1086,14	-3,05538
1086,38	2,87795
1086,62	0,66462
1086,86	2,03795
1087,10	-4,17538
1087,34	-0,31538
1087,58	-7,18205
1087,82	-7,15538
1088,06	-4,44872
1088,29	1,98462
1088,53	-0,37538
1088,77	-5,14205
1089,01	-6,41538
1089,25	-3,73538
1089,49	-1,14205
1089,73	-4,41538
1089,97	-2,42872
1090,21	-4,96872
1090,45	-3,64872
1090,69	-5,61538
1090,93	-6,83538
1091,17	-9,82872
1091,40	-4,40872
1091,64	-4,22205
1091,88	-3,50205
1092,12	-9,54872
1092,36	-8,22205
1092,60	-7,01538
1092,84	-3,37538
1093,08	0,91795
1093,32	2,28462
1093,56	1,75795
1093,80	4,13795
1094,04	3,05128
1094,27	-0,22205
1094,51	-2,32872
1094,75	-0,65538
1094,99	1,67795
1095,23	0,34462
1095,47	25,23128
1095,71	23,11128
1095,95	20,92462
1096,19	-5,80205
1096,43	-2,43538
1096,66	-7,28205
1096,90	-8,32872
1097,14	-9,62205
1097,38	-9,02872
1097,62	-7,50872
1097,86	-7,71538
1098,10	-2,40205
1098,34	-0,41538
1098,58	-3,30872
1098,81	-3,76205
1099,05	-3,90872
1099,29	5,03128
1099,53	7,23795
1099,77	5,99128
1100,01	-3,70205
1100,25	-4,46872
1100,49	-3,70872
1100,73	6,27128
1100,96	11,36462
1101,20	13,75128
1101,44	2,11128
1101,68	-2,26872
1101,92	-7,14872
1102,16	-3,84872
1102,40	-3,40205
1102,64	0,17795
1102,87	2,95795
1103,11	-0,32205
1103,35	-2,71538
1103,59	-5,82872
1103,83	-6,06205
1104,07	-1,02205
1104,31	0,17128
1104,55	1,31128
1104,78	-5,82872
1105,02	-3,00205
1105,26	-6,40872
1105,50	-2,30205
1105,74	-8,52872
1105,98	-5,26872
1106,22	-2,14872
1106,45	0,30462
1106,69	-2,82872
1106,93	-4,63538
1107,17	-4,12872
1107,41	-3,35538
1107,65	-7,06205
1107,89	-5,06205
1108,12	-4,02205
1108,36	-8,04872
1108,60	-7,76872
1108,84	-5,45538
1109,08	-3,37538
1109,32	-3,65538
1109,55	-6,17538
1109,79	0,60462
1110,03	-2,34205
1110,27	-0,81538
1110,51	-5,81538
1110,75	-7,22205
1110,99	-8,68872
1111,22	-10,54872
1111,46	-10,18872
1111,70	-10,28872
1111,94	-14,33538
1112,18	-15,11538
1112,42	-14,30872
1112,65	-7,12205
1112,89	-3,46872
1113,13	-5,12872
1113,37	-4,08205
1113,61	-3,32872
1113,85	2,66462
1114,08	-0,06205
1114,32	-3,16205
1114,56	-2,91538
1114,80	-2,86872
1115,04	2,19795
1115,28	-4,69538
1115,51	-1,90872
1115,75	-2,48872
1115,99	0,49128
1116,23	-1,55538
1116,47	-0,30872
1116,70	-2,12205
1116,94	-4,12872
1117,18	-4,42205
1117,42	-5,56205
1117,66	-1,30872
1117,90	-7,87538
1118,13	-9,10205
1118,37	-16,42872
1118,61	-14,59538
1118,85	-9,81538
1119,09	-9,49538
1119,32	-5,58205
1119,56	-5,50205
1119,80	-5,32872
1120,04	-10,34872
1120,28	-7,11538
1120,51	-6,06872
1120,75	-3,97538
1120,99	-10,35538