194,56	-60,44154
194,83	-60,44154
195,09	-58,58154
195,36	-38,10154
195,63	-17,97487
195,90	-1,16821
196,17	-4,45487
196,44	-8,79487
196,71	-5,19487
196,97	-2,58821
197,24	6,39846
197,51	-2,12154
197,78	1,73846
198,05	0,11179
198,32	6,28513
198,59	0,92513
198,86	2,30513
199,12	-0,06821
199,39	3,33179
199,66	3,94513
199,93	8,89179
200,20	8,37846
200,47	2,19846
200,74	1,51846
201,00	-0,80821
201,27	1,65179
201,54	-2,80821
201,81	3,31846
202,08	-2,25487
202,35	1,09179
202,61	0,35846
202,88	16,17179
203,15	12,29846
203,42	8,26513
203,69	-0,96821
203,96	1,70513
204,23	2,31846
204,49	-0,92154
204,76	6,33179
205,03	10,77179
205,30	12,43179
205,57	6,75846
205,84	7,03179
206,10	13,22513
206,37	14,81179
206,64	15,89179
206,91	15,08513
207,18	11,08513
207,45	9,95179
207,71	5,31846
207,98	10,57179
208,25	5,81846
208,52	3,14513
208,79	-0,10821
209,06	2,94513
209,32	7,33179
209,59	9,89846
209,86	1,63179
210,13	2,93179
210,40	5,81179
210,67	14,35846
210,93	11,39179
211,20	2,78513
211,47	1,92513
211,74	9,12513
212,01	10,07846
212,28	13,80513
212,54	14,34513
212,81	15,97179
213,08	13,86513
213,35	12,20513
213,62	15,89846
213,88	18,87846
214,15	13,55846
214,42	10,43179
214,69	9,81846
214,96	11,94513
215,23	18,64513
215,49	16,67179
215,76	15,23179
216,03	13,05179
216,30	7,24513
216,57	4,42513
216,83	2,34513
217,10	5,27179
217,37	9,62513
217,64	17,31846
217,91	19,93179
218,17	11,25179
218,44	-1,66154
218,71	-2,62154
218,98	4,69846
219,25	14,06513
219,51	15,05179
219,78	13,89846
220,05	9,48513
220,32	7,19846
220,59	9,63179
220,85	10,28513
221,12	14,91179
221,39	19,06513
221,66	18,23846
221,93	11,47846
222,19	3,34513
222,46	7,73846
222,73	12,49179
223,00	18,67179
223,27	14,07846
223,53	12,89846
223,80	11,75179
224,07	15,31846
224,34	19,49846
224,61	17,32513
224,87	10,83179
225,14	4,03179
225,41	4,01179
225,68	11,01179
225,94	15,37846
226,21	17,67179
226,48	12,20513
226,75	12,30513
227,02	7,20513
227,28	9,40513
227,55	4,68513
227,82	8,05846
228,09	1,53846
228,36	0,75846
228,62	0,56513
228,89	7,50513
229,16	10,48513
229,43	10,95179
229,69	10,33179
229,96	11,19179
230,23	7,53846
230,50	9,75179
230,76	6,37179
231,03	8,62513
231,30	8,89179
231,57	11,47179
231,84	9,65846
232,10	5,43179
232,37	4,82513
232,64	2,57846
232,91	4,32513
233,17	8,61846
233,44	11,90513
233,71	12,44513
233,98	5,51179
234,24	6,63846
234,51	9,99179
234,78	13,83846
235,05	16,71179
235,31	14,05179
235,58	12,85846
235,85	7,33846
236,12	1,82513
236,39	8,01179
236,65	10,71846
236,92	23,68513
237,19	20,86513
237,46	30,79846
237,72	21,51179
237,99	16,71846
238,26	7,13179
238,53	13,74513
238,79	14,10513
239,06	13,09179
239,33	4,66513
239,60	3,61179
239,86	0,39179
240,13	-0,12821
240,40	-2,13487
240,67	6,44513
240,93	9,75846
241,20	10,80513
241,47	3,68513
241,73	3,62513
242,00	4,88513
242,27	7,15179
242,54	7,88513
242,80	9,09179
243,07	10,53179
243,34	10,01846
243,61	19,21179
243,87	15,11179
244,14	14,90513
244,41	3,82513
244,68	6,31846
244,94	6,95846
245,21	10,27846
245,48	13,61846
245,74	11,18513
246,01	15,41179
246,28	12,31179
246,55	11,81846
246,81	3,81846
247,08	4,29179
247,35	6,90513
247,62	8,07846
247,88	2,61179
248,15	6,16513
248,42	16,59179
248,68	19,25179
248,95	12,78513
249,22	4,83179
249,49	7,59846
249,75	9,09179
250,02	10,91846
250,29	8,30513
250,56	10,89846
250,82	13,16513
251,09	15,43846
251,36	17,89846
251,62	10,51846
251,89	11,31846
252,16	15,16513
252,43	22,44513
252,69	19,35846
252,96	10,51846
253,23	9,65179
253,49	11,97179
253,76	14,83179
254,03	19,60513
254,29	19,73846
254,56	19,65179
254,83	11,73846
255,10	5,37846
255,36	3,54513
255,63	6,22513
255,90	12,97846
256,16	14,61179
256,43	7,91846
256,70	10,59846
256,96	10,07846
257,23	12,63179
257,50	9,82513
257,77	12,13846
258,03	12,59846
258,30	13,73846
258,57	6,48513
258,83	8,49179
259,10	5,97179
259,37	8,30513
259,63	4,29179
259,90	9,13179
260,17	8,60513
260,43	12,43846
260,70	8,11846
260,97	15,40513
261,24	15,37179
261,50	15,25846
261,77	10,03179
262,04	6,77179
262,30	3,68513
262,57	3,70513
262,84	6,75179
263,10	15,11846
263,37	17,68513
263,64	12,99846
263,90	6,95846
264,17	5,33179
264,44	7,11179
264,70	5,91846
264,97	7,71179
265,24	14,75179
265,50	19,25179
265,77	19,29179
266,04	15,59179
266,30	10,99846
266,57	5,31179
266,84	3,54513
267,10	3,87179
267,37	12,37179
267,64	13,89846
267,90	19,86513
268,17	16,91179
268,44	14,36513
268,70	7,71846
268,97	0,09846
269,24	1,77179
269,50	6,30513
269,77	12,11179
270,04	16,25846
270,30	12,50513
270,57	14,92513
270,84	6,47846
271,10	11,05179
271,37	6,96513
271,64	15,07846
271,90	22,43846
272,17	24,01179
272,44	19,91846
272,70	11,56513
272,97	9,05846
273,24	8,73846
273,50	9,71846
273,77	13,34513
274,04	13,21179
274,30	10,55846
274,57	7,71846
274,84	11,66513
275,10	13,01846
275,37	13,74513
275,64	8,46513
275,90	3,39179
276,17	2,25179
276,43	4,78513
276,70	4,25179
276,97	2,79179
277,23	6,92513
277,50	8,53846
277,77	5,74513
278,03	-4,70821
278,30	-0,25487
278,57	1,37179
278,83	4,80513
279,10	5,87846
279,37	3,25179
279,63	3,39846
279,90	6,10513
280,16	13,18513
280,43	17,31846
280,70	14,05179
280,96	18,68513
281,23	18,53846
281,50	13,99179
281,76	8,61179
282,03	8,74513
282,29	11,05846
282,56	10,62513
282,83	6,25179
283,09	4,25179
283,36	5,98513
283,63	8,41179
283,89	10,85846
284,16	11,49179
284,42	12,85846
284,69	12,08513
284,96	10,33179
285,22	8,32513
285,49	10,47846
285,76	11,29846
286,02	18,60513
286,29	20,71179
286,55	19,07846
286,82	10,56513
287,09	5,11179
287,35	9,48513
287,62	8,81179
287,88	10,25179
288,15	3,59846
288,42	2,25179
288,68	7,08513
288,95	10,40513
289,22	16,81179
289,48	14,26513
289,75	16,01846
290,01	15,02513
290,28	9,35179
290,55	9,61179
290,81	4,45846
291,08	11,10513
291,34	13,64513
291,61	20,25846
291,88	19,58513
292,14	11,25179
292,41	9,42513
292,67	14,79179
292,94	20,57846
293,21	20,20513
293,47	16,19179
293,74	15,94513
294,00	12,55846
294,27	7,73179
294,54	5,45846
294,80	9,29179
295,07	16,07846
295,33	15,27846
295,60	16,85846
295,86	13,73846
296,13	13,07846
296,40	8,83846
296,66	11,11179
296,93	22,23846
297,19	27,59179
297,46	26,03846
297,73	22,42513
297,99	18,97179
298,26	15,73179
298,52	9,82513
298,79	12,08513
299,05	9,97846
299,32	17,83179
299,59	23,15179
299,85	28,73179
300,12	23,99179
300,38	19,38513
300,65	17,68513
300,92	22,49846
301,18	22,67846
301,45	29,43179
301,71	25,47179
301,98	30,86513
302,24	34,32513
302,51	39,03846
302,78	39,74513
303,04	36,59846
303,31	39,64513
303,57	42,97846
303,84	44,45179
304,10	40,19179
304,37	40,13179
304,63	44,85846
304,90	51,18513
305,17	55,47179
305,43	51,76513
305,70	59,33179
305,96	58,26513
306,23	61,84513
306,49	60,50513
306,76	61,58513
307,03	61,56513
307,29	57,27179
307,56	60,66513
307,82	64,20513
308,09	68,27846
308,35	68,22513
308,62	72,65846
308,88	70,47179
309,15	72,30513
309,42	71,59179
309,68	75,70513
309,95	78,62513
310,21	76,25846
310,48	79,14513
310,74	79,85846
311,01	89,25846
311,27	87,51179
311,54	82,97179
311,80	76,79846
312,07	84,10513
312,34	90,79179
312,60	89,91179
312,87	88,08513
313,13	92,67846
313,40	94,80513
313,66	96,09846
313,93	89,27179
314,19	97,28513
314,46	95,83846
314,72	101,12513
314,99	96,06513
315,25	94,88513
315,52	89,21846
315,78	88,01846
316,05	87,28513
316,32	89,28513
316,58	89,58513
316,85	92,99846
317,11	94,07846
317,38	94,56513
317,64	94,95846
317,91	94,59179
318,17	96,25846
318,44	95,91179
318,70	93,71846
318,97	95,67179
319,23	101,76513
319,50	105,41846
319,76	103,87846
320,03	99,44513
320,29	103,10513
320,56	106,15179
320,82	108,27846
321,09	109,83846
321,36	115,41846
321,62	118,49846
321,89	118,32513
322,15	117,59179
322,42	121,09846
322,68	132,57179
322,95	144,24513
323,21	155,91179
323,48	159,53846
323,74	166,67179
324,01	175,44513
324,27	188,55179
324,54	203,99846
324,80	231,87846
325,07	262,35846
325,33	289,94513
325,60	289,58513
325,86	278,50513
326,13	251,79179
326,39	233,68513
326,66	216,55846
326,92	215,53846
327,19	223,08513
327,45	241,15846
327,72	264,23179
327,98	282,48513
328,25	289,31846
328,51	276,38513
328,78	257,79179
329,04	239,96513
329,31	227,62513
329,57	219,43179
329,84	215,53179
330,10	216,69846
330,37	220,11846
330,63	218,87179
330,90	218,22513
331,16	222,58513
331,43	226,68513
331,69	230,92513
331,96	228,48513
332,22	225,01846
332,49	222,69846
332,75	213,95846
333,01	207,91179
333,28	201,43846
333,54	202,50513
333,81	212,22513
334,07	215,05179
334,34	215,05179
334,60	215,01179
334,87	219,11179
335,13	228,55846
335,40	225,89179
335,66	225,03179
335,93	222,00513
336,19	224,44513
336,46	229,89179
336,72	227,23846
336,99	229,10513
337,25	227,61179
337,52	231,77846
337,78	236,69846
338,05	234,51846
338,31	238,92513
338,57	241,04513
338,84	242,70513
339,10	241,95846
339,37	238,43846
339,63	242,65846
339,90	243,54513
340,16	243,97179
340,43	241,39179
340,69	246,13179
340,96	245,03846
341,22	250,29846
341,49	243,19846
341,75	246,46513
342,01	249,39846
342,28	259,83846
342,54	273,77179
342,81	284,39846
343,07	296,81179
343,34	301,78513
343,60	311,60513
343,87	312,53179
344,13	319,70513
344,40	332,83179
344,66	349,39179
344,92	368,74513
345,19	370,08513
345,45	377,19846
345,72	380,82513
345,98	385,61846
346,25	381,97846
346,51	373,86513
346,78	368,67846
347,04	371,05179
347,30	370,16513
347,57	372,38513
347,83	370,35179
348,10	376,99179
348,36	382,10513
348,63	389,75179
348,89	389,63179
349,15	390,84513
349,42	387,03179
349,68	382,91846
349,95	378,00513
350,21	381,91846
350,48	387,37846
350,74	393,66513
351,01	392,65179
351,27	397,29179
351,53	398,35179
351,80	401,88513
352,06	406,87179
352,33	413,41179
352,59	417,24513
352,86	418,35179
353,12	420,57179
353,38	429,17179
353,65	421,43846
353,91	415,17846
354,18	406,65846
354,44	413,49179
354,70	407,21179
354,97	396,23846
355,23	385,13846
355,50	380,72513
355,76	384,59179
356,03	384,23179
356,29	391,53179
356,55	390,09179
356,82	388,84513
357,08	384,81846
357,35	386,19846
357,61	394,63179
357,87	401,83179
358,14	406,08513
358,40	405,31846
358,67	412,48513
358,93	419,75846
359,20	432,45179
359,46	439,49179
359,72	448,38513
359,99	457,37846
360,25	477,31846
360,52	495,93846
360,78	504,87846
361,04	499,71179
361,31	482,91179
361,57	467,40513
361,84	457,67846
362,10	458,05846
362,36	459,37846
362,63	461,65846
362,89	458,35846
363,16	456,71846
363,42	452,48513
363,68	447,92513
363,95	446,39846
364,21	439,09179
364,47	441,37846
364,74	439,96513
365,00	439,64513
365,27	435,36513
365,53	435,41179
365,79	442,18513
366,06	450,95846
366,32	456,44513
366,59	448,48513
366,85	442,37846
367,11	433,93179
367,38	435,24513
367,64	433,17846
367,91	434,11179
368,17	433,91179
368,43	433,03179
368,70	435,73179
368,96	435,45846
369,22	445,45846
369,49	448,47179
369,75	447,05846
370,02	438,77846
370,28	432,63846
370,54	434,11179
370,81	431,63179
371,07	431,59179
371,33	439,30513
371,60	432,84513
371,86	427,09846
372,13	414,29846
372,39	418,81846
372,65	424,43179
372,92	430,81846
373,18	437,45179
373,44	436,39846
373,71	430,99179
373,97	425,37179
374,23	426,26513
374,50	435,29179
374,76	438,25846
375,03	439,28513
375,29	434,88513
375,55	433,88513
375,82	431,37179
376,08	428,61179
376,34	434,20513
376,61	429,74513
376,87	425,29179
377,13	412,79179
377,40	417,00513
377,66	428,33846
377,92	437,45179
378,19	440,30513
378,45	438,25179
378,72	432,63846
378,98	433,00513
379,24	429,11179
379,51	432,77179
379,77	431,60513
380,03	424,95846
380,30	429,52513
380,56	429,93179
380,82	439,85846
381,09	436,64513
381,35	439,74513
381,61	436,90513
381,88	443,12513
382,14	446,86513
382,40	455,21846
382,67	453,15846
382,93	450,37846
383,19	445,13179
383,46	444,23179
383,72	447,63846
383,98	453,04513
384,25	462,35846
384,51	468,03179
384,77	469,71846
385,04	472,07179
385,30	471,44513
385,56	482,97846
385,83	489,50513
386,09	496,44513
386,35	496,96513
386,62	496,57846
386,88	499,72513
387,14	497,61179
387,41	492,28513
387,67	489,07179
387,93	487,75846
388,20	490,24513
388,46	487,65179
388,72	489,89179
388,99	490,39179
389,25	492,30513
389,51	490,70513
389,78	490,72513
390,04	493,23179
390,30	500,03179
390,56	501,31846
390,83	501,88513
391,09	503,65179
391,35	506,41846
391,62	512,72513
391,88	517,66513
392,14	524,41846
392,41	527,71179
392,67	523,61846
392,93	524,27179
393,20	517,62513
393,46	517,95179
393,72	512,67846
393,99	513,08513
394,25	515,08513
394,51	513,11846
394,77	519,54513
395,04	520,80513
395,30	529,15846
395,56	532,96513
395,83	531,98513
396,09	532,95846
396,35	535,16513
396,62	537,45179
396,88	545,20513
397,14	544,47179
397,40	559,53846
397,67	564,89846
397,93	571,75179
398,19	573,94513
398,46	580,39846
398,72	595,78513
398,98	605,22513
399,24	616,71179
399,51	625,66513
399,77	637,67846
400,03	642,77846
400,30	642,17179
400,56	649,49846
400,82	649,89179
401,08	644,94513
401,35	631,54513
401,61	630,57846
401,87	629,38513
402,14	631,03846
402,40	629,25846
402,66	638,29179
402,92	640,02513
403,19	640,41179
403,45	640,19179
403,71	634,92513
403,98	634,26513
404,24	628,16513
404,50	631,79179
404,76	639,68513
405,03	647,95179
405,29	655,56513
405,55	658,50513
405,81	666,27179
406,08	667,68513
406,34	671,01179
406,60	678,04513
406,87	693,47846
407,13	702,02513
407,39	691,65179
407,65	674,67846
407,92	656,63179
408,18	649,41179
408,44	642,63179
408,70	635,47179
408,97	627,87179
409,23	622,91846
409,49	618,33179
409,75	615,27179
410,02	609,87179
410,28	604,39179
410,54	603,55846
410,80	606,66513
411,07	609,73179
411,33	611,71846
411,59	601,80513
411,85	605,69846
412,12	605,27179
412,38	609,63846
412,64	605,57179
412,90	600,13179
413,17	597,11846
413,43	588,51179
413,69	587,95846
413,95	588,03179
414,22	588,97179
414,48	581,54513
414,74	575,17179
415,00	575,57846
415,27	577,92513
415,53	581,84513
415,79	578,86513
416,05	578,30513
416,32	578,90513
416,58	588,25846
416,84	594,13846
417,10	590,36513
417,37	583,30513
417,63	579,01179
417,89	583,72513
418,15	584,47846
418,41	585,43846
418,68	586,13179
418,94	587,17846
419,20	584,21846
419,46	583,77179
419,73	581,98513
419,99	586,19179
420,25	584,60513
420,51	600,67846
420,78	598,85179
421,04	592,67846
421,30	574,63846
421,56	577,81179
421,82	584,17846
422,09	591,61846
422,35	587,87179
422,61	591,51179
422,87	617,40513
423,14	620,27179
423,40	621,96513
423,66	592,76513
423,92	596,61179
424,18	596,10513
424,45	597,59846
424,71	593,68513
424,97	597,43846
425,23	600,21179
425,49	605,01179
425,76	611,64513
426,02	623,65179
426,28	635,33179
426,54	635,48513
426,81	634,18513
427,07	630,90513
427,33	631,01179
427,59	636,83846
427,85	647,95179
428,12	664,42513
428,38	659,74513
428,64	636,09846
428,90	602,71846
429,16	585,64513
429,43	578,42513
429,69	576,20513
429,95	570,38513
430,21	567,65179
430,47	568,49179
430,74	562,18513
431,00	557,74513
431,26	546,23179
431,52	546,94513
431,78	549,61846
432,05	558,05179
432,31	570,08513
432,57	569,74513
432,83	566,02513
433,09	558,99846
433,35	563,51179
433,62	564,85846
433,88	567,08513
434,14	567,25179
434,40	572,47846
434,66	579,53846
434,93	582,21846
435,19	585,89179
435,45	583,27179
435,71	593,77179
435,97	598,13846
436,23	599,11179
436,50	595,75846
436,76	594,55846
437,02	600,02513
437,28	598,87846
437,54	605,15846
437,81	602,23179
438,07	606,08513
438,33	607,98513
438,59	614,07846
438,85	612,05179
439,11	596,60513
439,38	591,16513
439,64	587,09179
439,90	593,99179
440,16	597,35846
440,42	599,23179
440,68	603,71179
440,95	598,68513
441,21	608,70513
441,47	615,41179
441,73	624,19846
441,99	628,91846
442,25	627,73179
442,52	630,60513
442,78	620,34513
443,04	620,29846
443,30	618,83179
443,56	627,11846
443,82	631,42513
444,08	637,75846
444,35	639,06513
444,61	635,28513
444,87	629,13846
445,13	629,86513
445,39	624,69846
445,65	621,99179
445,92	606,72513
446,18	605,02513
446,44	598,84513
446,70	596,89179
446,96	595,95179
447,22	595,96513
447,48	596,14513
447,75	592,68513
448,01	594,19846
448,27	588,49179
448,53	587,21846
448,79	585,85846
449,05	591,49179
449,31	588,93846
449,58	590,61846
449,84	594,79846
450,10	606,05179
450,36	607,41179
450,62	611,29179
450,88	617,94513
451,14	628,71846
451,41	637,77846
451,67	635,28513
451,93	628,45179
452,19	620,01846
452,45	618,23179
452,71	619,45179
452,97	616,94513
453,23	624,28513
453,50	631,05846
453,76	638,50513
454,02	633,93846
454,28	629,97179
454,54	629,89846
454,80	627,21846
455,06	613,43846
455,32	597,43846
455,59	580,75179
455,85	576,29179
456,11	574,49846
456,37	577,27846
456,63	578,34513
456,89	582,57179
457,15	596,43846
457,41	612,39846
457,68	631,43179
457,94	639,91846
458,20	652,42513
458,46	663,77846
458,72	682,03846
458,98	707,71179
459,24	731,06513
459,50	744,40513
459,76	734,29179
460,03	712,44513
460,29	702,99846
460,55	704,51846
460,81	713,58513
461,07	713,19846
461,33	723,35179
461,59	737,62513
461,85	743,31846
462,11	746,59846
462,37	746,82513
462,64	758,85846
462,90	764,87179
463,16	778,25846
463,42	799,05179
463,68	821,18513
463,94	839,37846
464,20	849,04513
464,46	853,39179
464,72	865,17846
464,98	869,06513
465,24	884,82513
465,51	894,25179
465,77	911,95179
466,03	883,81179
466,29	834,43179
466,55	777,37179
466,81	750,38513
467,07	740,32513
467,33	731,13179
467,59	733,01846
467,85	727,67846
468,11	719,46513
468,38	704,28513
468,64	697,56513
468,90	689,46513
469,16	690,69846
469,42	690,06513
469,68	697,08513
469,94	703,62513
470,20	709,08513
470,46	711,32513
470,72	707,80513
470,98	701,67846
471,24	696,81846
471,50	686,44513
471,77	673,03179
472,03	663,33846
472,29	649,80513
472,55	647,69846
472,81	645,31846
473,07	646,61179
473,33	636,76513
473,59	631,82513
473,85	627,76513
474,11	632,26513
474,37	631,61846
474,63	631,51846
474,89	638,64513
475,15	646,97179
475,41	662,93179
475,68	666,44513
475,94	676,14513
476,20	682,53846
476,46	697,47179
476,72	700,03846
476,98	709,29846
477,24	714,57179
477,50	727,20513
477,76	741,05846
478,02	758,10513
478,28	773,78513
478,54	779,32513
478,80	792,35179
479,06	806,96513
479,32	828,15179
479,58	832,75179
479,84	839,63179
480,10	835,24513
480,36	840,24513
480,63	838,91179
480,89	833,58513
481,15	824,49846
481,41	814,59179
481,67	812,69179
481,93	812,29846
482,19	811,15179
482,45	811,93179
482,71	813,71179
482,97	815,79179
483,23	818,53179
483,49	823,92513
483,75	835,77846
484,01	845,86513
484,27	850,58513
484,53	861,81846
484,79	882,37179
485,05	892,87846
485,31	903,85846
485,57	905,78513
485,83	923,37846
486,09	934,34513
486,35	945,98513
486,61	953,51846
486,87	963,98513
487,13	979,53846
487,39	995,55179
487,65	1002,57179
487,91	1000,91846
488,17	996,71179
488,43	994,87179
488,70	1004,47179
488,96	1016,15846
489,22	1027,27179
489,48	1040,31846
489,74	1053,13846
490,00	1072,41179
490,26	1082,91846
490,52	1099,81179
490,78	1114,35179
491,04	1133,32513
491,30	1157,64513
491,56	1178,80513
491,82	1195,14513
492,08	1206,93846
492,34	1228,20513
492,60	1247,11846
492,86	1262,68513
493,12	1269,24513
493,38	1282,23179
493,64	1293,43179
493,90	1301,75179
494,16	1303,28513
494,42	1304,81179
494,68	1313,11846
494,94	1330,11846
495,20	1343,63846
495,46	1355,44513
495,72	1358,33179
495,98	1364,26513
496,24	1366,59179
496,50	1378,25179
496,76	1402,61846
497,02	1423,51846
497,28	1444,95846
497,54	1469,56513
497,80	1500,38513
498,06	1534,80513
498,32	1559,99846
498,58	1606,83846
498,84	1649,84513
499,10	1709,28513
499,36	1765,09179
499,62	1832,13846
499,88	1889,69179
500,14	1928,17846
500,40	1955,59846
500,66	1978,35179
500,92	1991,91846
501,18	1976,44513
501,44	1934,38513
501,69	1884,58513
501,95	1844,85179
502,21	1810,38513
502,47	1770,26513
502,73	1725,59179
502,99	1685,89846
503,25	1654,42513
503,51	1634,59846
503,77	1613,70513
504,03	1607,41179
504,29	1592,03179
504,55	1579,08513
504,81	1549,91179
505,07	1526,81179
505,33	1507,45179
505,59	1494,27179
505,85	1489,36513
506,11	1483,32513
506,37	1483,07846
506,63	1478,90513
506,89	1479,25179
507,15	1481,19846
507,41	1481,50513
507,67	1481,80513
507,93	1484,73846
508,19	1493,23179
508,45	1494,86513
508,71	1490,35179
508,97	1503,97179
509,23	1567,01846
509,49	1674,50513
509,74	1782,83179
510,00	1852,83179
510,26	1879,04513
510,52	1875,93179
510,78	1964,22513
511,04	2123,32513
511,30	2141,63179
511,56	1941,07846
511,82	1661,27846
512,08	1525,64513
512,34	1520,13179
512,60	1514,07846
512,86	1524,87846
513,12	1536,63846
513,38	1585,46513
513,64	1677,45179
513,90	1824,82513
514,16	2026,89179
514,42	2226,93179
514,67	2396,37846
514,93	2501,83846
515,19	2542,35846
515,45	2603,80513
515,71	2791,80513
515,97	2845,81846
516,23	2611,63846
516,49	2176,68513
516,75	1876,41179
517,01	1787,77846
517,27	1739,05179
517,53	1686,63179
517,79	1646,89846
518,05	1614,59179
518,31	1596,99846
518,56	1582,39179
518,82	1580,70513
519,08	1580,54513
519,34	1606,07179
519,60	1644,45846
519,86	1731,86513
520,12	1870,77179
520,38	2115,46513
520,64	2438,93179
520,90	2764,84513
521,16	3026,95846
521,42	3169,73179
521,68	3233,96513
521,93	3330,66513
522,19	3630,51846
522,45	3766,77179
522,71	3380,25179
522,97	2644,81846
523,23	2032,29846
523,49	1825,29846
523,75	1727,21846
524,01	1638,38513
524,27	1547,91179
524,53	1473,23179
524,79	1412,73179
525,04	1365,01179
525,30	1320,13846
525,56	1292,68513
525,82	1267,97179
526,08	1246,80513
526,34	1217,10513
526,60	1205,94513
526,86	1194,27179
527,12	1191,23846
527,38	1181,31846
527,63	1184,55179
527,89	1198,17846
528,15	1224,81179
528,41	1251,92513
528,67	1279,19179
528,93	1301,02513
529,19	1307,25179
529,45	1311,68513
529,71	1337,27846
529,97	1351,15846
530,22	1330,62513
530,48	1268,07846
530,74	1217,83846
531,00	1190,43179
531,26	1177,59179
531,52	1164,95846
531,78	1150,24513
532,04	1136,79846
532,30	1128,87179
532,55	1131,74513
532,81	1130,36513
533,07	1121,42513
533,33	1112,87179
533,59	1104,11846
533,85	1101,01846
534,11	1109,73179
534,37	1117,91846
534,62	1125,98513
534,88	1116,82513
535,14	1112,30513
535,40	1112,41846
535,66	1119,99179
535,92	1124,85846
536,18	1127,23846
536,44	1120,13846
536,69	1105,85846
536,95	1093,51846
537,21	1086,58513
537,47	1089,63846
537,73	1094,45179
537,99	1092,37846
538,25	1094,23179
538,51	1090,93179
538,76	1092,45846
539,02	1091,52513
539,28	1097,53179
539,54	1103,64513
539,80	1103,39179
540,06	1097,31846
540,32	1091,07179
540,57	1087,25846
540,83	1081,51846
541,09	1073,21846
541,35	1064,01179
541,61	1060,23846
541,87	1052,40513
542,13	1056,50513
542,38	1057,17179
542,64	1060,29179
542,90	1058,27846
543,16	1047,69846
543,42	1050,00513
543,68	1045,53846
543,94	1050,77846
544,19	1045,93179
544,45	1045,91179
544,71	1044,51179
544,97	1044,59179
545,23	1037,59846
545,49	1035,47179
545,74	1028,39179
546,00	1034,66513
546,26	1026,31846
546,52	1033,89179
546,78	1034,22513
547,04	1041,67179
547,29	1038,29179
547,55	1030,93179
547,81	1029,75179
548,07	1031,59846
548,33	1034,29846
548,59	1038,08513
548,84	1039,86513
549,10	1037,53179
549,36	1035,97846
549,62	1033,35179
549,88	1036,87179
550,14	1035,83846
550,39	1031,79179
550,65	1034,22513
550,91	1034,41179
551,17	1035,30513
551,43	1033,33179
551,69	1037,92513
551,94	1051,54513
552,20	1061,35846
552,46	1075,15179
552,72	1077,33179
552,98	1083,31846
553,24	1083,98513
553,49	1091,21179
553,75	1093,11179
554,01	1096,93846
554,27	1095,63179
554,53	1093,03846
554,78	1076,68513
555,04	1058,18513
555,30	1040,51179
555,56	1028,84513
555,82	1025,30513
556,07	1022,21179
556,33	1016,89846
556,59	1006,01846
556,85	995,29846
557,11	993,41179
557,37	989,40513
557,62	982,25846
557,88	971,80513
558,14	971,29179
558,40	965,19846
558,66	962,45846
558,91	951,13179
559,17	954,25846
559,43	958,59179
559,69	958,29846
559,95	953,97846
560,20	948,15179
560,46	955,15846
560,72	962,58513
560,98	971,43846
561,24	967,73179
561,49	969,13846
561,75	968,77179
562,01	976,03179
562,27	983,31179
562,52	985,55179
562,78	989,85846
563,04	993,27179
563,30	994,01179
563,56	997,39846
563,81	1003,53846
564,07	1018,89846
564,33	1036,54513
564,59	1044,52513
564,85	1054,49846
565,10	1077,93846
565,36	1104,52513
565,62	1135,21179
565,88	1149,01179
566,13	1175,32513
566,39	1201,92513
566,65	1237,77179
566,91	1267,65179
567,17	1287,65846
567,42	1307,30513
567,68	1306,32513
567,94	1308,17179
568,20	1293,84513
568,45	1286,87179
568,71	1271,78513
568,97	1250,79846
569,23	1239,52513
569,49	1220,67179
569,74	1205,88513
570,00	1174,31179
570,26	1165,94513
570,52	1170,59846
570,77	1159,80513
571,03	1117,63179
571,29	1063,21846
571,55	1033,38513
571,80	1006,60513
572,06	985,03846
572,32	963,67179
572,58	962,97179
572,83	952,65846
573,09	941,09846
573,35	928,31179
573,61	922,24513
573,86	919,69846
574,12	910,72513
574,38	908,33179
574,64	901,28513
574,89	903,31846
575,15	906,83846
575,41	906,98513
575,67	904,09846
575,92	893,70513
576,18	900,03846
576,44	912,97846
576,70	943,20513
576,95	996,85179
577,21	1060,32513
577,47	1122,65846
577,73	1165,73179
577,98	1184,61179
578,24	1195,21846
578,50	1246,41846
578,76	1323,06513
579,01	1281,89846
579,27	1150,73179
579,53	998,37846
579,79	942,91846
580,04	916,65846
580,30	883,65179
580,56	859,97179
580,81	845,56513
581,07	838,59179
581,33	832,79846
581,59	829,11179
581,84	830,59846
582,10	834,65179
582,36	834,95179
582,62	834,03846
582,87	834,35846
583,13	842,01846
583,39	840,68513
583,64	841,43846
583,90	833,33846
584,16	833,29846
584,42	831,41179
584,67	832,53846
584,93	837,12513
585,19	837,38513
585,45	838,80513
585,70	834,05179
585,96	835,27846
586,22	833,24513
586,47	827,53179
586,73	825,38513
586,99	821,35179
587,25	823,66513
587,50	821,87846
587,76	821,88513
588,02	827,36513
588,27	833,99846
588,53	844,96513
588,79	842,83179
589,04	840,26513
589,30	847,38513
589,56	854,53846
589,82	861,93846
590,07	857,12513
590,33	853,05846
590,59	850,43846
590,84	852,56513
591,10	860,29846
591,36	870,92513
591,61	875,89846
591,87	884,53179
592,13	889,55846
592,39	899,40513
592,64	908,74513
592,90	912,33846
593,16	919,93846
593,41	923,27179
593,67	930,39846
593,93	926,83846
594,18	927,93179
594,44	925,52513
594,70	918,66513
594,95	907,81179
595,21	903,17179
595,47	893,29846
595,73	882,95179
595,98	869,45846
596,24	860,97179
596,50	846,29179
596,75	838,67846
597,01	833,69846
597,27	830,67846
597,52	821,45179
597,78	813,82513
598,04	810,59179
598,29	798,90513
598,55	797,97846
598,81	790,25846
599,06	790,79179
599,32	781,67179
599,58	785,49179
599,83	781,83179
600,09	781,99846
600,35	778,03179
600,60	776,86513
600,86	777,83179
601,12	778,57846
601,37	781,64513
601,63	776,10513
601,89	770,99179
602,14	765,65846
602,40	764,50513
602,66	761,29846
602,91	756,67179
603,17	759,00513
603,43	760,87846
603,68	765,65846
603,94	760,67846
604,20	757,75179
604,45	750,43846
604,71	749,87179
604,97	748,91846
605,22	750,22513
605,48	749,89179
605,74	750,94513
605,99	753,20513
606,25	751,58513
606,51	748,57179
606,76	740,31846
607,02	741,77846
607,27	738,39846
607,53	746,35846
607,79	746,16513
608,04	744,06513
608,30	737,49179
608,56	732,11179
608,81	736,79846
609,07	740,23179
609,33	749,37846
609,58	751,67846
609,84	752,55179
610,10	749,29846
610,35	745,31846
610,61	743,63846
610,86	738,86513
611,12	742,09846
611,38	741,27846
611,63	741,33846
611,89	739,69846
612,15	741,91846
612,40	738,81179
612,66	733,99179
612,92	724,71179
613,17	731,59179
613,43	735,26513
613,68	743,88513
613,94	739,65846
614,20	739,49846
614,45	737,13179
614,71	745,99846
614,97	742,73846
615,22	745,45179
615,48	741,61179
615,73	748,76513
615,99	751,01179
616,25	753,40513
616,50	758,01179
616,76	760,11179
617,01	763,35846
617,27	756,28513
617,53	755,09179
617,78	762,09179
618,04	768,90513
618,30	773,09179
618,55	760,11179
618,81	758,40513
619,06	751,72513
619,32	753,23846
619,58	748,76513
619,83	750,45846
620,09	746,79846
620,34	745,01179
620,60	739,22513
620,86	739,78513
621,11	739,54513
621,37	746,43846
621,62	746,10513
621,88	743,43846
622,14	735,50513
622,39	737,25179
622,65	737,98513
622,90	737,68513
623,16	735,99846
623,42	737,25179
623,67	730,17846
623,93	729,12513
624,18	723,13179
624,44	735,65846
624,70	735,40513
624,95	735,61846
625,21	730,73179
625,46	727,97179
625,72	734,63179
625,98	732,57846
626,23	734,77846
626,49	729,67179
626,74	730,58513
627,00	732,91179
627,25	734,71846
627,51	736,22513
627,77	729,49846
628,02	722,29846
628,28	716,35179
628,53	716,33846
628,79	717,97179
629,04	712,31179
629,30	708,47846
629,56	708,38513
629,81	708,03179
630,07	708,03846
630,32	705,35179
630,58	713,24513
630,83	709,77179
631,09	708,79179
631,35	701,74513
631,60	703,95179
631,86	703,39179
632,11	702,59179
632,37	693,24513
632,62	686,87179
632,88	683,21846
633,14	685,79846
633,39	686,24513
633,65	693,57846
633,90	696,17846
634,16	694,14513
634,41	683,85846
634,67	681,17179
634,93	685,30513
635,18	689,33846
635,44	682,29846
635,69	676,91846
635,95	676,09179
636,20	687,50513
636,46	687,65846
636,71	687,73179
636,97	681,95846
637,22	683,49846
637,48	679,73846
637,74	679,95179
637,99	679,09179
638,25	680,94513
638,50	676,48513
638,76	677,40513
639,01	672,45846
639,27	670,21846
639,52	669,43179
639,78	671,27179
640,03	672,50513
640,29	667,31179
640,55	666,23846
640,80	663,81846
641,06	659,85179
641,31	664,08513
641,57	665,32513
641,82	672,03179
642,08	670,42513
642,33	671,89179
642,59	671,99179
642,84	673,39179
643,10	670,61846
643,35	668,31179
643,61	664,64513
643,87	668,59179
644,12	670,81846
644,38	668,45179
644,63	669,40513
644,89	676,82513
645,14	683,47846
645,40	685,76513
645,65	689,77179
645,91	692,32513
646,16	703,51846
646,42	707,09846
646,67	712,83179
646,93	715,71179
647,18	722,01846
647,44	728,45179
647,69	731,90513
647,95	730,49846
648,20	731,81846
648,46	731,85846
648,71	734,03179
648,97	734,95846
649,22	735,89846
649,48	734,62513
649,73	732,47179
649,99	728,03846
650,24	730,89179
650,50	733,74513
650,75	735,86513
651,01	733,67179
651,26	733,09846
651,52	732,95846
651,77	733,31179
652,03	736,37179
652,28	738,12513
652,54	748,55846
652,79	762,13179
653,05	777,03179
653,30	786,74513
653,56	794,39179
653,81	808,82513
654,07	832,27846
654,32	857,75846
654,58	890,87179
654,83	928,40513
655,09	967,17846
655,34	1012,35179
655,60	1054,84513
655,85	1095,29179
656,11	1128,86513
656,36	1146,69179
656,62	1156,67179
656,87	1144,87846
657,13	1120,73179
657,38	1089,45846
657,64	1052,90513
657,89	1015,54513
658,15	968,57179
658,40	923,50513
658,66	888,11846
658,91	858,81846
659,17	836,82513
659,42	814,71846
659,68	796,92513
659,93	778,42513
660,19	763,40513
660,44	758,11846
660,70	753,23179
660,95	746,88513
661,20	736,51179
661,46	726,23846
661,71	716,13846
661,97	705,75846
662,22	700,69179
662,48	697,07179
662,73	690,13179
662,99	685,74513
663,24	679,31179
663,50	669,77179
663,75	661,23179
664,01	647,50513
664,26	650,11846
664,52	642,97179
664,77	645,67846
665,02	643,67846
665,28	643,30513
665,53	637,29846
665,79	634,34513
666,04	631,41179
666,30	629,75846
666,55	624,16513
666,81	618,22513
667,06	612,47179
667,32	609,28513
667,57	603,52513
667,82	598,79846
668,08	591,67846
668,33	586,88513
668,59	580,07846
668,84	576,18513
669,10	571,89179
669,35	586,90513
669,61	576,59846
669,86	577,85846
670,11	555,79846
670,37	561,27179
670,62	556,82513
670,88	561,39846
671,13	552,84513
671,39	546,18513
671,64	540,35846
671,90	543,12513
672,15	545,37179
672,40	544,34513
672,66	541,96513
672,91	549,35846
673,17	555,83846
673,42	564,75846
673,68	565,51846
673,93	565,68513
674,18	564,15179
674,44	563,23179
674,69	563,53179
674,95	561,99179
675,20	553,74513
675,46	544,32513
675,71	532,95179
675,96	531,70513
676,22	522,92513
676,47	519,92513
676,73	512,86513
676,98	510,05179
677,23	508,75179
677,49	508,79179
677,74	512,21846
678,00	505,03179
678,25	500,06513
678,51	499,14513
678,76	493,10513
679,01	491,47179
679,27	482,89179
679,52	482,72513
679,78	479,41179
680,03	479,97846
680,28	479,38513
680,54	475,12513
680,79	469,23846
681,05	469,64513
681,30	467,79179
681,55	468,53846
681,81	467,97846
682,06	472,38513
682,32	474,52513
682,57	476,05846
682,82	469,97846
683,08	464,35846
683,33	452,97846
683,59	455,99846
683,84	452,81846
684,09	457,73846
684,35	451,87846
684,60	454,05179
684,86	450,09846
685,11	455,39846
685,36	454,78513
685,62	461,45846
685,87	448,31846
686,13	443,27179
686,38	433,03846
686,63	441,59179
686,89	449,76513
687,14	460,32513
687,40	457,18513
687,65	453,83179
687,90	449,45179
688,16	448,59846
688,41	446,06513
688,66	440,38513
688,92	441,57179
689,17	437,70513
689,43	438,33179
689,68	440,54513
689,93	444,81846
690,19	445,55179
690,44	438,36513
690,69	435,13179
690,95	436,67846
691,20	443,65179
691,46	440,16513
691,71	441,70513
691,96	437,98513
692,22	442,83179
692,47	436,96513
692,72	435,14513
692,98	431,28513
693,23	431,69846
693,49	431,98513
693,74	431,10513
693,99	429,61846
694,25	427,69179
694,50	426,89846
694,75	424,71179
695,01	414,43846
695,26	413,74513
695,51	411,30513
695,77	412,91846
696,02	410,19846
696,27	410,18513
696,53	414,45179
696,78	414,63846
697,04	414,51179
697,29	410,87179
697,54	408,67846
697,80	404,49846
698,05	403,84513
698,30	399,57179
698,56	396,96513
698,81	396,58513
699,06	396,81846
699,32	395,05846
699,57	392,95846
699,82	395,99179
700,08	395,20513
700,33	393,13846
700,58	389,77179
700,84	389,40513
701,09	384,86513
701,34	381,01179
701,60	381,20513
701,85	382,69179
702,10	382,37179
702,36	383,64513
702,61	379,90513
702,86	377,40513
703,12	368,14513
703,37	370,15179
703,62	367,53179
703,88	368,82513
704,13	363,78513
704,38	364,38513
704,64	369,92513
704,89	370,94513
705,14	374,47846
705,40	372,95846
705,65	371,33179
705,90	365,26513
706,16	355,52513
706,41	356,31179
706,66	353,04513
706,92	353,07846
707,17	353,35846
707,42	359,47179
707,68	355,82513
707,93	352,18513
708,18	347,46513
708,44	356,65846
708,69	357,37179
708,94	355,69846
709,19	348,97846
709,45	349,59179
709,70	345,16513
709,95	343,35846
710,21	337,09179
710,46	336,31846
710,71	339,87846
710,97	339,60513
711,22	341,41846
711,47	335,53179
711,73	335,81179
711,98	335,65179
712,23	334,14513
712,48	331,97179
712,74	330,47846
712,99	331,67179
713,24	329,95179
713,50	331,03846
713,75	335,62513
714,00	340,87179
714,26	341,08513
714,51	343,49846
714,76	350,19846
715,01	359,57179
715,27	371,53179
715,52	376,36513
715,77	381,65179
716,03	380,57179
716,28	380,24513
716,53	382,52513
716,78	376,61179
717,04	374,21179
717,29	366,15846
717,54	361,78513
717,80	351,27179
718,05	344,29846
718,30	337,61179
718,55	337,67179
718,81	332,11846
719,06	332,63179
719,31	329,38513
719,57	325,17179
719,82	320,73179
720,07	317,95846
720,32	314,75846
720,58	312,94513
720,83	308,61846
721,08	307,76513
721,33	304,43179
721,59	307,25846
721,84	307,89846
722,09	309,75846
722,35	306,38513
722,60	302,83179
722,85	300,26513
723,10	296,45179
723,36	295,12513
723,61	290,22513
723,86	290,37846
724,11	294,17179
724,37	290,60513
724,62	288,09846
724,87	282,46513
725,12	283,57846
725,38	283,60513
725,63	282,78513
725,88	278,13846
726,13	277,35179
726,39	273,51846
726,64	280,25846
726,89	279,71179
727,14	279,87179
727,40	277,58513
727,65	278,23846
727,90	283,47846
728,15	283,89846
728,41	279,06513
728,66	278,14513
728,91	273,33179
729,16	275,90513
729,42	274,43846
729,67	277,47846
729,92	270,91846
730,17	268,39179
730,43	268,19179
730,68	274,62513
730,93	274,15179
731,18	271,55846
731,44	269,06513
731,69	267,45179
731,94	266,64513
732,19	270,72513
732,45	272,43179
732,70	276,24513
732,95	270,17846
733,20	264,19179
733,45	262,48513
733,71	265,04513
733,96	264,22513
734,21	265,65179
734,46	263,00513
734,72	265,31846
734,97	262,05846
735,22	259,99179
735,47	260,30513
735,72	259,71179
735,98	259,69179
736,23	261,81846
736,48	263,28513
736,73	266,11179
736,99	263,39846
737,24	263,47179
737,49	262,73179
737,74	265,03179
737,99	269,53179
738,25	272,53179
738,50	272,45846
738,75	265,27179
739,00	264,59846
739,25	268,71846
739,51	269,71179
739,76	272,25846
740,01	273,51179
740,26	280,30513
740,52	284,06513
740,77	296,60513
741,02	306,07179
741,27	322,37179
741,52	337,46513
741,78	360,11846
742,03	376,21846
742,28	387,61846
742,53	399,71179
742,78	421,34513
743,04	453,47846
743,29	492,58513
743,54	525,49846
743,79	537,99846
744,04	531,58513
744,30	523,54513
744,55	522,43846
744,80	535,05846
745,05	538,71179
745,30	538,35179
745,55	533,53179
745,81	557,67179
746,06	594,83179
746,31	631,05846
746,56	640,18513
746,81	637,21179
747,07	634,26513
747,32	637,37846
747,57	642,91846
747,82	625,00513
748,07	586,98513
748,32	526,43846
748,58	474,90513
748,83	429,66513
749,08	399,17179
749,33	372,87179
749,58	352,11846
749,84	335,24513
750,09	316,35179
750,34	303,76513
750,59	294,87179
750,84	287,03179
751,09	285,57179
751,35	279,61846
751,60	277,07846
751,85	264,79179
752,10	252,93179
752,35	252,13846
752,60	250,01179
752,86	251,55179
753,11	243,35846
753,36	239,40513
753,61	236,20513
753,86	231,76513
754,11	229,35179
754,37	222,49179
754,62	222,46513
754,87	222,42513
755,12	228,47846
755,37	229,94513
755,62	230,07179
755,87	222,34513
756,13	219,20513
756,38	219,42513
756,63	223,97179
756,88	229,85846
757,13	226,73179
757,38	227,69846
757,64	218,73846
757,89	217,43846
758,14	217,33179
758,39	214,74513
758,64	217,40513
758,89	211,57179
759,14	215,75846
759,40	213,57179
759,65	210,81846
759,90	207,14513
760,15	201,50513
760,40	196,79179
760,65	192,72513
760,90	192,28513
761,15	194,41846
761,41	198,76513
761,66	196,91846
761,91	201,84513
762,16	198,47846
762,41	206,00513
762,66	201,57846
762,91	204,02513
763,17	201,52513
763,42	203,12513
763,67	204,79179
763,92	204,99179
764,17	203,99179
764,42	200,43179
764,67	200,04513
764,92	204,34513
765,18	203,16513
765,43	197,80513
765,68	198,69179
765,93	201,69179
766,18	201,75179
766,43	198,36513
766,68	198,75179
766,93	197,83179
767,18	194,33179
767,44	192,23179
767,69	190,90513
767,94	193,77179
768,19	190,83846
768,44	191,71179
768,69	190,49846
768,94	195,98513
769,19	196,37179
769,44	198,02513
769,70	190,50513
769,95	191,95179
770,20	192,49846
770,45	201,64513
770,70	204,53846
770,95	204,28513
771,20	198,18513
771,45	203,35179
771,70	204,17846
771,95	206,71846
772,21	208,31846
772,46	211,06513
772,71	215,46513
772,96	215,95179
773,21	219,00513
773,46	226,67846
773,71	232,19846
773,96	237,91846
774,21	245,05846
774,46	256,14513
774,72	271,39179
774,97	288,81846
775,22	310,01846
775,47	350,37846
775,72	409,67846
775,97	512,61179
776,22	653,54513
776,47	829,15846
776,72	964,14513
776,97	1030,36513
777,22	1021,00513
777,47	996,11846
777,73	989,57846
777,98	992,54513
778,23	948,73179
778,48	836,70513
778,73	685,30513
778,98	557,60513
779,23	467,73846
779,48	401,84513
779,73	349,31179
779,98	307,83846
780,23	282,55179
780,48	264,21846
780,73	254,28513
780,98	245,73846
781,24	237,10513
781,49	224,93179
781,74	211,54513
781,99	205,96513
782,24	202,55846
782,49	200,08513
782,74	194,96513
782,99	191,25846
783,24	188,99179
783,49	187,93846
783,74	184,07846
783,99	185,13846
784,24	180,65846
784,49	178,55846
784,74	174,47846
784,99	176,05846
785,24	170,92513
785,49	163,39846
785,75	168,32513
786,00	174,93846
786,25	175,69846
786,50	167,23846
786,75	161,55846
787,00	166,91846
787,25	167,35179
787,50	170,49846
787,75	167,59179
788,00	172,73179
788,25	165,38513
788,50	163,17846
788,75	158,02513
789,00	159,13179
789,25	158,24513
789,50	154,70513
789,75	156,31846
790,00	160,39846
790,25	162,00513
790,50	171,07846
790,75	174,13846
791,00	175,20513
791,25	173,64513
791,50	171,55846
791,75	176,91846
792,01	191,10513
792,26	214,36513
792,51	249,65846
792,76	268,67179
793,01	278,05846
793,26	266,31846
793,51	266,80513
793,76	287,69846
794,01	317,77179
794,26	330,37179
794,51	319,13179
794,76	295,38513
795,01	280,83846
795,26	268,63846
795,51	264,13846
795,76	252,43179
796,01	243,63179
796,26	226,82513
796,51	209,39846
796,76	188,30513
797,01	172,58513
797,26	166,10513
797,51	158,41846
797,76	160,29846
798,01	156,12513
798,26	159,57179
798,51	152,04513
798,76	143,48513
799,01	137,11846
799,26	130,83846
799,51	130,84513
799,76	129,76513
800,01	134,48513
800,26	132,21846
800,51	132,70513
800,76	129,07846
801,01	130,20513
801,26	126,51846
801,51	124,70513
801,76	123,61179
802,01	120,73846
802,26	122,59846
802,51	127,15179
802,76	128,66513
803,01	126,42513
803,26	119,25846
803,51	117,41846
803,76	117,63846
804,01	120,21846
804,26	118,02513
804,51	114,60513
804,76	110,85179
805,01	111,81179
805,26	110,75179
805,51	110,91179
805,76	109,25846
806,01	120,91846
806,26	125,29179
806,51	127,37179
806,76	116,36513
807,01	112,97179
807,26	114,29179
807,51	116,33846
807,76	123,81846
808,01	143,87846
808,26	181,92513
808,50	228,43179
808,75	260,28513
809,00	262,62513
809,25	247,97179
809,50	231,73179
809,75	246,84513
810,00	249,16513
810,25	237,13846
810,50	203,09846
810,75	174,51846
811,00	163,89846
811,25	150,38513
811,50	148,64513
811,75	141,37846
812,00	134,83179
812,25	127,69179
812,50	117,61179
812,75	115,67846
813,00	113,11846
813,25	114,77846
813,50	114,11846
813,75	111,06513
814,00	113,13846
814,25	113,74513
814,50	120,79846
814,74	119,18513
814,99	124,21179
815,24	118,35179
815,49	122,31846
815,74	121,47179
815,99	131,42513
816,24	136,02513
816,49	141,43179
816,74	150,78513
816,99	158,01846
817,24	176,14513
817,49	193,47179
817,74	238,75179
817,99	277,77179
818,24	309,79846
818,49	318,07846
818,74	315,84513
818,98	322,28513
819,23	330,51846
819,48	344,76513
819,73	335,49846
819,98	326,89846
820,23	316,20513
820,48	341,05846
820,73	382,17846
820,98	437,13179
821,23	469,40513
821,48	484,81179
821,73	487,50513
821,98	494,02513
822,23	494,38513
822,47	484,28513
822,72	454,35179
822,97	419,95179
823,22	386,55846
823,47	363,63179
823,72	344,16513
823,97	324,63846
824,22	300,95846
824,47	272,62513
824,72	253,71179
824,97	238,72513
825,22	224,23846
825,46	201,56513
825,71	181,01179
825,96	163,17179
826,21	148,79846
826,46	135,84513
826,71	127,19179
826,96	126,46513
827,21	120,81179
827,46	116,55179
827,71	107,41179
827,96	103,13846
828,20	102,33179
828,45	100,61179
828,70	101,39846
828,95	96,64513
829,20	94,07846
829,45	90,47846
829,70	90,09846
829,95	88,94513
830,20	87,89179
830,45	91,36513
830,69	91,75179
830,94	91,19179
831,19	87,45846
831,44	82,65179
831,69	82,83846
831,94	79,76513
832,19	82,05179
832,44	77,13179
832,69	75,79846
832,93	75,79846
833,18	81,27846
833,43	80,81179
833,68	78,53179
833,93	78,55179
834,18	79,10513
834,43	80,14513
834,68	75,81179
834,92	73,09179
835,17	73,25179
835,42	75,53179
835,67	78,61179
835,92	75,68513
836,17	71,63846
836,42	69,26513
836,67	63,54513
836,91	67,99179
837,16	68,21846
837,41	69,07179
837,66	73,54513
837,91	79,26513
838,16	84,07179
838,41	77,97179
838,66	70,79179
838,90	74,09179
839,15	72,43179
839,40	75,56513
839,65	69,65179
839,90	69,93846
840,15	72,12513
840,40	70,72513
840,64	75,23179
840,89	71,27846
841,14	78,15179
841,39	78,03846
841,64	79,77179
841,89	82,96513
842,14	80,20513
842,38	92,69179
842,63	97,57846
842,88	105,11179
843,13	106,35846
843,38	120,71179
843,63	145,82513
843,87	184,73846
844,12	215,37846
844,37	232,70513
844,62	224,34513
844,87	213,61179
845,12	215,87846
845,37	214,62513
845,61	200,01846
845,86	168,37846
846,11	141,47846
846,36	121,35846
846,61	109,40513
846,86	100,20513
847,10	95,60513
847,35	95,12513
847,60	89,64513
847,85	84,21179
848,10	76,96513
848,35	75,29179
848,59	75,95179
848,84	70,42513
849,09	71,45179
849,34	67,19179
849,59	68,60513
849,84	60,86513
850,08	63,59179
850,33	60,51846
850,58	62,45846
850,83	63,51846
851,08	60,52513
851,32	57,53846
851,57	54,96513
851,82	62,97179
852,07	65,03179
852,32	69,04513
852,57	61,53179
852,81	66,81179
853,06	59,37179
853,31	64,30513
853,56	58,61179
853,81	59,04513
854,05	58,43846
854,30	57,99179
854,55	59,20513
854,80	56,77846
855,05	66,17179
855,29	67,49179
855,54	70,82513
855,79	65,92513
856,04	67,04513
856,29	71,79179
856,53	76,66513
856,78	78,73846
857,03	74,28513
857,28	73,19179
857,53	73,95179
857,77	80,86513
858,02	78,45179
858,27	78,88513
858,52	79,63846
858,77	85,99846
859,01	92,86513
859,26	96,57846
859,51	98,72513
859,76	95,31846
860,01	94,65846
860,25	92,43846
860,50	94,13846
860,75	90,02513
861,00	90,29846
861,25	89,31846
861,49	91,73846
861,74	94,92513
861,99	100,53179
862,24	116,99846
862,48	134,91846
862,73	147,61179
862,98	146,03179
863,23	146,92513
863,48	150,25846
863,72	155,48513
863,97	152,08513
864,22	142,96513
864,47	125,29179
864,71	112,71846
864,96	111,33179
865,21	114,81179
865,46	114,53846
865,70	111,02513
865,95	110,45846
866,20	118,91846
866,45	133,06513
866,70	152,31846
866,94	179,89846
867,19	216,01846
867,44	272,30513
867,69	324,36513
867,93	353,54513
868,18	356,67179
868,43	350,91846
868,68	345,86513
868,92	329,11179
869,17	294,55846
869,42	263,15846
869,67	234,71179
869,91	215,45846
870,16	195,55846
870,41	191,59179
870,66	198,53846
870,90	207,66513
871,15	203,51846
871,40	193,59846
871,65	184,89179
871,89	176,21179
872,14	162,65179
872,39	146,72513
872,64	133,57179
872,88	117,67179
873,13	99,73846
873,38	84,95179
873,63	84,74513
873,87	80,44513
874,12	72,16513
874,37	60,71179
874,62	60,23179
874,86	62,14513
875,11	62,31179
875,36	58,90513
875,60	53,85846
875,85	53,33179
876,10	54,22513
876,35	56,07179
876,59	50,81179
876,84	45,85846
877,09	45,84513
877,34	48,44513
877,58	47,20513
877,83	44,43179
878,08	41,36513
878,32	39,72513
878,57	37,22513
878,82	39,70513
879,07	39,95179
879,31	41,16513
879,56	39,30513
879,81	37,59846
880,06	35,95179
880,30	32,95846
880,55	41,71846
880,80	43,79179
881,04	45,05179
881,29	47,08513
881,54	52,15846
881,79	52,95179
882,03	42,27179
882,28	42,31846
882,53	43,55846
882,77	47,32513
883,02	42,39846
883,27	39,75846
883,51	35,09179
883,76	36,10513
884,01	38,53846
884,26	38,33179
884,50	35,12513
884,75	28,40513
885,00	29,45846
885,24	28,56513
885,49	30,38513
885,74	35,41846
885,98	31,69846
886,23	29,50513
886,48	24,83179
886,73	31,75846
886,97	35,57846
887,22	31,81846
887,47	25,99846
887,71	22,78513
887,96	23,91179
888,21	27,73179
888,45	30,13846
888,70	33,49846
888,95	29,35179
889,19	27,37846
889,44	26,39846
889,69	29,62513
889,93	26,15846
890,18	26,39846
890,43	26,57179
890,67	30,15179
890,92	25,95179
891,17	28,72513
891,42	31,43179
891,66	38,83846
891,91	36,57179
892,16	35,14513
892,40	35,58513
892,65	34,50513
892,90	33,01846
893,14	28,37846
893,39	28,76513
893,64	28,32513
893,88	23,93846
894,13	26,32513
894,38	27,96513
894,62	28,28513
894,87	22,58513
895,12	18,30513
895,36	20,61846
895,61	20,83179
895,86	22,80513
896,10	20,20513
896,35	21,28513
896,60	17,68513
896,84	18,47179
897,09	19,41179
897,33	24,50513
897,58	25,23179
897,83	25,47846
898,07	23,89846
898,32	24,43846
898,57	25,99179
898,81	29,43846
899,06	34,41846
899,31	42,75179
899,55	42,71179
899,80	35,83179
900,05	26,50513
900,29	23,91846
900,54	31,63846
900,79	31,70513
901,03	32,60513
901,28	30,59179
901,52	35,92513
901,77	42,51846
902,02	47,00513
902,26	42,50513
902,51	39,63846
902,76	34,32513
903,00	41,01846
903,25	42,67179
903,50	49,81846
903,74	51,55179
903,99	57,47179
904,23	68,02513
904,48	78,53846
904,73	89,79179
904,97	92,31179
905,22	95,47179
905,47	88,66513
905,71	84,88513
905,96	75,80513
906,20	74,07179
906,45	66,54513
906,70	63,00513
906,94	55,81179
907,19	51,11179
907,44	43,85179
907,68	39,30513
907,93	37,37846
908,17	31,48513
908,42	32,01179
908,67	26,83179
908,91	33,00513
909,16	34,44513
909,40	34,25846
909,65	29,13179
909,90	25,27846
910,14	25,19179
910,39	21,99179
910,63	23,45179
910,88	28,20513
911,13	37,02513
911,37	35,20513
911,62	29,97179
911,86	23,43179
912,11	23,53846
912,36	26,41179
912,60	26,79846
912,85	29,42513
913,09	28,64513
913,34	31,95846
913,59	23,78513
913,83	24,83179
914,08	21,46513
914,32	28,54513
914,57	28,49179
914,82	31,38513
915,06	30,20513
915,31	27,41846
915,55	28,03179
915,80	30,01179
916,05	27,84513
916,29	21,68513
916,54	17,29179
916,78	21,78513
917,03	25,98513
917,27	25,41179
917,52	21,49179
917,77	22,92513
918,01	25,04513
918,26	22,43179
918,50	17,81179
918,75	15,77846
919,00	17,50513
919,24	16,66513
919,49	13,76513
919,73	17,07179
919,98	17,15179
920,22	20,71846
920,47	18,55179
920,72	16,26513
920,96	13,67846
921,21	13,28513
921,45	16,99179
921,70	15,07179
921,94	18,57179
922,19	20,39179
922,43	22,77179
922,68	28,24513
922,93	28,37846
923,17	26,55179
923,42	15,96513
923,66	15,33846
923,91	17,21846
924,15	20,10513
924,40	20,37179
924,64	20,33846
924,89	21,20513
925,14	23,13846
925,38	25,87846
925,63	32,19846
925,87	37,71179
926,12	46,21179
926,36	47,42513
926,61	47,44513
926,85	72,23179
927,10	72,64513
927,35	73,11179
927,59	49,31846
927,84	45,93846
928,08	45,30513
928,33	39,08513
928,57	38,56513
928,82	36,91179
929,06	36,83846
929,31	35,05179
929,55	31,78513
929,80	32,72513
930,04	31,25179
930,29	28,47179
930,54	25,61179
930,78	24,38513
931,03	22,67846
931,27	24,21179
931,52	22,83179
931,76	24,22513
932,01	16,21846
932,25	16,44513
932,50	20,24513
932,74	22,80513
932,99	26,43846
933,23	20,04513
933,48	21,57179
933,72	18,38513
933,97	16,73846
934,21	23,24513
934,46	27,11846
934,70	33,66513
934,95	26,43179
935,19	16,79179
935,44	10,67846
935,68	10,84513
935,93	15,27179
936,18	18,26513
936,42	17,23846
936,67	15,64513
936,91	18,16513
937,16	26,51846
937,40	26,77179
937,65	20,47846
937,89	14,22513
938,14	18,52513
938,38	27,77846
938,63	38,29179
938,87	46,85846
939,12	55,42513
939,36	66,60513
939,61	69,74513
939,85	64,27179
940,10	47,14513
940,34	38,66513
940,59	32,44513
940,83	25,59846
941,08	23,67846
941,32	22,20513
941,57	25,63846
941,81	18,01846
942,06	15,68513
942,30	13,28513
942,55	16,77179
942,79	11,08513
943,03	11,23179
943,28	11,22513
943,52	22,32513
943,77	17,11179
944,01	12,11179
944,26	1,67179
944,50	0,15179
944,75	7,74513
944,99	14,21179
945,24	17,45846
945,48	17,56513
945,73	31,34513
945,97	30,37846
946,22	24,45846
946,46	8,59846
946,71	13,13846
946,95	14,27846
947,20	10,39846
947,44	6,02513
947,69	5,62513
947,93	6,13179
948,17	5,45179
948,42	4,09179
948,66	6,05179
948,91	4,62513
949,15	3,49179
949,40	1,29846
949,64	5,11179
949,89	6,29846
950,13	6,83846
950,38	3,09179
950,62	4,35846
950,87	6,55179
951,11	12,90513
951,35	9,50513
951,60	8,26513
951,84	3,11179
952,09	5,59846
952,33	6,05179
952,58	8,84513
952,82	4,96513
953,07	1,21846
953,31	1,99846
953,56	5,95846
953,80	7,30513
954,04	-1,86821
954,29	-7,40154
954,53	-9,52821
954,78	-5,56154
955,02	-2,40821
955,27	-0,68821
955,51	-0,58821
955,76	-1,23487
956,00	-0,69487
956,24	-2,34821
956,49	0,23179
956,73	3,41846
956,98	5,85846
957,22	10,83179
957,47	13,15846
957,71	10,79846
957,95	8,55846
958,20	6,45179
958,44	12,38513
958,69	7,62513
958,93	5,93179
959,18	3,43179
959,42	7,06513
959,66	4,26513
959,91	-0,14821
960,15	-4,06821
960,40	-3,38154
960,64	-0,68821
960,89	2,20513
961,13	35,40513
961,37	40,20513
961,62	40,98513
961,86	10,43179
962,11	8,57179
962,35	2,62513
962,59	0,87179
962,84	-5,75487
963,08	-0,35487
963,33	-0,03487
963,57	2,14513
963,81	-1,03487
964,06	0,10513
964,30	5,69179
964,55	1,71846
964,79	8,43179
965,04	9,65846
965,28	11,71846
965,52	4,79179
965,77	0,07179
966,01	3,31846
966,26	1,95179
966,50	3,35846
966,74	4,97179
966,99	8,27179
967,23	7,30513
967,48	4,78513
967,72	2,34513
967,96	-0,10821
968,21	1,90513
968,45	-0,28821
968,69	1,08513
968,94	4,64513
969,18	3,78513
969,43	0,79179
969,67	-4,18154
969,91	1,36513
970,16	5,47846
970,40	4,19846
970,65	-0,01487
970,89	-6,57487
971,13	-4,76821
971,38	-3,03487
971,62	8,71179
971,86	7,30513
972,11	8,41846
972,35	0,83846
972,60	3,03846
972,84	6,39179
973,08	7,13179
973,33	4,60513
973,57	2,18513
973,81	4,66513
974,06	4,91179
974,30	-0,76821
974,55	0,03846
974,79	4,37846
975,03	7,93179
975,28	6,01179
975,52	-1,22154
975,76	-0,44154
976,01	-1,72154
976,25	3,21179
976,50	1,40513
976,74	4,66513
976,98	5,51846
977,23	4,51179
977,47	4,88513
977,71	3,61179
977,96	0,65846
978,20	-5,64821
978,44	-9,22821
978,69	-1,34154
978,93	2,35179
979,17	5,15179
979,42	2,26513
979,66	2,24513
979,90	4,90513
980,15	11,09846
980,39	12,03179
980,64	6,68513
980,88	4,77179
981,12	4,54513
981,37	3,66513
981,61	1,11179
981,85	-3,10821
982,10	1,17179
982,34	-6,60821
982,58	-2,83487
982,83	-8,22154
983,07	-4,19487
983,31	-5,13487
983,56	-4,50154
983,80	-3,17487
984,04	-2,34821
984,29	3,96513
984,53	5,11179
984,77	4,15179
985,02	3,47179
985,26	-2,26154
985,50	4,02513
985,75	0,39179
985,99	6,03179
986,23	-1,49487
986,48	0,18513
986,72	-1,53487
986,96	6,12513
987,20	6,97179
987,45	6,44513
987,69	-1,41487
987,93	1,14513
988,18	6,15846
988,42	10,78513
988,66	8,29846
988,91	3,15179
989,15	-0,83487
989,39	-3,86821
989,64	-6,77487
989,88	-4,92821
990,12	-4,54821
990,37	0,54513
990,61	0,29846
990,85	-0,85487
991,10	-5,96821
991,34	-6,85487
991,58	-6,30821
991,82	-5,46821
992,07	-5,84154
992,31	-2,91487
992,55	-4,26821
992,80	-5,44821
993,04	-4,57487
993,28	3,01179
993,53	4,11846
993,77	1,43179
994,01	-6,34821
994,25	-6,81487
994,50	-4,94821
994,74	-0,64821
994,98	-1,90154
995,23	-2,41487
995,47	-1,26821
995,71	-0,41487
995,95	-0,55487
996,20	2,41179
996,44	4,35846
996,68	2,65846
996,93	-3,96821
997,17	-3,92821
997,41	-2,38154
997,65	-3,55487
997,90	-7,36154
998,14	-9,62821
998,38	-5,30154
998,63	-3,76154
998,87	-2,78154
999,11	-7,08821
999,35	-5,76821
999,60	-6,71487
999,84	-3,92154
1000,08	2,45179
1000,32	4,87179
1000,57	6,22513
1000,81	5,73846
1001,05	6,77846
1001,30	8,16513
1001,54	3,34513
1001,78	5,97179
1002,02	5,01179
1002,27	5,73846
1002,51	-0,54154
1002,75	-1,26154
1002,99	-4,84154
1003,24	-5,36154
1003,48	-4,39487
1003,72	-6,40154
1003,96	-3,46821
1004,21	-2,88821
1004,45	3,98513
1004,69	3,49179
1004,93	3,29179
1005,18	1,52513
1005,42	4,37846
1005,66	0,45179
1005,90	-1,26821
1006,15	-7,30821
1006,39	-1,97487
1006,63	3,51846
1006,87	9,73846
1007,12	7,44513
1007,36	6,16513
1007,60	5,52513
1007,84	2,35179
1008,09	0,67179
1008,33	-2,33487
1008,57	0,65846
1008,81	1,17179
1009,06	-0,33487
1009,30	-0,46154
1009,54	1,15846
1009,78	4,45179
1010,03	4,30513
1010,27	-0,82821
1010,51	-0,77487
1010,75	-0,64821
1010,99	3,74513
1011,24	4,77179
1011,48	12,95846
1011,72	11,76513
1011,96	14,39846
1012,21	9,17846
1012,45	8,52513
1012,69	6,54513
1012,93	3,43846
1013,18	5,61846
1013,42	3,32513
1013,66	3,65179
1013,90	-0,31487
1014,14	0,37846
1014,39	2,64513
1014,63	4,14513
1014,87	7,86513
1015,11	3,98513
1015,35	-1,86821
1015,60	0,89846
1015,84	4,13846
1016,08	5,75846
1016,32	-0,00821
1016,57	-3,21487
1016,81	-1,83487
1017,05	-1,18154
1017,29	0,36513
1017,53	1,39179
1017,78	-0,53487
1018,02	-2,82821
1018,26	-1,65487
1018,50	-2,41487
1018,74	2,51179
1018,99	-0,43487
1019,23	-2,35487
1019,47	-6,80154
1019,71	-3,10821
1019,95	0,46513
1020,20	-0,36154
1020,44	-3,20821
1020,68	-3,10154
1020,92	2,77846
1021,16	1,76513
1021,41	0,08513
1021,65	-7,11487
1021,89	-6,99487
1022,13	-8,40154
1022,37	-7,66154
1022,61	-8,73487
1022,86	-8,94821
1023,10	-3,26154
1023,34	-2,25487
1023,58	0,28513
1023,82	-6,28821
1024,07	-5,32154
1024,31	-1,70154
1024,55	0,39179
1024,79	3,46513
1025,03	-4,38154
1025,27	-2,46821
1025,52	-9,47487
1025,76	-7,95487
1026,00	-6,17487
1026,24	-3,94154
1026,48	-4,26154
1026,73	-5,68154
1026,97	1,05846
1027,21	4,31846
1027,45	5,36513
1027,69	0,09179
1027,93	0,89846
1028,18	0,18513
1028,42	3,11179
1028,66	2,82513
1028,90	2,37179
1029,14	0,40513
1029,38	-4,05487
1029,62	-0,68154
1029,87	0,13846
1030,11	5,01846
1030,35	-0,35487
1030,59	-1,39487
1030,83	-5,22821
1031,07	-6,81487
1031,32	-9,86821
1031,56	-2,96154
1031,80	1,41179
1032,04	6,77846
1032,28	0,05179
1032,52	-0,16154
1032,76	-2,25487
1033,01	-2,46154
1033,25	-1,81487
1033,49	-2,57487
1033,73	-3,74821
1033,97	-9,00821
1034,21	-12,17487
1034,45	-12,53487
1034,70	-13,67487
1034,94	-8,78154
1035,18	18,06513
1035,42	22,45846
1035,66	26,55179
1035,90	4,48513
1036,14	-1,18821
1036,39	-2,22154
1036,63	-6,65487
1036,87	4,63179
1037,11	0,81179
1037,35	3,26513
1037,59	1,69846
1037,83	6,18513
1038,07	13,87179
1038,32	8,88513
1038,56	3,87846
1038,80	3,95846
1039,04	7,70513
1039,28	11,56513
1039,52	3,50513
1039,76	-0,09487
1040,00	-0,56821
1040,25	-3,39487
1040,49	-4,39487
1040,73	-6,16154
1040,97	-4,11487
1041,21	1,41846
1041,45	2,82513
1041,69	7,92513
1041,93	-0,41487
1042,17	-1,60821
1042,42	-7,46821
1042,66	-5,27487
1042,90	-2,82821
1043,14	-5,42154
1043,38	-1,46821
1043,62	-4,99487
1043,86	-2,65487
1044,10	-2,24821
1044,34	3,93179
1044,59	6,48513
1044,83	4,41846
1045,07	-0,89487
1045,31	-0,56154
1045,55	-1,43487
1045,79	-9,06821
1046,03	-7,02821
1046,27	-4,16821
1046,51	2,77179
1046,75	-2,76821
1047,00	-5,30821
1047,24	-4,62821
1047,48	-3,22821
1047,72	-2,14154
1047,96	-4,06154
1048,20	-1,18821
1048,44	-0,46154
1048,68	-1,84821
1048,92	-4,52821
1049,16	-9,87487
1049,40	-8,75487
1049,64	-10,68821
1049,89	-3,97487
1050,13	-3,45487
1050,37	4,53846
1050,61	3,59179
1050,85	6,58513
1051,09	2,04513
1051,33	1,29846
1051,57	3,12513
1051,81	2,49179
1052,05	2,47179
1052,29	6,14513
1052,53	2,02513
1052,77	8,18513
1053,02	0,75846
1053,26	6,18513
1053,50	-0,10821
1053,74	-0,90821
1053,98	-2,84821
1054,22	-7,08154
1054,46	-6,24821
1054,70	-4,31487
1054,94	-4,26154
1055,18	-3,17487
1055,42	-0,53487
1055,66	0,33179
1055,90	-3,05487
1056,14	-5,72821
1056,38	0,98513
1056,62	1,01846
1056,86	1,92513
1057,11	-2,20821
1057,35	-2,39487
1057,59	-9,33487
1057,83	-6,48821
1058,07	-1,20154
1058,31	10,41179
1058,55	8,85846
1058,79	4,46513
1059,03	-6,37487
1059,27	-6,67487
1059,51	-6,80154
1059,75	-4,40821
1059,99	-8,22154
1060,23	-7,30821
1060,47	0,03179
1060,71	5,50513
1060,95	-0,03487
1061,19	-7,38154
1061,43	-10,50821
1061,67	-2,32821
1061,91	0,03179
1062,15	-2,73487
1062,39	-7,47487
1062,64	-4,80821
1062,88	-2,20821
1063,12	0,19846
1063,36	3,02513
1063,60	6,19846
1063,84	10,46513
1064,08	19,21179
1064,32	45,53179
1064,56	63,64513
1064,80	58,81846
1065,04	38,07846
1065,28	18,60513
1065,52	13,43179
1065,76	6,41846
1066,00	6,71846
1066,24	2,90513
1066,48	2,33846
1066,72	-0,83487
1066,96	-4,26154
1067,20	-8,31487
1067,44	-8,56821
1067,68	-6,37487
1067,92	-7,48821
1068,16	-6,02154
1068,40	-3,57487
1068,64	1,59179
1068,88	1,99846
1069,12	-3,68821
1069,36	-2,51487
1069,60	-6,52821
1069,84	2,13846
1070,08	-1,02821
1070,32	3,49846
1070,56	-2,18154
1070,80	-2,86821
1071,04	7,83179
1071,28	7,31179
1071,52	10,83179
1071,76	-2,76821
1072,00	0,65179
1072,24	-4,16154
1072,48	-3,33487
1072,72	-4,36821
1072,96	1,23179
1073,20	-2,80154
1073,44	0,41179
1073,68	-0,64821
1073,92	4,18513
1074,16	-1,64154
1074,40	-1,68154
1074,64	-4,61487
1074,88	-3,64821
1075,12	-2,62821
1075,36	-1,53487
1075,60	1,29846
1075,84	-2,00154
1076,08	-2,15487
1076,32	-4,94821
1076,56	-6,35487
1076,80	-5,49487
1077,04	-9,02154
1077,28	-8,40821
1077,52	-12,48154
1077,76	-13,37487
1078,00	-11,16821
1078,24	-0,60821
1078,48	2,27179
1078,71	0,56513
1078,95	-5,43487
1079,19	-7,94154
1079,43	-12,50154
1079,67	-12,34821
1079,91	-6,79487
1080,15	-3,18154
1080,39	-5,07487
1080,63	-4,75487
1080,87	-4,76821
1081,11	-4,21487
1081,35	-5,16821
1081,59	-1,22821
1081,83	-1,26154
1082,07	-5,11487
1082,31	-6,44154
1082,55	-6,94154
1082,79	-6,28154
1083,03	-5,08154
1083,27	-10,16821
1083,51	-6,48154
1083,75	-7,64154
1083,99	2,28513
1084,22	1,73846
1084,46	-0,12821
1084,70	-0,46154
1084,94	-2,57487
1085,18	-3,22821
1085,42	-9,62821
1085,66	-7,53487
1085,90	-6,28821
1086,14	-0,42821
1086,38	4,46513
1086,62	2,11179
1086,86	4,02513
1087,10	-1,74154
1087,34	1,31846
1087,58	-5,14821
1087,82	-6,25487
1088,06	-3,20821
1088,29	2,89179
1088,53	0,39846
1088,77	-4,65487
1089,01	-4,92154
1089,25	-2,15487
1089,49	0,21179
1089,73	-5,64154
1089,97	-2,65487
1090,21	-4,28154
1090,45	-2,04154
1090,69	-5,43487
1090,93	-7,36821
1091,17	-10,29487
1091,40	-3,55487
1091,64	-3,32154
1091,88	-3,05487
1092,12	-9,96154
1092,36	-7,72154
1092,60	-7,12154
1092,84	-2,58821
1093,08	0,69846
1093,32	3,96513
1093,56	3,98513
1093,80	6,21179
1094,04	3,79846
1094,27	-0,38821
1094,51	-1,36154
1094,75	1,13846
1094,99	2,95179
1095,23	0,15179
1095,47	26,69846
1095,71	24,91179
1095,95	22,36513
1096,19	-5,70821
1096,43	-2,04821
1096,66	-5,84821
1096,90	-7,50821
1097,14	-8,99487
1097,38	-9,80154
1097,62	-7,20821
1097,86	-8,07487
1098,10	-2,32154
1098,34	-0,35487
1098,58	-2,56821
1098,81	-1,70821
1099,05	-1,12821
1099,29	7,31846
1099,53	9,26513
1099,77	6,82513
1100,01	-2,10154
1100,25	-3,32821
1100,49	-3,98821
1100,73	4,87179
1100,96	9,45179
1101,20	13,25846
1101,44	3,00513
1101,68	-0,96154
1101,92	-4,96821
1102,16	-1,50821
1102,40	-0,08821
1102,64	2,45846
1102,87	4,24513
1103,11	0,27846
1103,35	-1,14154
1103,59	-3,33487
1103,83	-3,78154
1104,07	-0,35487
1104,31	0,27846
1104,55	0,09846
1104,78	-6,94154
1105,02	-3,91487
1105,26	-6,44154
1105,50	-2,17487
1105,74	-7,86821
1105,98	-4,34154
1106,22	-1,21487
1106,45	-0,56154
1106,69	-2,51487
1106,93	-3,96154
1107,17	-2,86154
1107,41	-3,41487
1107,65	-6,72154
1107,89	-4,79487
1108,12	-3,28154
1108,36	-7,78821
1108,60	-8,16154
1108,84	-6,92821
1109,08	-5,08154
1109,32	-4,44821
1109,55	-5,14821
1109,79	2,15846
1110,03	-0,84821
1110,27	-0,56821
1110,51	-6,03487
1110,75	-7,48821
1110,99	-9,00821
1111,22	-11,94154
1111,46	-10,57487
1111,70	-10,70154
1111,94	-12,53487
1112,18	-13,75487
1112,42	-11,66154
1112,65	-5,06154
1112,89	-2,41487
1113,13	-5,18821
1113,37	-4,25487
1113,61	-2,76154
1113,85	3,81179
1114,08	1,36513
1114,32	-2,47487
1114,56	-3,20821
1114,80	-3,94154
1115,04	1,64513
1115,28	-3,66821
1115,51	-0,53487
1115,75	-0,72821
1115,99	0,87846
1116,23	-0,04821
1116,47	-0,28821
1116,70	-2,08821
1116,94	-5,38154
1117,18	-4,94154
1117,42	-5,18154
1117,66	-1,62821
1117,90	-7,45487
1118,13	-7,70821
1118,37	-14,42154
1118,61	-12,89487
1118,85	-8,77487
1119,09	-9,18154
1119,32	-5,54154
1119,56	-6,40821
1119,80	-5,50821
1120,04	-10,28154
1120,28	-6,98154
1120,51	-5,87487
1120,75	-2,74821
1120,99	-8,42154