194,56	-61,01846
194,83	-61,01846
195,09	-58,65846
195,36	-38,81846
195,63	-18,81846
195,90	-3,35846
196,17	-6,35179
196,44	-10,10513
196,71	-5,54513
196,97	-2,12513
197,24	5,70154
197,51	-1,90513
197,78	2,18154
198,05	1,84154
198,32	7,10154
198,59	1,44821
198,86	2,90154
199,12	1,29487
199,39	4,44154
199,66	4,08154
199,93	8,44821
200,20	7,84821
200,47	2,43487
200,74	0,95487
201,00	-0,85846
201,27	1,16154
201,54	-2,47179
201,81	4,26821
202,08	-0,62513
202,35	2,67487
202,61	0,41487
202,88	15,64821
203,15	11,56821
203,42	9,02154
203,69	-1,05846
203,96	0,69487
204,23	0,36154
204,49	-1,54513
204,76	6,22821
205,03	9,82154
205,30	10,48821
205,57	5,87487
205,84	6,13487
206,10	12,56154
206,37	14,02154
206,64	15,06154
206,91	13,25487
207,18	8,94154
207,45	8,86821
207,71	5,18154
207,98	9,15487
208,25	4,42154
208,52	2,67487
208,79	1,10154
209,06	3,73487
209,32	6,22154
209,59	8,12154
209,86	1,25487
210,13	4,50154
210,40	7,03487
210,67	15,57487
210,93	13,58821
211,20	5,92154
211,47	4,10154
211,74	10,74821
212,01	12,16821
212,28	16,10154
212,54	15,90154
212,81	17,03487
213,08	13,96821
213,35	10,99487
213,62	14,88154
213,88	16,87487
214,15	13,13487
214,42	9,63487
214,69	10,86821
214,96	11,77487
215,23	18,25487
215,49	14,35487
215,76	14,29487
216,03	12,58821
216,30	9,12154
216,57	4,21487
216,83	2,76154
217,10	4,86821
217,37	10,26154
217,64	15,71487
217,91	18,91487
218,17	11,32821
218,44	-1,07179
218,71	-1,71846
218,98	4,31487
219,25	14,33487
219,51	15,32821
219,78	14,70154
220,05	9,36154
220,32	5,72821
220,59	7,57487
220,85	8,04821
221,12	12,41487
221,39	16,09487
221,66	17,44154
221,93	12,62154
222,19	4,61487
222,46	7,94821
222,73	11,28821
223,00	20,04154
223,27	15,28821
223,53	14,84154
223,80	11,33487
224,07	14,36821
224,34	19,38154
224,61	17,42154
224,87	11,80154
225,14	2,65487
225,41	2,58154
225,68	9,63487
225,94	14,20154
226,21	16,50154
226,48	11,31487
226,75	12,29487
227,02	7,98821
227,28	10,00821
227,55	4,77487
227,82	7,66821
228,09	0,32821
228,36	0,60821
228,62	1,04154
228,89	7,59487
229,16	9,86821
229,43	9,17487
229,69	7,80821
229,96	8,14821
230,23	4,94821
230,50	9,14821
230,76	6,64821
231,03	8,82821
231,30	6,97487
231,57	9,47487
231,84	8,74821
232,10	6,69487
232,37	6,42821
232,64	3,32154
232,91	3,93487
233,17	6,97487
233,44	10,84821
233,71	11,95487
233,98	5,30154
234,24	5,00154
234,51	11,00154
234,78	14,36154
235,05	18,04821
235,31	13,16154
235,58	12,20154
235,85	6,36821
236,12	0,80821
236,39	6,94821
236,65	10,24821
236,92	24,07487
237,19	22,80154
237,46	32,71487
237,72	23,58154
237,99	17,75487
238,26	7,96154
238,53	13,22154
238,79	12,79487
239,06	13,38154
239,33	4,55487
239,60	2,91487
239,86	-1,61179
240,13	-1,27179
240,40	-1,85179
240,67	7,83487
240,93	11,92154
241,20	12,00821
241,47	3,66154
241,73	2,03487
242,00	4,96154
242,27	8,04821
242,54	9,72154
242,80	9,52821
243,07	10,91487
243,34	9,48821
243,61	19,96154
243,87	15,12154
244,14	14,30154
244,41	2,98154
244,68	4,92154
244,94	6,27487
245,21	8,37487
245,48	11,54821
245,74	9,74154
246,01	13,76821
246,28	10,37487
246,55	9,29487
246,81	2,15487
247,08	4,38154
247,35	7,22821
247,62	8,20154
247,88	2,46821
248,15	4,66821
248,42	14,76154
248,68	16,98154
248,95	12,10821
249,22	4,76821
249,49	6,66154
249,75	7,22154
250,02	9,54154
250,29	8,38821
250,56	12,32154
250,82	14,54821
251,09	15,66821
251,36	18,03487
251,62	9,70821
251,89	10,40154
252,16	13,72154
252,43	22,34821
252,69	20,06154
252,96	10,78154
253,23	8,39487
253,49	9,90821
253,76	12,72821
254,03	18,18154
254,29	18,81487
254,56	19,07487
254,83	11,52154
255,10	5,44821
255,36	3,92154
255,63	6,76821
255,90	13,88821
256,16	14,66821
256,43	7,97487
256,70	10,01487
256,96	8,96154
257,23	12,08154
257,50	9,07487
257,77	12,66154
258,03	12,37487
258,30	13,73487
258,57	7,18154
258,83	9,34154
259,10	7,20154
259,37	8,74821
259,63	4,12821
259,90	8,78154
260,17	7,70821
260,43	10,07487
260,70	5,95487
260,97	12,45487
261,24	14,80154
261,50	15,38821
261,77	11,75487
262,04	7,80154
262,30	4,38821
262,57	3,65487
262,84	6,72821
263,10	14,62154
263,37	17,85487
263,64	12,61487
263,90	6,30154
264,17	3,36821
264,44	5,40154
264,70	4,04154
264,97	8,17487
265,24	15,73487
265,50	20,25487
265,77	19,68154
266,04	15,28154
266,30	11,59487
266,57	4,56154
266,84	3,35487
267,10	3,92821
267,37	13,39487
267,64	14,78154
267,90	19,63487
268,17	16,10821
268,44	13,27487
268,70	5,88821
268,97	-1,45179
269,24	0,95487
269,50	5,56821
269,77	12,10821
270,04	15,42154
270,30	12,50821
270,57	13,16821
270,84	5,44154
271,10	10,16821
271,37	7,54821
271,64	15,56821
271,90	23,72154
272,17	25,02154
272,44	20,91487
272,70	11,07487
272,97	9,36154
273,24	7,20154
273,50	9,20154
273,77	12,94154
274,04	14,54154
274,30	12,32821
274,57	9,78821
274,84	14,12154
275,10	15,14821
275,37	14,55487
275,64	8,44821
275,90	2,64154
276,17	1,03487
276,43	4,96821
276,70	5,38154
276,97	4,39487
277,23	6,90821
277,50	8,54154
277,77	6,92821
278,03	-1,49179
278,30	2,76821
278,57	3,41487
278,83	6,06821
279,10	6,46821
279,37	4,24154
279,63	4,72821
279,90	7,13487
280,16	13,94154
280,43	16,92154
280,70	13,64154
280,96	17,80154
281,23	18,22821
281,50	14,51487
281,76	9,14154
282,03	8,05487
282,29	10,08154
282,56	9,96154
282,83	8,54821
283,09	6,27487
283,36	8,57487
283,63	8,53487
283,89	11,77487
284,16	11,11487
284,42	13,47487
284,69	13,48154
284,96	12,48154
285,22	10,51487
285,49	11,98821
285,76	12,08821
286,02	18,86154
286,29	19,46821
286,55	18,29487
286,82	11,04154
287,09	6,17487
287,35	10,62154
287,62	8,96154
287,88	10,58154
288,15	3,80821
288,42	2,24154
288,68	6,59487
288,95	10,40821
289,22	16,40821
289,48	15,10821
289,75	17,03487
290,01	16,91487
290,28	10,49487
290,55	9,81487
290,81	5,22821
291,08	10,98154
291,34	14,20154
291,61	20,66154
291,88	20,70154
292,14	12,80821
292,41	11,77487
292,67	17,12821
292,94	22,65487
293,21	21,01487
293,47	17,94821
293,74	17,34154
294,00	13,96154
294,27	8,64154
294,54	7,50154
294,80	11,26821
295,07	17,70154
295,33	16,07487
295,60	17,70154
295,86	15,25487
296,13	13,25487
296,40	8,86154
296,66	12,12821
296,93	24,72821
297,19	31,72154
297,46	29,53487
297,73	26,09487
297,99	23,27487
298,26	21,10821
298,52	15,92821
298,79	15,32821
299,05	12,01487
299,32	18,36821
299,59	24,32821
299,85	30,32154
300,12	27,96821
300,38	25,06821
300,65	23,68821
300,92	29,62821
301,18	29,81487
301,45	37,68154
301,71	32,56154
301,98	39,42821
302,24	42,46154
302,51	48,00821
302,78	48,17487
303,04	45,29487
303,31	47,75487
303,57	52,28154
303,84	54,44154
304,10	50,76821
304,37	50,04821
304,63	55,19487
304,90	61,68154
305,17	65,17487
305,43	63,00821
305,70	70,80154
305,96	70,93487
306,23	72,54154
306,49	71,12154
306,76	73,22154
307,03	75,88154
307,29	74,34821
307,56	78,94821
307,82	81,50821
308,09	83,51487
308,35	82,46154
308,62	87,83487
308,88	86,52154
309,15	88,90821
309,42	88,02154
309,68	92,55487
309,95	94,22154
310,21	92,27487
310,48	95,98154
310,74	98,26154
311,01	108,16821
311,27	106,64821
311,54	103,65487
311,80	97,66821
312,07	104,58154
312,34	110,23487
312,60	109,50154
312,87	109,26821
313,13	114,39487
313,40	117,15487
313,66	118,67487
313,93	111,30821
314,19	118,41487
314,46	115,38154
314,72	121,78154
314,99	117,64821
315,25	115,48821
315,52	109,34821
315,78	106,91487
316,05	108,04821
316,32	109,88154
316,58	110,51487
316,85	114,47487
317,11	115,78821
317,38	117,06821
317,64	116,30154
317,91	115,84821
318,17	117,58821
318,44	118,97487
318,70	118,61487
318,97	119,98821
319,23	124,77487
319,50	126,92821
319,76	127,22821
320,03	124,01487
320,29	128,82154
320,56	131,68821
320,82	135,66154
321,09	137,84821
321,36	142,52154
321,62	145,22154
321,89	146,13487
322,15	147,20821
322,42	150,66154
322,68	161,41487
322,95	174,70821
323,21	188,44154
323,48	195,46821
323,74	204,23487
324,01	214,22821
324,27	229,26154
324,54	247,90821
324,80	278,61487
325,07	313,00154
325,33	344,28821
325,60	344,96154
325,86	330,60821
326,13	297,94821
326,39	277,64154
326,66	260,41487
326,92	260,53487
327,19	270,14821
327,45	289,26821
327,72	317,26154
327,98	338,38821
328,25	347,68821
328,51	331,27487
328,78	308,78154
329,04	287,84821
329,31	273,72154
329,57	265,83487
329,84	261,60154
330,10	263,33487
330,37	266,52154
330,63	264,40821
330,90	264,75487
331,16	269,82154
331,43	275,04821
331,69	280,36154
331,96	277,70821
332,22	276,33487
332,49	274,42154
332,75	267,31487
333,01	261,02154
333,28	255,54821
333,54	256,28821
333,81	268,32821
334,07	272,02821
334,34	276,24154
334,60	275,28154
334,87	280,14821
335,13	288,53487
335,40	287,44154
335,66	285,16821
335,93	281,90821
336,19	282,90821
336,46	290,84154
336,72	288,16154
336,99	291,46154
337,25	289,06821
337,52	294,28821
337,78	298,45487
338,05	297,42821
338,31	300,26154
338,57	303,10821
338,84	304,95487
339,10	304,07487
339,37	300,30821
339,63	303,05487
339,90	305,60821
340,16	307,60154
340,43	306,06154
340,69	308,73487
340,96	309,38154
341,22	315,06154
341,49	310,61487
341,75	311,95487
342,01	316,16821
342,28	327,20154
342,54	344,24821
342,81	357,12821
343,07	373,72821
343,34	380,80154
343,60	394,59487
343,87	398,70821
344,13	408,44821
344,40	424,95487
344,66	445,61487
344,92	468,08154
345,19	471,75487
345,45	478,50154
345,72	481,98821
345,98	484,08821
346,25	479,56821
346,51	469,62821
346,78	461,98154
347,04	463,24154
347,30	461,82154
347,57	465,13487
347,83	463,32821
348,10	470,26821
348,36	475,06154
348,63	483,58154
348,89	484,22821
349,15	486,34821
349,42	480,34154
349,68	476,63487
349,95	472,15487
350,21	477,33487
350,48	481,12821
350,74	486,86821
351,01	487,20821
351,27	494,57487
351,53	496,94154
351,80	499,53487
352,06	504,34154
352,33	511,06154
352,59	515,74154
352,86	517,56154
353,12	520,35487
353,38	529,53487
353,65	522,17487
353,91	515,94821
354,18	506,99487
354,44	512,80154
354,70	507,14821
354,97	497,02821
355,23	486,93487
355,50	482,49487
355,76	486,56821
356,03	485,98154
356,29	492,98154
356,55	491,47487
356,82	491,08821
357,08	488,24154
357,35	489,50154
357,61	499,88154
357,87	507,17487
358,14	511,69487
358,40	510,97487
358,67	519,51487
358,93	527,84821
359,20	539,88821
359,46	547,65487
359,72	557,80821
359,99	568,84821
360,25	588,80154
360,52	609,06821
360,78	617,04821
361,04	610,81487
361,31	592,90821
361,57	577,23487
361,84	566,08821
362,10	566,54821
362,36	569,32821
362,63	573,68154
362,89	569,42821
363,16	567,08821
363,42	562,10154
363,68	557,54821
363,95	556,10154
364,21	549,76154
364,47	551,68154
364,74	549,02154
365,00	547,37487
365,27	544,74154
365,53	544,79487
365,79	551,42821
366,06	558,36821
366,32	565,48154
366,59	558,06821
366,85	552,68154
367,11	544,29487
367,38	547,26154
367,64	545,76821
367,91	545,45487
368,17	542,88821
368,43	542,20154
368,70	545,66821
368,96	548,14154
369,22	556,60821
369,49	558,54154
369,75	557,19487
370,02	550,01487
370,28	544,02821
370,54	544,20821
370,81	542,61487
371,07	542,88821
371,33	552,35487
371,60	543,82154
371,86	538,80154
372,13	527,34154
372,39	535,17487
372,65	542,37487
372,92	548,18154
373,18	553,86821
373,44	553,77487
373,71	547,31487
373,97	543,40821
374,23	543,58821
374,50	555,73487
374,76	557,12154
375,03	559,72821
375,29	556,28821
375,55	558,57487
375,82	556,33487
376,08	550,06154
376,34	554,16821
376,61	548,37487
376,87	545,70154
377,13	533,02821
377,40	538,06154
377,66	547,56821
377,92	556,86154
378,19	559,90154
378,45	558,76154
378,72	552,60154
378,98	552,30154
379,24	546,43487
379,51	551,77487
379,77	550,24154
380,03	545,28154
380,30	550,35487
380,56	550,76154
380,82	561,98154
381,09	557,76154
381,35	560,84821
381,61	558,54821
381,88	565,47487
382,14	572,36154
382,40	580,48821
382,67	579,53487
382,93	576,32821
383,19	572,38154
383,46	572,99487
383,72	577,30154
383,98	585,75487
384,25	594,06821
384,51	602,32821
384,77	604,69487
385,04	610,88154
385,30	608,75487
385,56	620,15487
385,83	626,30154
386,09	637,16821
386,35	638,80821
386,62	641,07487
386,88	644,84154
387,14	642,43487
387,41	636,77487
387,67	633,65487
387,93	633,41487
388,20	635,56154
388,46	632,18821
388,72	632,98821
388,99	635,83487
389,25	639,02154
389,51	637,67487
389,78	637,86821
390,04	641,72821
390,30	651,14821
390,56	651,58154
390,83	652,17487
391,09	654,26154
391,35	658,12821
391,62	666,80154
391,88	673,02821
392,14	682,51487
392,41	684,72821
392,67	684,02821
392,93	683,75487
393,20	678,90821
393,46	677,03487
393,72	669,50154
393,99	667,81487
394,25	669,59487
394,51	669,99487
394,77	679,59487
395,04	684,50821
395,30	695,52821
395,56	698,98821
395,83	695,84821
396,09	694,88154
396,35	696,67487
396,62	701,48154
396,88	712,98821
397,14	715,40821
397,40	733,08154
397,67	740,90154
397,93	752,54821
398,19	759,67487
398,46	770,20154
398,72	790,72154
398,98	804,51487
399,24	821,74821
399,51	834,88821
399,77	851,79487
400,03	860,72821
400,30	861,22154
400,56	865,98821
400,82	861,42821
401,08	850,07487
401,35	832,39487
401,61	827,37487
401,87	825,21487
402,14	825,62154
402,40	823,88821
402,66	833,82154
402,92	837,16154
403,19	839,10821
403,45	839,79487
403,71	832,94821
403,98	833,98821
404,24	828,14821
404,50	834,58821
404,76	841,16154
405,03	851,01487
405,29	858,05487
405,55	862,22821
405,81	868,96821
406,08	871,64821
406,34	872,04154
406,60	880,07487
406,87	894,65487
407,13	905,92154
407,39	896,28821
407,65	880,86821
407,92	865,38154
408,18	858,06154
408,44	849,97487
408,70	837,78821
408,97	825,54821
409,23	818,24821
409,49	813,87487
409,75	810,15487
410,02	804,33487
410,28	798,11487
410,54	798,73487
410,80	801,73487
411,07	804,57487
411,33	804,50154
411,59	792,06154
411,85	794,49487
412,12	793,12821
412,38	799,41487
412,64	797,76154
412,90	791,54154
413,17	786,23487
413,43	773,98154
413,69	773,53487
413,95	774,01487
414,22	774,60154
414,48	767,31487
414,74	761,58821
415,00	762,80821
415,27	765,52154
415,53	771,04154
415,79	769,05487
416,05	767,78154
416,32	765,15487
416,58	772,34821
416,84	779,02821
417,10	777,01487
417,37	771,07487
417,63	768,34154
417,89	773,00821
418,15	776,06154
418,41	778,36821
418,68	779,96821
418,94	779,32154
419,20	773,96821
419,46	773,92821
419,73	773,58821
419,99	778,98154
420,25	776,10821
420,51	792,40821
420,78	788,88821
421,04	783,40821
421,30	764,32154
421,56	766,81487
421,82	772,64821
422,09	779,32821
422,35	776,52821
422,61	781,58821
422,87	809,88154
423,14	813,90154
423,40	815,36154
423,66	786,69487
423,92	792,70154
424,18	792,83487
424,45	791,94154
424,71	787,70154
424,97	791,52154
425,23	793,52821
425,49	795,24821
425,76	798,43487
426,02	810,54821
426,28	821,85487
426,54	822,52154
426,81	819,38154
427,07	815,74821
427,33	813,66154
427,59	819,66821
427,85	829,10154
428,12	845,82821
428,38	839,26821
428,64	815,31487
428,90	780,38154
429,16	762,50821
429,43	752,06821
429,69	746,74154
429,95	740,66154
430,21	736,08154
430,47	737,35487
430,74	728,04821
431,00	725,64154
431,26	714,67487
431,52	717,89487
431,78	720,98821
432,05	730,89487
432,31	742,72821
432,57	743,20821
432,83	739,85487
433,09	733,13487
433,35	739,96821
433,62	745,99487
433,88	751,01487
434,14	751,18821
434,40	756,75487
434,66	764,58821
434,93	767,69487
435,19	772,71487
435,45	770,39487
435,71	782,56821
435,97	785,68154
436,23	786,49487
436,50	781,14821
436,76	777,87487
437,02	781,02154
437,28	778,75487
437,54	782,22821
437,81	780,42154
438,07	784,01487
438,33	787,77487
438,59	793,59487
438,85	789,60154
439,11	772,01487
439,38	765,27487
439,64	762,92154
439,90	772,07487
440,16	777,50821
440,42	784,79487
440,68	792,84821
440,95	790,63487
441,21	801,00821
441,47	808,94821
441,73	820,61487
441,99	827,46154
442,25	826,88821
442,52	830,88821
442,78	820,40154
443,04	822,20821
443,30	822,11487
443,56	832,20821
443,82	840,51487
444,08	848,05487
444,35	850,24821
444,61	847,64821
444,87	842,17487
445,13	845,54154
445,39	838,06154
445,65	834,96154
445,92	814,04154
446,18	808,05487
446,44	794,94154
446,70	790,53487
446,96	784,95487
447,22	785,03487
447,48	782,35487
447,75	775,81487
448,01	772,13487
448,27	762,58821
448,53	761,87487
448,79	761,30821
449,05	768,00821
449,31	764,38821
449,58	764,38154
449,84	769,14821
450,10	779,33487
450,36	780,08154
450,62	783,64154
450,88	790,08821
451,14	803,42821
451,41	811,44154
451,67	810,73487
451,93	803,07487
452,19	794,68154
452,45	790,18154
452,71	790,27487
452,97	785,69487
453,23	792,96821
453,50	798,18821
453,76	806,37487
454,02	801,78154
454,28	798,39487
454,54	798,56821
454,80	795,62154
455,06	782,80821
455,32	765,98154
455,59	750,93487
455,85	742,20154
456,11	739,44821
456,37	740,20154
456,63	743,29487
456,89	749,44821
457,15	764,46821
457,41	783,14154
457,68	805,56154
457,94	817,11487
458,20	832,37487
458,46	847,70154
458,72	870,31487
458,98	902,58154
459,24	929,73487
459,50	950,71487
459,76	944,65487
460,03	925,72154
460,29	918,22821
460,55	925,12154
460,81	940,26154
461,07	945,24154
461,33	957,84154
461,59	975,89487
461,85	985,06154
462,11	994,54154
462,37	998,62821
462,64	1015,50154
462,90	1020,44821
463,16	1039,42154
463,42	1061,58154
463,68	1090,40154
463,94	1107,15487
464,20	1114,42821
464,46	1113,48821
464,72	1119,40154
464,98	1118,14154
465,24	1128,32821
465,51	1134,90821
465,77	1147,91487
466,03	1112,54154
466,29	1052,19487
466,55	988,51487
466,81	957,43487
467,07	947,51487
467,33	935,18154
467,59	932,74821
467,85	923,24154
468,11	912,48821
468,38	897,50154
468,64	888,90821
468,90	884,48154
469,16	887,31487
469,42	885,94821
469,68	889,44154
469,94	895,14154
470,20	902,93487
470,46	907,39487
470,72	903,56821
470,98	897,76154
471,24	890,08821
471,50	877,14154
471,77	861,11487
472,03	849,80821
472,29	835,93487
472,55	831,27487
472,81	829,03487
473,07	831,64821
473,33	822,74821
473,59	816,51487
473,85	807,52821
474,11	811,90154
474,37	809,20154
474,63	810,22154
474,89	818,34154
475,15	829,53487
475,41	848,12154
475,68	853,84821
475,94	867,10154
476,20	875,81487
476,46	893,31487
476,72	897,04154
476,98	910,42154
477,24	919,56154
477,50	933,58154
477,76	949,42154
478,02	970,12821
478,28	992,65487
478,54	1004,22821
478,80	1021,42821
479,06	1038,06821
479,32	1059,24821
479,58	1064,50821
479,84	1073,92821
480,10	1072,47487
480,36	1079,95487
480,63	1078,37487
480,89	1071,35487
481,15	1058,80154
481,41	1045,60821
481,67	1041,04154
481,93	1039,58821
482,19	1039,04821
482,45	1041,70154
482,71	1041,12154
482,97	1043,46821
483,23	1045,91487
483,49	1056,14821
483,75	1068,42154
484,01	1081,50154
484,27	1088,50154
484,53	1103,16821
484,79	1124,46154
485,05	1137,27487
485,31	1152,54821
485,57	1157,84821
485,83	1176,44821
486,09	1187,02154
486,35	1203,55487
486,61	1214,45487
486,87	1229,86821
487,13	1244,44154
487,39	1262,72821
487,65	1268,39487
487,91	1270,44821
488,17	1267,52821
488,43	1269,70154
488,70	1279,02821
488,96	1290,60154
489,22	1303,24821
489,48	1319,61487
489,74	1335,66154
490,00	1359,74821
490,26	1375,49487
490,52	1396,86154
490,78	1415,05487
491,04	1435,08821
491,30	1465,24154
491,56	1491,02154
491,82	1513,61487
492,08	1528,24154
492,34	1552,52821
492,60	1574,82154
492,86	1596,66154
493,12	1607,01487
493,38	1623,24154
493,64	1633,02154
493,90	1644,51487
494,16	1645,84154
494,42	1649,06821
494,68	1658,26821
494,94	1682,51487
495,20	1699,28154
495,46	1714,65487
495,72	1718,52154
495,98	1731,80821
496,24	1739,25487
496,50	1758,96154
496,76	1788,58154
497,02	1818,60821
497,28	1850,58154
497,54	1891,36154
497,80	1938,02154
498,06	1987,77487
498,32	2033,02154
498,58	2106,50154
498,84	2181,90821
499,10	2275,96821
499,36	2361,51487
499,62	2458,86154
499,88	2540,03487
500,14	2599,86821
500,40	2640,15487
500,66	2672,17487
500,92	2685,02154
501,18	2655,16154
501,44	2587,26154
501,69	2507,41487
501,95	2436,57487
502,21	2373,27487
502,47	2308,72154
502,73	2246,67487
502,99	2187,20154
503,25	2140,52821
503,51	2109,83487
503,77	2082,10821
504,03	2066,72154
504,29	2042,15487
504,55	2022,17487
504,81	1987,08821
505,07	1953,69487
505,33	1924,82821
505,59	1902,60821
505,85	1890,79487
506,11	1880,02821
506,37	1873,40821
506,63	1861,82821
506,89	1855,79487
507,15	1858,11487
507,41	1858,75487
507,67	1858,66821
507,93	1857,77487
508,19	1864,73487
508,45	1862,08821
508,71	1857,85487
508,97	1874,76821
509,23	1949,88821
509,49	2067,44821
509,74	2190,06154
510,00	2267,66154
510,26	2296,75487
510,52	2293,25487
510,78	2393,04821
511,04	2584,92154
511,30	2604,21487
511,56	2372,60154
511,82	2042,22821
512,08	1887,10821
512,34	1879,64821
512,60	1872,69487
512,86	1879,22154
513,12	1888,52154
513,38	1936,72154
513,64	2035,48154
513,90	2193,85487
514,16	2406,96821
514,42	2614,13487
514,67	2787,94154
514,93	2900,04821
515,19	2944,55487
515,45	3010,61487
515,71	3222,84154
515,97	3292,98821
516,23	3059,97487
516,49	2602,43487
516,75	2287,52154
517,01	2199,89487
517,27	2153,14821
517,53	2105,48821
517,79	2068,32154
518,05	2035,73487
518,31	2012,88821
518,56	1987,92821
518,82	1978,21487
519,08	1971,48154
519,34	1992,84821
519,60	2026,77487
519,86	2110,57487
520,12	2252,57487
520,38	2506,38154
520,64	2846,27487
520,90	3185,75487
521,16	3459,25487
521,42	3605,19487
521,68	3669,72154
521,93	3762,03487
522,19	4085,74154
522,45	4239,74821
522,71	3833,70154
522,97	3043,63487
523,23	2386,28821
523,49	2167,16821
523,75	2063,22154
524,01	1966,91487
524,27	1869,31487
524,53	1789,36154
524,79	1722,20821
525,04	1673,39487
525,30	1624,39487
525,56	1592,11487
525,82	1563,80154
526,08	1543,94154
526,34	1515,55487
526,60	1503,76154
526,86	1489,94821
527,12	1485,29487
527,38	1473,06154
527,63	1477,64821
527,89	1493,52821
528,15	1520,55487
528,41	1548,30154
528,67	1576,90154
528,93	1602,88154
529,19	1609,10821
529,45	1616,17487
529,71	1643,47487
529,97	1658,64154
530,22	1634,80154
530,48	1570,07487
530,74	1514,58821
531,00	1487,71487
531,26	1472,93487
531,52	1459,63487
531,78	1442,68154
532,04	1429,87487
532,30	1423,35487
532,55	1427,14821
532,81	1424,23487
533,07	1416,31487
533,33	1405,29487
533,59	1394,32821
533,85	1386,99487
534,11	1396,62154
534,37	1406,16821
534,62	1419,43487
534,88	1409,65487
535,14	1404,48821
535,40	1403,22154
535,66	1411,73487
535,92	1417,00821
536,18	1418,54154
536,44	1407,93487
536,69	1392,75487
536,95	1377,36821
537,21	1371,11487
537,47	1372,58154
537,73	1376,02154
537,99	1371,74821
538,25	1372,88821
538,51	1371,52821
538,76	1371,53487
539,02	1370,10154
539,28	1375,45487
539,54	1384,46154
539,80	1384,97487
540,06	1377,86154
540,32	1369,37487
540,57	1364,12154
540,83	1358,72821
541,09	1348,24154
541,35	1337,13487
541,61	1330,61487
541,87	1324,84154
542,13	1331,50821
542,38	1330,95487
542,64	1337,07487
542,90	1333,71487
543,16	1326,20821
543,42	1329,42154
543,68	1325,82154
543,94	1333,69487
544,19	1326,76821
544,45	1328,12154
544,71	1327,18821
544,97	1328,09487
545,23	1322,08821
545,49	1323,69487
545,74	1319,32821
546,00	1325,96821
546,26	1314,59487
546,52	1323,84154
546,78	1329,47487
547,04	1338,44821
547,29	1333,95487
547,55	1327,08154
547,81	1327,81487
548,07	1329,20154
548,33	1330,73487
548,59	1334,66821
548,84	1339,70154
549,10	1337,64154
549,36	1338,61487
549,62	1335,22154
549,88	1339,04154
550,14	1334,54154
550,39	1328,59487
550,65	1330,22821
550,91	1330,98821
551,17	1333,22154
551,43	1332,32154
551,69	1339,10821
551,94	1356,84154
552,20	1367,54154
552,46	1383,88821
552,72	1387,50821
552,98	1397,39487
553,24	1399,50821
553,49	1408,44821
553,75	1411,20154
554,01	1415,12154
554,27	1409,74821
554,53	1402,49487
554,78	1381,74154
555,04	1361,14154
555,30	1340,64154
555,56	1325,00154
555,82	1316,30821
556,07	1307,68154
556,33	1298,79487
556,59	1284,60154
556,85	1272,76154
557,11	1271,64154
557,37	1266,00821
557,62	1256,52154
557,88	1243,15487
558,14	1243,62821
558,40	1237,66821
558,66	1233,65487
558,91	1221,11487
559,17	1224,05487
559,43	1226,48154
559,69	1225,74821
559,95	1221,73487
560,20	1217,58154
560,46	1225,34154
560,72	1232,23487
560,98	1241,42154
561,24	1236,78821
561,49	1239,91487
561,75	1239,96821
562,01	1252,29487
562,27	1259,97487
562,52	1265,24154
562,78	1268,31487
563,04	1276,16154
563,30	1277,78154
563,56	1284,67487
563,81	1290,54821
564,07	1309,50821
564,33	1334,08154
564,59	1352,00154
564,85	1372,54154
565,10	1408,02821
565,36	1447,16154
565,62	1490,57487
565,88	1514,70154
566,13	1555,46821
566,39	1599,81487
566,65	1655,21487
566,91	1699,48821
567,17	1730,90154
567,42	1755,96821
567,68	1759,91487
567,94	1759,57487
568,20	1740,78821
568,45	1723,15487
568,71	1694,26821
568,97	1653,36821
569,23	1624,62821
569,49	1586,69487
569,74	1559,10154
570,00	1512,52821
570,26	1496,09487
570,52	1495,50821
570,77	1479,42154
571,03	1429,96154
571,29	1364,94154
571,55	1326,58821
571,80	1295,50821
572,06	1267,34154
572,32	1241,79487
572,58	1233,54154
572,83	1220,76154
573,09	1205,82154
573,35	1190,82154
573,61	1179,66821
573,86	1176,26154
574,12	1165,10821
574,38	1163,06154
574,64	1155,34154
574,89	1156,59487
575,15	1159,45487
575,41	1155,94154
575,67	1153,18154
575,92	1140,28154
576,18	1146,39487
576,44	1158,40154
576,70	1190,35487
576,95	1246,98154
577,21	1314,20154
577,47	1380,48821
577,73	1427,53487
577,98	1445,86154
578,24	1456,50154
578,50	1512,66154
578,76	1596,50154
579,01	1551,97487
579,27	1409,28154
579,53	1244,03487
579,79	1184,60154
580,04	1153,40821
580,30	1115,34821
580,56	1090,02821
580,81	1073,74154
581,07	1068,12154
581,33	1059,08821
581,59	1052,56821
581,84	1054,64821
582,10	1057,85487
582,36	1061,84154
582,62	1058,86154
582,87	1058,39487
583,13	1064,74154
583,39	1065,64821
583,64	1070,50154
583,90	1062,58154
584,16	1060,62154
584,42	1056,15487
584,67	1057,36154
584,93	1060,14154
585,19	1060,42154
585,45	1062,52821
585,70	1058,72821
585,96	1061,50821
586,22	1057,59487
586,47	1053,10154
586,73	1050,07487
586,99	1047,59487
587,25	1049,67487
587,50	1046,90821
587,76	1045,38821
588,02	1049,46154
588,27	1057,94154
588,53	1072,14821
588,79	1072,96821
589,04	1071,16821
589,30	1077,05487
589,56	1085,22821
589,82	1095,04821
590,07	1094,70821
590,33	1093,67487
590,59	1092,73487
590,84	1094,90821
591,10	1105,76821
591,36	1119,54154
591,61	1129,97487
591,87	1144,50821
592,13	1157,21487
592,39	1173,64154
592,64	1188,59487
592,90	1197,67487
593,16	1210,32821
593,41	1219,22821
593,67	1228,20821
593,93	1226,23487
594,18	1222,50821
594,44	1218,94821
594,70	1206,73487
594,95	1191,90821
595,21	1176,96821
595,47	1158,99487
595,73	1143,28154
595,98	1127,24821
596,24	1113,54821
596,50	1091,38154
596,75	1078,79487
597,01	1073,35487
597,27	1068,15487
597,52	1056,98154
597,78	1043,83487
598,04	1037,00154
598,29	1021,19487
598,55	1018,81487
598,81	1009,35487
599,06	1010,34154
599,32	999,59487
599,58	1002,86154
599,83	993,33487
600,09	993,24154
600,35	989,56154
600,60	991,22821
600,86	991,63487
601,12	991,08154
601,37	992,69487
601,63	984,28154
601,89	979,02154
602,14	972,72154
602,40	973,70821
602,66	968,90154
602,91	965,09487
603,17	965,84821
603,43	968,54821
603,68	972,57487
603,94	965,83487
604,20	962,14821
604,45	954,96821
604,71	954,84154
604,97	952,90821
605,22	953,70821
605,48	953,96154
605,74	954,82821
605,99	956,02154
606,25	953,33487
606,51	951,08821
606,76	943,14154
607,02	947,64154
607,27	942,70154
607,53	949,04154
607,79	944,52821
608,04	943,52154
608,30	937,91487
608,56	933,34821
608,81	938,84154
609,07	942,47487
609,33	950,64154
609,58	951,78821
609,84	951,80154
610,10	951,52154
610,35	947,26154
610,61	946,18821
610,86	941,63487
611,12	942,81487
611,38	940,38821
611,63	938,40154
611,89	936,87487
612,15	940,50821
612,40	935,48154
612,66	930,18821
612,92	921,66821
613,17	929,30821
613,43	935,21487
613,68	943,82821
613,94	940,78154
614,20	940,46821
614,45	938,45487
614,71	948,58821
614,97	946,70821
615,22	951,86154
615,48	949,04821
615,73	957,34154
615,99	957,74821
616,25	961,46821
616,50	967,52821
616,76	971,72821
617,01	973,96821
617,27	967,20154
617,53	965,88821
617,78	972,32154
618,04	978,64821
618,30	982,40154
618,55	969,71487
618,81	967,63487
619,06	958,69487
619,32	959,02821
619,58	954,07487
619,83	956,53487
620,09	955,36821
620,34	952,73487
620,60	945,84154
620,86	944,86154
621,11	944,14821
621,37	950,97487
621,62	949,09487
621,88	945,38821
622,14	938,12154
622,39	939,76821
622,65	941,92154
622,90	939,60154
623,16	937,10821
623,42	934,89487
623,67	930,19487
623,93	929,72154
624,18	923,68821
624,44	934,70821
624,70	933,22154
624,95	932,26821
625,21	926,26821
625,46	924,64821
625,72	933,51487
625,98	930,40821
626,23	933,21487
626,49	928,10154
626,74	928,34154
627,00	929,24154
627,25	930,63487
627,51	934,24154
627,77	926,94821
628,02	918,37487
628,28	910,65487
628,53	908,40821
628,79	911,86821
629,04	904,61487
629,30	900,07487
629,56	899,08821
629,81	901,59487
630,07	903,12154
630,32	897,77487
630,58	904,38821
630,83	900,82821
631,09	899,79487
631,35	890,29487
631,60	890,79487
631,86	889,30821
632,11	891,52154
632,37	882,74154
632,62	875,10154
632,88	869,17487
633,14	870,10154
633,39	871,82821
633,65	876,37487
633,90	879,27487
634,16	878,26821
634,41	867,52154
634,67	865,63487
634,93	868,17487
635,18	875,90154
635,44	868,93487
635,69	864,01487
635,95	862,94821
636,20	872,14154
636,46	872,46821
636,71	870,98154
636,97	866,36154
637,22	866,88821
637,48	861,95487
637,74	863,08154
637,99	863,78154
638,25	868,50154
638,50	861,82821
638,76	861,20154
639,01	854,69487
639,27	853,88154
639,52	853,36821
639,78	854,42821
640,03	855,20821
640,29	849,12154
640,55	848,21487
640,80	844,89487
641,06	841,01487
641,31	844,92154
641,57	847,87487
641,82	854,40821
642,08	852,70821
642,33	854,03487
642,59	854,45487
642,84	854,92154
643,10	852,46154
643,35	851,02821
643,61	850,64154
643,87	853,02821
644,12	855,64154
644,38	852,18821
644,63	857,13487
644,89	863,60821
645,14	871,88154
645,40	871,53487
645,65	877,03487
645,91	880,76154
646,16	895,70154
646,42	905,51487
646,67	913,16154
646,93	919,12821
647,18	925,43487
647,44	934,97487
647,69	941,28821
647,95	943,57487
648,20	948,45487
648,46	950,30821
648,71	952,15487
648,97	952,46821
649,22	952,56154
649,48	948,38821
649,73	942,01487
649,99	936,13487
650,24	942,24821
650,50	944,68821
650,75	946,10821
651,01	942,24821
651,26	945,22821
651,52	944,50821
651,77	945,03487
652,03	945,52154
652,28	950,62154
652,54	963,21487
652,79	983,77487
653,05	1002,10154
653,30	1018,72154
653,56	1029,86821
653,81	1050,78821
654,07	1080,31487
654,32	1118,71487
654,58	1167,25487
654,83	1224,17487
655,09	1285,52821
655,34	1353,68821
655,60	1419,55487
655,85	1475,02154
656,11	1522,24154
656,36	1548,83487
656,62	1566,26821
656,87	1553,44154
657,13	1517,68154
657,38	1467,08821
657,64	1406,00821
657,89	1346,22154
658,15	1278,08821
658,40	1216,39487
658,66	1167,13487
658,91	1127,50821
659,17	1097,98821
659,42	1066,20154
659,68	1040,30154
659,93	1015,25487
660,19	997,15487
660,44	986,04154
660,70	978,26821
660,95	968,50821
661,20	954,62821
661,46	937,33487
661,71	922,31487
661,97	909,22154
662,22	901,04821
662,48	892,16821
662,73	881,68154
662,99	874,26154
663,24	868,38154
663,50	856,47487
663,75	847,04154
664,01	829,34821
664,26	829,89487
664,52	819,48154
664,77	821,63487
665,02	819,66154
665,28	818,14154
665,53	811,78821
665,79	807,17487
666,04	803,93487
666,30	800,14821
666,55	794,93487
666,81	786,98821
667,06	779,48154
667,32	774,01487
667,57	767,09487
667,82	759,76154
668,08	751,05487
668,33	744,82154
668,59	737,82821
668,84	733,49487
669,10	725,85487
669,35	739,20154
669,61	728,40821
669,86	731,77487
670,11	710,44154
670,37	713,77487
670,62	709,35487
670,88	710,96154
671,13	701,74821
671,39	693,21487
671,64	688,86154
671,90	692,07487
672,15	695,92821
672,40	695,80154
672,66	692,70154
672,91	699,74821
673,17	705,33487
673,42	712,58821
673,68	710,38154
673,93	709,05487
674,18	707,49487
674,44	707,48821
674,69	705,43487
674,95	703,28821
675,20	692,82821
675,46	683,23487
675,71	669,23487
675,96	667,10821
676,22	660,19487
676,47	658,60821
676,73	650,97487
676,98	647,94154
677,23	646,54154
677,49	645,22154
677,74	646,07487
678,00	636,38821
678,25	633,06154
678,51	631,86821
678,76	626,66154
679,01	623,18821
679,27	610,76154
679,52	610,62821
679,78	607,30154
680,03	609,28154
680,28	607,18821
680,54	603,94154
680,79	597,48154
681,05	597,49487
681,30	593,40154
681,55	594,37487
681,81	593,33487
682,06	597,88154
682,32	598,39487
682,57	599,15487
682,82	593,30821
683,08	589,84821
683,33	578,40154
683,59	581,62154
683,84	576,99487
684,09	582,16154
684,35	574,84154
684,60	576,92821
684,86	572,17487
685,11	578,84821
685,36	577,27487
685,62	582,81487
685,87	568,11487
686,13	564,80154
686,38	554,48821
686,63	563,42154
686,89	568,62821
687,14	579,52821
687,40	575,70821
687,65	573,66154
687,90	568,10154
688,16	566,73487
688,41	562,66154
688,66	558,58154
688,92	558,38154
689,17	554,46154
689,43	552,86154
689,68	553,84154
689,93	558,59487
690,19	561,36821
690,44	555,27487
690,69	552,06154
690,95	550,89487
691,20	557,44821
691,46	555,11487
691,71	558,68154
691,96	555,36821
692,22	557,13487
692,47	549,88154
692,72	545,68821
692,98	542,33487
693,23	539,44154
693,49	542,54821
693,74	542,71487
693,99	544,63487
694,25	540,50821
694,50	537,89487
694,75	535,65487
695,01	527,14154
695,26	527,72154
695,51	524,78154
695,77	524,44154
696,02	519,14821
696,27	519,39487
696,53	523,74154
696,78	527,09487
697,04	527,43487
697,29	523,94821
697,54	520,92821
697,80	514,84821
698,05	513,91487
698,30	508,56821
698,56	505,48154
698,81	503,82821
699,06	503,83487
699,32	501,10821
699,57	499,76154
699,82	502,40821
700,08	500,90821
700,33	497,10821
700,58	492,56154
700,84	491,51487
701,09	488,85487
701,34	485,12154
701,60	486,36821
701,85	486,62821
702,10	487,10154
702,36	486,63487
702,61	481,56154
702,86	476,84154
703,12	470,72154
703,37	473,80821
703,62	471,76154
703,88	470,86821
704,13	464,10821
704,38	466,69487
704,64	471,86154
704,89	473,19487
705,14	472,63487
705,40	468,97487
705,65	466,61487
705,90	460,59487
706,16	452,47487
706,41	453,79487
706,66	451,96821
706,92	451,58821
707,17	450,26821
707,42	454,99487
707,68	452,07487
707,93	449,21487
708,18	443,49487
708,44	449,46821
708,69	447,66821
708,94	447,32821
709,19	442,23487
709,45	444,27487
709,70	438,74154
709,95	437,45487
710,21	430,75487
710,46	430,24154
710,71	432,83487
710,97	431,42821
711,22	431,34821
711,47	424,44154
711,73	424,36821
711,98	423,16821
712,23	421,46154
712,48	419,82821
712,74	418,50821
712,99	420,14154
713,24	418,26154
713,50	420,25487
713,75	425,88821
714,00	431,19487
714,26	434,30821
714,51	439,41487
714,76	451,95487
715,01	462,20154
715,27	474,26154
715,52	477,04154
715,77	485,21487
716,03	485,86821
716,28	490,72154
716,53	491,82821
716,78	483,29487
717,04	476,56821
717,29	465,37487
717,54	458,57487
717,80	444,67487
718,05	435,51487
718,30	427,85487
718,55	426,46154
718,81	421,22154
719,06	420,50154
719,31	416,36154
719,57	409,74821
719,82	403,39487
720,07	399,67487
720,32	397,12154
720,58	397,18821
720,83	392,08821
721,08	390,74154
721,33	385,70154
721,59	387,89487
721,84	388,84821
722,09	391,07487
722,35	387,60821
722,60	381,97487
722,85	377,27487
723,10	374,85487
723,36	373,74821
723,61	369,88821
723,86	369,33487
724,11	371,95487
724,37	368,66821
724,62	365,82154
724,87	360,96154
725,12	361,94154
725,38	359,39487
725,63	357,98821
725,88	354,11487
726,13	355,20821
726,39	349,21487
726,64	355,60821
726,89	354,38154
727,14	356,21487
727,40	352,80154
727,65	354,74821
727,90	358,42154
728,15	357,87487
728,41	350,19487
728,66	350,14154
728,91	345,83487
729,16	348,38154
729,42	346,48821
729,67	349,42821
729,92	343,78821
730,17	341,67487
730,43	338,58154
730,68	345,25487
730,93	345,52154
731,18	345,30154
731,44	342,08154
731,69	338,53487
731,94	337,63487
732,19	340,27487
732,45	341,23487
732,70	345,38154
732,95	339,69487
733,20	336,71487
733,45	333,42821
733,71	336,16821
733,96	334,79487
734,21	335,24821
734,46	333,41487
734,72	333,71487
734,97	332,57487
735,22	330,86154
735,47	332,96154
735,72	331,37487
735,98	329,74821
736,23	329,62821
736,48	330,59487
736,73	334,31487
736,99	332,63487
737,24	334,34821
737,49	332,91487
737,74	335,43487
737,99	340,31487
738,25	344,37487
738,50	344,81487
738,75	338,24821
739,00	338,12154
739,25	341,90821
739,51	342,08154
739,76	344,97487
740,01	345,68154
740,26	352,45487
740,52	356,53487
740,77	373,74154
741,02	387,21487
741,27	410,02154
741,52	433,56154
741,78	463,14821
742,03	483,82154
742,28	495,84154
742,53	510,79487
742,78	539,20821
743,04	581,84154
743,29	636,00154
743,54	679,02821
743,79	697,06154
744,04	688,58821
744,30	678,26821
744,55	676,27487
744,80	691,66154
745,05	699,20821
745,30	699,93487
745,55	695,00821
745,81	725,24821
746,06	774,61487
746,31	822,21487
746,56	832,74154
746,81	828,26154
747,07	825,19487
747,32	833,21487
747,57	838,76821
747,82	812,34154
748,07	756,96821
748,32	678,65487
748,58	608,60821
748,83	548,15487
749,08	504,40154
749,33	470,26821
749,58	444,62154
749,84	422,57487
750,09	399,05487
750,34	382,20154
750,59	370,60154
750,84	361,32821
751,09	357,80821
751,35	350,30154
751,60	346,45487
751,85	333,10154
752,10	321,05487
752,35	319,29487
752,60	316,82821
752,86	316,63487
753,11	306,98154
753,36	302,46154
753,61	297,69487
753,86	293,74821
754,11	291,61487
754,37	285,08154
754,62	283,88821
754,87	281,93487
755,12	287,70154
755,37	289,17487
755,62	289,02154
755,87	281,92154
756,13	277,63487
756,38	277,58821
756,63	282,04821
756,88	287,78154
757,13	284,71487
757,38	282,78821
757,64	273,63487
757,89	271,64154
758,14	273,30154
758,39	270,25487
758,64	272,42154
758,89	265,66821
759,14	269,32821
759,40	266,36821
759,65	263,27487
759,90	259,72821
760,15	254,36821
760,40	248,65487
760,65	245,44154
760,90	244,97487
761,15	247,09487
761,41	249,58154
761,66	248,50821
761,91	253,24821
762,16	249,88154
762,41	255,89487
762,66	252,76154
762,91	256,94154
763,17	255,75487
763,42	258,34154
763,67	260,78821
763,92	259,76154
764,17	258,23487
764,42	253,77487
764,67	252,89487
764,92	255,17487
765,18	253,18154
765,43	248,11487
765,68	249,84821
765,93	252,84154
766,18	253,40154
766,43	249,09487
766,68	248,30154
766,93	247,28154
767,18	244,44154
767,44	244,40154
767,69	241,47487
767,94	243,94821
768,19	238,94154
768,44	241,03487
768,69	240,97487
768,94	245,70821
769,19	245,59487
769,44	245,65487
769,70	240,06821
769,95	243,18821
770,20	245,60154
770,45	253,58821
770,70	256,21487
770,95	254,17487
771,20	249,01487
771,45	253,40821
771,70	257,00821
771,95	259,78154
772,21	261,91487
772,46	264,00154
772,71	270,34821
772,96	271,82821
773,21	275,54154
773,46	285,12154
773,71	292,67487
773,96	300,23487
774,21	310,11487
774,46	325,44821
774,72	345,30154
774,97	368,63487
775,22	397,66154
775,47	450,21487
775,72	527,36154
775,97	662,00821
776,22	852,16154
776,47	1085,84821
776,72	1271,77487
776,97	1358,06821
777,22	1346,06154
777,47	1309,14821
777,73	1303,96154
777,98	1308,63487
778,23	1249,58154
778,48	1098,23487
778,73	894,30154
778,98	722,08154
779,23	598,06154
779,48	511,94821
779,73	443,16154
779,98	392,16154
780,23	358,68154
780,48	335,23487
780,73	320,17487
780,98	306,98154
781,24	295,51487
781,49	281,97487
781,74	268,86821
781,99	260,88821
782,24	256,00821
782,49	250,88821
782,74	245,61487
782,99	240,82154
783,24	236,77487
783,49	235,50821
783,74	231,77487
783,99	233,55487
784,24	227,11487
784,49	223,15487
784,74	219,17487
784,99	220,65487
785,24	216,90821
785,49	208,80154
785,75	214,27487
786,00	219,78154
786,25	221,38821
786,50	211,90821
786,75	205,02821
787,00	209,35487
787,25	210,15487
787,50	213,90154
787,75	210,98154
788,00	216,04821
788,25	209,15487
788,50	206,52154
788,75	200,87487
789,00	202,83487
789,25	200,86821
789,50	197,45487
789,75	197,33487
790,00	202,02154
790,25	204,46821
790,50	215,62821
790,75	219,65487
791,00	220,30154
791,25	218,60821
791,50	216,19487
791,75	221,43487
792,01	236,10154
792,26	261,04821
792,51	298,70154
792,76	317,88821
793,01	326,67487
793,26	315,44821
793,51	318,36154
793,76	344,98154
794,01	381,96821
794,26	401,75487
794,51	394,76821
794,76	370,92154
795,01	354,42154
795,26	341,68821
795,51	336,62154
795,76	323,22821
796,01	309,06821
796,26	288,41487
796,51	266,06154
796,76	242,07487
797,01	221,21487
797,26	210,96154
797,51	198,81487
797,76	199,60821
798,01	194,18154
798,26	196,98821
798,51	187,34154
798,76	178,20154
799,01	172,14821
799,26	166,12821
799,51	166,65487
799,76	164,40154
800,01	170,60821
800,26	166,77487
800,51	167,16821
800,76	162,42821
801,01	164,74821
801,26	161,29487
801,51	159,52154
801,76	157,14154
802,01	153,62821
802,26	152,64154
802,51	156,07487
802,76	158,81487
803,01	158,38154
803,26	151,84821
803,51	150,06821
803,76	150,23487
804,01	152,86154
804,26	149,39487
804,51	146,16821
804,76	142,84821
805,01	143,63487
805,26	142,59487
805,51	142,52154
805,76	141,68154
806,01	151,42821
806,26	154,80821
806,51	156,12821
806,76	145,09487
807,01	142,64154
807,26	144,50821
807,51	147,26154
807,76	154,30154
808,01	174,98154
808,26	215,78821
808,50	265,14154
808,75	297,18154
809,00	298,59487
809,25	281,96154
809,50	265,46821
809,75	282,85487
810,00	286,60821
810,25	271,38821
810,50	234,42154
810,75	205,60821
811,00	196,37487
811,25	181,82821
811,50	178,41487
811,75	172,46154
812,00	166,52821
812,25	159,79487
812,50	149,34821
812,75	146,31487
813,00	143,52821
813,25	144,72821
813,50	144,28154
813,75	141,15487
814,00	141,96154
814,25	143,06154
814,50	149,84821
814,74	150,72154
814,99	157,84821
815,24	152,83487
815,49	156,30154
815,74	153,54154
815,99	164,04154
816,24	170,61487
816,49	177,91487
816,74	188,96154
816,99	200,20821
817,24	225,88154
817,49	253,46154
817,74	311,57487
817,99	364,42821
818,24	407,30821
818,49	418,93487
818,74	414,12821
818,98	421,23487
819,23	431,55487
819,48	449,12821
819,73	435,07487
819,98	423,00821
820,23	411,98821
820,48	444,54154
820,73	499,04154
820,98	570,67487
821,23	617,62821
821,48	641,14821
821,73	645,77487
821,98	648,63487
822,23	646,78154
822,47	629,64821
822,72	592,69487
822,97	546,20821
823,22	504,21487
823,47	474,50821
823,72	448,75487
823,97	422,20154
824,22	389,86821
824,47	354,04154
824,72	331,61487
824,97	312,48154
825,22	291,94821
825,46	260,78154
825,71	232,07487
825,96	208,73487
826,21	189,25487
826,46	174,60154
826,71	164,50821
826,96	162,66154
827,21	154,43487
827,46	148,04154
827,71	136,02821
827,96	131,18154
828,20	128,82154
828,45	128,18821
828,70	129,42821
828,95	124,98154
829,20	121,86154
829,45	117,89487
829,70	117,06154
829,95	114,60821
830,20	112,14154
830,45	115,82154
830,69	115,72821
830,94	113,78821
831,19	109,20154
831,44	103,24821
831,69	104,08154
831,94	100,93487
832,19	104,76154
832,44	100,36821
832,69	98,67487
832,93	97,52821
833,18	101,64154
833,43	99,99487
833,68	97,13487
833,93	97,52821
834,18	99,41487
834,43	101,88821
834,68	96,48821
834,92	93,25487
835,17	92,48154
835,42	96,72821
835,67	100,08821
835,92	96,98154
836,17	92,44154
836,42	88,98821
836,67	83,69487
836,91	87,37487
837,16	88,63487
837,41	89,30154
837,66	92,60154
837,91	97,00154
838,16	102,40821
838,41	98,50154
838,66	91,50821
838,90	92,86154
839,15	90,69487
839,40	93,50821
839,65	89,30154
839,90	88,56154
840,15	91,52154
840,40	90,60821
840,64	95,62821
840,89	92,21487
841,14	98,72154
841,39	97,90821
841,64	99,92154
841,89	104,20154
842,14	103,42821
842,38	116,99487
842,63	122,54154
842,88	132,32154
843,13	136,68821
843,38	157,70154
843,63	192,68154
843,87	245,12821
844,12	285,11487
844,37	306,52154
844,62	294,04154
844,87	280,06154
845,12	283,12154
845,37	280,94154
845,61	262,83487
845,86	221,78821
846,11	187,69487
846,36	158,98821
846,61	141,04154
846,86	127,40821
847,10	119,96821
847,35	117,07487
847,60	110,10821
847,85	105,38154
848,10	97,16154
848,35	95,72821
848,59	95,08821
848,84	89,82154
849,09	89,52821
849,34	84,96154
849,59	85,92154
849,84	78,17487
850,08	79,70154
850,33	76,58154
850,58	77,47487
850,83	78,72821
851,08	75,81487
851,32	73,74154
851,57	71,71487
851,82	79,98154
852,07	82,06821
852,32	86,63487
852,57	79,21487
852,81	83,10154
853,06	75,41487
853,31	80,58821
853,56	75,80821
853,81	76,64821
854,05	75,37487
854,30	74,28154
854,55	74,04821
854,80	71,64821
855,05	83,02154
855,29	84,41487
855,54	88,26154
855,79	83,15487
856,04	88,44154
856,29	93,50821
856,53	99,97487
856,78	100,32821
857,03	96,98154
857,28	96,10154
857,53	97,46821
857,77	104,85487
858,02	101,36821
858,27	102,52154
858,52	105,22821
858,77	114,42821
859,01	123,48154
859,26	127,71487
859,51	129,58154
859,76	124,94821
860,01	123,78821
860,25	121,39487
860,50	122,50154
860,75	117,43487
861,00	115,85487
861,25	114,96821
861,49	116,26154
861,74	123,15487
861,99	132,86821
862,24	157,49487
862,48	181,87487
862,73	198,55487
862,98	196,28821
863,23	195,56821
863,48	197,80821
863,72	200,70821
863,97	193,23487
864,22	179,84154
864,47	160,70821
864,71	148,88821
864,96	147,26821
865,21	151,25487
865,46	148,90821
865,70	145,00821
865,95	144,66154
866,20	155,10821
866,45	173,12821
866,70	196,37487
866,94	232,53487
867,19	282,77487
867,44	362,12821
867,69	431,92821
867,93	469,69487
868,18	469,94154
868,43	461,60821
868,68	453,32154
868,92	432,16154
869,17	389,13487
869,42	346,30821
869,67	307,08154
869,91	281,62821
870,16	258,62821
870,41	252,64154
870,66	259,96821
870,90	271,59487
871,15	267,60154
871,40	255,13487
871,65	241,84154
871,89	227,36154
872,14	209,60821
872,39	190,95487
872,64	176,34154
872,88	156,05487
873,13	132,85487
873,38	113,52154
873,63	109,44821
873,87	101,49487
874,12	92,20154
874,37	79,37487
874,62	78,18154
874,86	79,91487
875,11	78,80821
875,36	74,88154
875,60	68,59487
875,85	67,62154
876,10	67,66821
876,35	68,22154
876,59	64,04154
876,84	58,40154
877,09	60,42154
877,34	62,19487
877,58	61,68154
877,83	56,48821
878,08	53,32821
878,32	51,90154
878,57	49,21487
878,82	51,90821
879,07	50,91487
879,31	52,21487
879,56	49,38821
879,81	48,90154
880,06	47,37487
880,30	44,26154
880,55	51,70154
880,80	54,08154
881,04	56,76154
881,29	59,74821
881,54	64,58154
881,79	63,22821
882,03	52,97487
882,28	53,50154
882,53	55,70821
882,77	59,48821
883,02	55,74154
883,27	53,96821
883,51	48,56821
883,76	47,16821
884,01	48,78821
884,26	46,78821
884,50	44,16154
884,75	36,92154
885,00	38,66821
885,24	36,98154
885,49	38,68821
885,74	42,44154
885,98	37,82154
886,23	36,10821
886,48	33,34154
886,73	41,86154
886,97	44,92154
887,22	41,13487
887,47	34,96154
887,71	31,31487
887,96	31,22154
888,21	34,52821
888,45	37,53487
888,70	41,74154
888,95	38,12821
889,19	35,00154
889,44	32,67487
889,69	35,30821
889,93	32,32821
890,18	34,68821
890,43	36,06821
890,67	39,92154
890,92	33,78154
891,17	35,57487
891,42	40,06821
891,66	48,30154
891,91	46,52821
892,16	43,93487
892,40	44,62821
892,65	42,93487
892,90	40,69487
893,14	35,68154
893,39	35,51487
893,64	33,60154
893,88	29,20821
894,13	31,37487
894,38	35,90154
894,62	37,42154
894,87	33,16821
895,12	27,09487
895,36	28,52821
895,61	29,21487
895,86	31,30821
896,10	29,75487
896,35	27,86821
896,60	24,10821
896,84	24,14154
897,09	27,64821
897,33	34,10821
897,58	34,94154
897,83	34,14821
898,07	31,30154
898,32	32,76154
898,57	34,18154
898,81	37,38154
899,06	40,55487
899,31	48,42821
899,55	49,86154
899,80	43,18154
900,05	35,24154
900,29	32,84821
900,54	41,55487
900,79	41,26821
901,03	41,38821
901,28	39,87487
901,52	47,00154
901,77	53,53487
902,02	57,65487
902,26	53,15487
902,51	51,03487
902,76	46,96154
903,00	54,97487
903,25	57,94821
903,50	65,78154
903,74	69,14154
903,99	78,66154
904,23	93,15487
904,48	106,06154
904,73	117,90821
904,97	120,15487
905,22	121,08154
905,47	113,74821
905,71	109,90821
905,96	100,40821
906,20	97,38821
906,45	86,92821
906,70	81,60821
906,94	74,31487
907,19	68,76821
907,44	60,08154
907,68	52,33487
907,93	49,20821
908,17	44,06154
908,42	45,12154
908,67	40,33487
908,91	45,75487
909,16	46,11487
909,40	43,99487
909,65	37,83487
909,90	34,22821
910,14	34,33487
910,39	31,32154
910,63	31,66821
910,88	36,82821
911,13	44,81487
911,37	43,43487
911,62	38,20821
911,86	32,47487
912,11	32,28154
912,36	34,91487
912,60	35,65487
912,85	39,00154
913,09	38,18821
913,34	40,20154
913,59	31,34821
913,83	32,26821
914,08	28,02821
914,32	35,64821
914,57	35,81487
914,82	38,82821
915,06	36,93487
915,31	33,84821
915,55	34,70821
915,80	36,55487
916,05	35,67487
916,29	30,40821
916,54	25,62154
916,78	29,10821
917,03	33,49487
917,27	33,61487
917,52	29,48821
917,77	29,79487
918,01	31,25487
918,26	29,74154
918,50	25,68154
918,75	22,83487
919,00	23,98821
919,24	23,82821
919,49	21,50821
919,73	22,83487
919,98	21,52821
920,22	24,71487
920,47	23,16821
920,72	21,83487
920,96	19,88821
921,21	20,31487
921,45	23,92821
921,70	23,30821
921,94	26,00821
922,19	27,17487
922,43	28,08821
922,68	34,30821
922,93	34,81487
923,17	33,92154
923,42	22,98821
923,66	22,76154
923,91	23,74821
924,15	28,01487
924,40	28,14821
924,64	28,87487
924,89	28,34154
925,14	29,29487
925,38	32,21487
925,63	40,10154
925,87	49,10821
926,12	59,31487
926,36	63,70821
926,61	66,09487
926,85	94,54154
927,10	94,46154
927,35	93,74821
927,59	68,12821
927,84	61,14154
928,08	58,81487
928,33	50,42154
928,57	50,79487
928,82	48,72821
929,06	48,28821
929,31	46,46154
929,55	42,00154
929,80	43,34821
930,04	40,30154
930,29	38,39487
930,54	33,19487
930,78	31,32154
931,03	27,31487
931,27	30,30154
931,52	29,44821
931,76	32,05487
932,01	23,36154
932,25	22,82154
932,50	26,60821
932,74	28,24154
932,99	34,04821
933,23	27,23487
933,48	29,00154
933,72	24,06154
933,97	21,19487
934,21	28,89487
934,46	32,36154
934,70	39,51487
934,95	29,68154
935,19	21,44154
935,44	15,80821
935,68	17,80821
935,93	21,87487
936,18	24,14821
936,42	22,46154
936,67	20,14154
936,91	22,60154
937,16	31,49487
937,40	32,69487
937,65	27,13487
937,89	22,18154
938,14	26,43487
938,38	37,96154
938,63	49,58821
938,87	61,08154
939,12	72,60821
939,36	85,11487
939,61	90,62821
939,85	82,93487
940,10	63,12821
940,34	50,60154
940,59	42,02154
940,83	34,30154
941,08	30,75487
941,32	29,02821
941,57	33,34154
941,81	25,70154
942,06	22,80821
942,30	18,58154
942,55	21,80821
942,79	15,90821
943,03	15,34821
943,28	16,04154
943,52	25,63487
943,77	20,76154
944,01	12,78821
944,26	3,87487
944,50	3,20154
944,75	13,03487
944,99	18,70154
945,24	21,53487
945,48	22,17487
945,73	36,80154
945,97	34,56154
946,22	27,76821
946,46	11,38154
946,71	17,22154
946,95	18,88154
947,20	13,89487
947,44	9,64821
947,69	8,93487
947,93	10,90154
948,17	8,67487
948,42	5,88154
948,66	7,50154
948,91	5,45487
949,15	3,90154
949,40	1,88154
949,64	6,90154
949,89	9,40821
950,13	9,16821
950,38	4,59487
950,62	5,36821
950,87	7,66154
951,11	14,36821
951,35	12,74821
951,60	11,05487
951,84	7,28154
952,09	6,40821
952,33	7,01487
952,58	8,66154
952,82	6,36154
953,07	4,22821
953,31	5,88154
953,56	8,90821
953,80	8,69487
954,04	-1,33179
954,29	-5,54513
954,53	-8,12513
954,78	-4,51179
955,02	-2,89846
955,27	0,93487
955,51	2,08154
955,76	3,73487
956,00	2,89487
956,24	1,94154
956,49	3,46821
956,73	6,56154
956,98	7,41487
957,22	13,04821
957,47	13,90154
957,71	11,77487
957,95	8,79487
958,20	8,64821
958,44	14,46821
958,69	9,42154
958,93	6,22821
959,18	4,20821
959,42	7,93487
959,66	6,77487
959,91	3,14154
960,15	-0,86513
960,40	-0,77846
960,64	0,98154
960,89	4,80821
961,13	38,09487
961,37	42,14154
961,62	42,75487
961,86	11,40821
962,11	11,27487
962,35	5,22821
962,59	4,13487
962,84	-4,49179
963,08	0,36821
963,33	1,11487
963,57	5,28154
963,81	1,30821
964,06	1,21487
964,30	5,30821
964,55	1,74821
964,79	9,42154
965,04	10,82154
965,28	12,74154
965,52	4,44154
965,77	-0,58513
966,01	2,96821
966,26	3,35487
966,50	5,48154
966,74	7,83487
966,99	10,42821
967,23	9,51487
967,48	6,18821
967,72	2,94154
967,96	-1,60513
968,21	0,16154
968,45	-0,33179
968,69	2,52154
968,94	6,85487
969,18	3,76154
969,43	1,21487
969,67	-3,90513
969,91	2,18821
970,16	6,16821
970,40	5,02821
970,65	2,81487
970,89	-2,47179
971,13	-1,39179
971,38	-1,94513
971,62	8,36821
971,86	7,63487
972,11	9,05487
972,35	1,08821
972,60	3,32821
972,84	6,84821
973,08	9,00821
973,33	6,43487
973,57	4,10821
973,81	6,48821
974,06	6,56821
974,30	2,33487
974,55	1,73487
974,79	6,05487
975,03	9,13487
975,28	8,45487
975,52	0,86154
975,76	1,43487
976,01	-0,45846
976,25	3,89487
976,50	2,18821
976,74	4,92821
976,98	6,54154
977,23	5,44154
977,47	5,45487
977,71	3,64821
977,96	0,63487
978,20	-5,29179
978,44	-8,23846
978,69	-0,55846
978,93	3,11487
979,17	4,86154
979,42	1,85487
979,66	1,67487
979,90	4,61487
980,15	11,97487
980,39	14,17487
980,64	10,14154
980,88	8,00154
981,12	7,47487
981,37	6,07487
981,61	3,78821
981,85	-0,32513
982,10	4,48821
982,34	-4,41846
982,58	-0,46513
982,83	-7,47846
983,07	-4,71179
983,31	-6,09846
983,56	-3,90513
983,80	-1,05846
984,04	-0,47179
984,29	4,75487
984,53	5,73487
984,77	4,32821
985,02	5,48821
985,26	-0,87846
985,50	6,07487
985,75	0,99487
985,99	7,12154
986,23	0,27487
986,48	1,89487
986,72	0,62821
986,96	6,91487
987,20	7,95487
987,45	7,38821
987,69	-0,75846
987,93	2,16821
988,18	6,21487
988,42	10,00154
988,66	7,88154
988,91	2,78154
989,15	0,94821
989,39	-3,01179
989,64	-4,50513
989,88	-2,49846
990,12	-1,35179
990,37	2,44154
990,61	0,57487
990,85	-1,04513
991,10	-5,43846
991,34	-4,93846
991,58	-3,65179
991,82	-2,63179
992,07	-3,46513
992,31	-1,87179
992,55	-4,11179
992,80	-6,48513
993,04	-4,87846
993,28	3,94821
993,53	6,08821
993,77	3,41487
994,01	-5,81846
994,25	-6,53179
994,50	-4,74513
994,74	0,36154
994,98	-0,29846
995,23	-1,03179
995,47	0,26154
995,71	0,55487
995,95	0,27487
996,20	2,98821
996,44	4,31487
996,68	2,76154
996,93	-2,79846
997,17	-2,74513
997,41	-2,04513
997,65	-5,46513
997,90	-8,13179
998,14	-9,26513
998,38	-3,62513
998,63	-2,11179
998,87	-1,98513
999,11	-5,71179
999,35	-4,53179
999,60	-5,51846
999,84	-4,15179
1000,08	2,76821
1000,32	6,14821
1000,57	6,28821
1000,81	5,55487
1001,05	5,34154
1001,30	9,26821
1001,54	3,67487
1001,78	8,25487
1002,02	5,66821
1002,27	7,51487
1002,51	-0,68513
1002,75	-0,67846
1002,99	-5,38513
1003,24	-5,73846
1003,48	-5,91179
1003,72	-8,23179
1003,96	-5,41179
1004,21	-3,92513
1004,45	3,07487
1004,69	2,63487
1004,93	2,43487
1005,18	0,76821
1005,42	3,37487
1005,66	0,02154
1005,90	-1,50513
1006,15	-6,39846
1006,39	-1,77846
1006,63	3,72154
1006,87	8,74154
1007,12	5,56821
1007,36	3,86821
1007,60	4,97487
1007,84	2,98154
1008,09	1,63487
1008,33	-2,41846
1008,57	-0,05846
1008,81	0,17487
1009,06	-0,75846
1009,30	-0,15179
1009,54	1,30154
1009,78	4,07487
1010,03	3,14154
1010,27	-1,51846
1010,51	0,42154
1010,75	2,04821
1010,99	6,70821
1011,24	6,89487
1011,48	14,98821
1011,72	15,37487
1011,96	19,50154
1012,21	14,66154
1012,45	13,30154
1012,69	10,40821
1012,93	7,31487
1013,18	8,82821
1013,42	6,24821
1013,66	6,80821
1013,90	2,33487
1014,14	2,10154
1014,39	4,22154
1014,63	4,74154
1014,87	7,48821
1015,11	2,05487
1015,35	-1,77179
1015,60	1,70154
1015,84	4,65487
1016,08	5,65487
1016,32	0,33487
1016,57	-1,83846
1016,81	-0,17179
1017,05	0,30154
1017,29	1,35487
1017,53	1,91487
1017,78	0,06821
1018,02	-3,02513
1018,26	0,13487
1018,50	-2,25846
1018,74	3,77487
1018,99	-0,67179
1019,23	-1,85846
1019,47	-7,13846
1019,71	-4,75846
1019,95	-0,59179
1020,20	-1,40513
1020,44	-3,39846
1020,68	-3,37179
1020,92	3,92154
1021,16	3,14154
1021,41	2,28154
1021,65	-4,82513
1021,89	-5,60513
1022,13	-7,59179
1022,37	-7,40513
1022,61	-8,37179
1022,86	-9,64513
1023,10	-4,35846
1023,34	-2,67846
1023,58	-0,15846
1023,82	-6,55179
1024,07	-4,97846
1024,31	-1,41846
1024,55	-0,03179
1024,79	2,00154
1025,03	-4,81179
1025,27	-1,41846
1025,52	-7,60513
1025,76	-5,95179
1026,00	-5,41846
1026,24	-3,42513
1026,48	-4,24513
1026,73	-6,59179
1026,97	-0,27179
1027,21	2,72821
1027,45	3,40821
1027,69	-1,48513
1027,93	-0,24513
1028,18	-0,06513
1028,42	1,84154
1028,66	0,99487
1028,90	2,46821
1029,14	0,86154
1029,38	-3,44513
1029,62	-1,64513
1029,87	-0,57179
1030,11	4,65487
1030,35	-1,67179
1030,59	-2,14513
1030,83	-6,63179
1031,07	-6,66513
1031,32	-10,25179
1031,56	-2,86513
1031,80	0,76821
1032,04	5,96821
1032,28	-2,25846
1032,52	-2,71846
1032,76	-4,29846
1033,01	-3,32513
1033,25	-1,72513
1033,49	-2,95179
1033,73	-2,69179
1033,97	-7,93179
1034,21	-10,27179
1034,45	-11,32513
1034,70	-11,87179
1034,94	-7,12513
1035,18	19,05487
1035,42	22,45487
1035,66	25,43487
1035,90	4,23487
1036,14	-0,46513
1036,39	-2,35846
1036,63	-7,61179
1036,87	3,68154
1037,11	-0,01846
1037,35	2,92154
1037,59	0,75487
1037,83	6,68154
1038,07	14,57487
1038,32	7,80154
1038,56	3,62154
1038,80	2,38821
1039,04	6,61487
1039,28	9,23487
1039,52	2,66821
1039,76	-1,64513
1040,00	-2,95846
1040,25	-6,71179
1040,49	-5,28513
1040,73	-4,31846
1040,97	-2,19179
1041,21	3,04821
1041,45	2,89487
1041,69	8,30154
1041,93	0,39487
1042,17	-1,95846
1042,42	-8,53179
1042,66	-7,34513
1042,90	-4,29846
1043,14	-6,67179
1043,38	-2,63846
1043,62	-5,59179
1043,86	-2,45846
1044,10	-2,42513
1044,34	3,22821
1044,59	4,74821
1044,83	2,13487
1045,07	-2,84513
1045,31	-1,92513
1045,55	-2,63846
1045,79	-9,40513
1046,03	-6,98513
1046,27	-2,04513
1046,51	3,52154
1046,75	-2,31179
1047,00	-6,09179
1047,24	-4,61179
1047,48	-2,50513
1047,72	-3,19846
1047,96	-5,56513
1048,20	-2,85846
1048,44	-0,12513
1048,68	-1,39846
1048,92	-4,61846
1049,16	-10,67846
1049,40	-10,05846
1049,64	-11,60513
1049,89	-4,44513
1050,13	-3,54513
1050,37	5,26821
1050,61	3,26154
1050,85	7,08154
1051,09	2,08821
1051,33	2,81487
1051,57	3,49487
1051,81	1,76154
1052,05	1,45487
1052,29	4,31487
1052,53	0,64154
1052,77	6,29487
1053,02	1,14821
1053,26	5,12821
1053,50	-0,33846
1053,74	-3,19179
1053,98	-2,99846
1054,22	-7,95179
1054,46	-6,15179
1054,70	-5,26513
1054,94	-5,63179
1055,18	-4,11846
1055,42	-1,71179
1055,66	0,90821
1055,90	-4,00513
1056,14	-6,10513
1056,38	-0,80513
1056,62	0,65487
1056,86	1,53487
1057,11	-2,26513
1057,35	-2,53179
1057,59	-9,90513
1057,83	-7,19846
1058,07	-2,50513
1058,31	9,23487
1058,55	9,02821
1058,79	4,80154
1059,03	-5,11846
1059,27	-6,21846
1059,51	-6,57179
1059,75	-4,47179
1059,99	-6,13846
1060,23	-5,08513
1060,47	1,84154
1060,71	5,68821
1060,95	-0,03846
1061,19	-7,67179
1061,43	-12,23846
1061,67	-2,82513
1061,91	0,02821
1062,15	-2,96513
1062,39	-8,95846
1062,64	-6,63179
1062,88	-3,73846
1063,12	-0,21846
1063,36	3,40154
1063,60	8,42821
1063,84	14,76154
1064,08	29,30154
1064,32	62,65487
1064,56	82,73487
1064,80	75,06821
1065,04	48,62154
1065,28	24,66821
1065,52	18,00821
1065,76	8,32154
1066,00	8,44154
1066,24	1,89487
1066,48	1,85487
1066,72	-1,56513
1066,96	-3,47179
1067,20	-8,43846
1067,44	-7,38513
1067,68	-6,15846
1067,92	-6,17846
1068,16	-4,07846
1068,40	-1,11179
1068,64	3,57487
1068,88	2,60821
1069,12	-2,44513
1069,36	-1,33846
1069,60	-5,76513
1069,84	2,84821
1070,08	-1,21179
1070,32	2,95487
1070,56	-3,56513
1070,80	-2,17846
1071,04	9,24154
1071,28	9,30821
1071,52	11,50154
1071,76	-3,87846
1072,00	-1,38513
1072,24	-6,46513
1072,48	-4,49846
1072,72	-5,19179
1072,96	1,14821
1073,20	-2,89846
1073,44	-0,98513
1073,68	-2,20513
1073,92	2,92821
1074,16	-1,69179
1074,40	-2,91179
1074,64	-5,55179
1074,88	-4,39179
1075,12	-2,59846
1075,36	-2,91179
1075,60	0,12821
1075,84	-2,53846
1076,08	-2,05179
1076,32	-5,12513
1076,56	-7,79846
1076,80	-7,79846
1077,04	-11,77179
1077,28	-11,46513
1077,52	-14,59846
1077,76	-14,10513
1078,00	-10,17846
1078,24	0,05487
1078,48	2,68821
1078,71	0,51487
1078,95	-5,57179
1079,19	-8,93179
1079,43	-13,48513
1079,67	-13,23846
1079,91	-7,02513
1080,15	-3,01179
1080,39	-4,02513
1080,63	-3,84513
1080,87	-4,01179
1081,11	-3,00513
1081,35	-5,35179
1081,59	-2,62513
1081,83	-4,11846
1082,07	-7,37179
1082,31	-7,98513
1082,55	-6,35846
1082,79	-3,94513
1083,03	-2,49846
1083,27	-7,83179
1083,51	-6,61846
1083,75	-8,98513
1083,99	-0,53846
1084,22	-0,93846
1084,46	-1,95179
1084,70	-1,03846
1084,94	-3,13179
1085,18	-3,15179
1085,42	-10,61846
1085,66	-8,75846
1085,90	-9,21846
1086,14	-3,32513
1086,38	2,42154
1086,62	-0,33179
1086,86	1,84821
1087,10	-2,55179
1087,34	2,60154
1087,58	-3,82513
1087,82	-6,46513
1088,06	-4,79846
1088,29	1,58154
1088,53	0,90154
1088,77	-3,19846
1089,01	-5,09179
1089,25	-3,07179
1089,49	-1,67846
1089,73	-5,11846
1089,97	-3,00513
1090,21	-4,37179
1090,45	-2,52513
1090,69	-6,23846
1090,93	-6,71179
1091,17	-10,85179
1091,40	-4,37179
1091,64	-4,98513
1091,88	-3,67846
1092,12	-10,21846
1092,36	-8,36513
1092,60	-7,87179
1092,84	-3,24513
1093,08	-0,33846
1093,32	1,23487
1093,56	1,38821
1093,80	4,66154
1094,04	3,28821
1094,27	-0,86513
1094,51	-1,90513
1094,75	1,46821
1094,99	3,22154
1095,23	-0,47179
1095,47	25,30821
1095,71	24,22821
1095,95	24,04821
1096,19	-5,04513
1096,43	-2,25846
1096,66	-8,52513
1096,90	-9,83846
1097,14	-11,06513
1097,38	-10,42513
1097,62	-7,69846
1097,86	-8,54513
1098,10	-4,05846
1098,34	-2,95846
1098,58	-5,27846
1098,81	-4,09179
1099,05	-3,13179
1099,29	5,53487
1099,53	8,47487
1099,77	6,96154
1100,01	-1,25846
1100,25	-3,99179
1100,49	-3,76513
1100,73	4,80821
1100,96	9,36821
1101,20	12,57487
1101,44	1,00821
1101,68	-2,64513
1101,92	-6,81846
1102,16	-1,43846
1102,40	-0,06513
1102,64	2,54154
1102,87	3,47487
1103,11	-0,10513
1103,35	-1,61179
1103,59	-5,13846
1103,83	-5,01179
1104,07	-0,97846
1104,31	0,88821
1104,55	0,78154
1104,78	-6,81179
1105,02	-4,51179
1105,26	-8,03846
1105,50	-3,55846
1105,74	-10,03179
1105,98	-6,14513
1106,22	-3,61846
1106,45	-1,51846
1106,69	-3,41179
1106,93	-6,68513
1107,17	-5,79846
1107,41	-5,51846
1107,65	-6,27179
1107,89	-4,98513
1108,12	-2,87179
1108,36	-7,70513
1108,60	-6,07846
1108,84	-4,33846
1109,08	-1,55846
1109,32	-1,93846
1109,55	-5,89846
1109,79	1,46154
1110,03	-1,95846
1110,27	-0,10513
1110,51	-6,40513
1110,75	-7,09846
1110,99	-8,31846
1111,22	-10,77179
1111,46	-11,01846
1111,70	-11,62513
1111,94	-15,07179
1112,18	-16,11846
1112,42	-13,90513
1112,65	-6,09179
1112,89	-1,79179
1113,13	-4,69179
1113,37	-4,78513
1113,61	-2,55179
1113,85	4,14154
1114,08	2,41487
1114,32	-2,71179
1114,56	-3,59846
1114,80	-3,32513
1115,04	2,82154
1115,28	-3,18513
1115,51	-0,98513
1115,75	-2,11846
1115,99	-0,69846
1116,23	-1,99179
1116,47	-1,49846
1116,70	-0,84513
1116,94	-3,84513
1117,18	-3,11179
1117,42	-4,96513
1117,66	-0,06513
1117,90	-7,03179
1118,13	-6,87179
1118,37	-14,65846
1118,61	-12,77846
1118,85	-9,86513
1119,09	-9,15179
1119,32	-5,87179
1119,56	-6,07179
1119,80	-6,85846
1120,04	-11,77846
1120,28	-7,41179
1120,51	-6,35846
1120,75	-4,23846
1120,99	-11,74846