274.84	-0.02820097615608892
275.1	-0.028766008818592943
275.37	-0.02869627454149256
275.64	-0.02647385405596295
275.9	-0.02469132584278315
276.17	-0.024156517183513557
276.43	-0.02544871457420447
276.7	-0.025126075729024366
276.97	-0.02531317178636428
277.23	-0.02607955664873567
277.5	-0.026646360392270255
277.77	-0.025511925452413688
278.03	-0.0221730027511944
278.3	-0.023238215195164256
278.57	-0.02339352593523983
278.83	-0.02458384434888108
279.1	-0.02514855283482492
279.37	-0.02461046780463425
279.63	-0.02501363469336119
279.9	-0.026507402309005387
280.16	-0.02894890372880743
280.43	-0.029878880094578654
280.7	-0.02799700296388804
280.96	-0.029257438543790017
281.23	-0.02891635246398093
281.5	-0.02787968904278984
281.76	-0.02605576273642721
282.03	-0.026364289297459816
282.29	-0.027681045010577207
282.56	-0.027742440679190093
282.83	-0.026627162103074888
283.09	-0.024781851314303435
283.36	-0.025339114454439957
283.63	-0.02564068288233882
283.89	-0.026874912111533436
284.16	-0.026807154730373803
284.42	-0.027262399028178525
284.69	-0.026954191189522744
284.96	-0.026163314577701324
285.22	-0.025583685872544403
285.49	-0.02605748933067422
285.76	-0.026843259557929752
286.02	-0.029250110455264135
286.29	-0.030187483162325446
286.55	-0.029878815690863515
286.82	-0.02715146942481509
287.09	-0.025233698792070783
287.35	-0.02606926455488295
287.62	-0.025907098491812514
287.88	-0.026623250979985462
288.15	-0.02419174710249046
288.42	-0.023545553565319493
288.68	-0.025133468664106227
288.95	-0.026717127498351916
289.22	-0.028587710016636236
289.48	-0.027592038695030054
289.75	-0.02778501060352827
290.01	-0.02744292208696062
290.28	-0.025482580151899477
290.55	-0.025795361256693395
290.81	-0.024399961262886932
291.08	-0.02629661638361939
291.34	-0.027081980679326424
291.61	-0.029043209137992916
291.88	-0.028510168130987418
292.14	-0.02631782935595541
292.41	-0.025342661495280618
292.67	-0.02766819935635096
292.94	-0.02958600611061226
293.21	-0.029814228131441738
293.47	-0.028184097177850177
293.74	-0.028347272275722257
294.0	-0.0265819919905173
294.27	-0.024838195260132204
294.54	-0.023033779065489597
294.8	-0.02448054101895303
295.07	-0.026629801082827604
295.33	-0.025667800593150287
295.6	-0.02620836637655348
295.86	-0.025886758526752884
296.13	-0.02614488870003202
296.4	-0.024165176582098595
296.66	-0.023928333075498992
296.93	-0.02743333587547754
297.19	-0.029390236701158215
297.46	-0.02839885482330013
297.73	-0.026358950274252037
297.99	-0.025286602459292887
298.26	-0.023922208632149868
298.52	-0.021315489611723387
298.79	-0.021231504771893936
299.05	-0.019776833014638177
299.32	-0.022942800353301648
299.59	-0.024285895422047527
299.85	-0.02615099693466045
300.12	-0.02412807613170597
300.38	-0.021981044434711928
300.65	-0.020580223671173507
300.92	-0.021073456889400002
301.18	-0.02021102589951368
301.45	-0.022151790833964395
301.71	-0.01989143779778152
301.98	-0.021768244710555128
302.24	-0.022161594038183845
302.51	-0.023429074025253425
302.78	-0.02245589642302359
303.04	-0.020702745586697324
303.31	-0.020672775397234305
303.57	-0.021011048970269758
303.84	-0.020542136393458303
304.1	-0.018816727244323483
304.37	-0.01766825463983581
304.63	-0.018178590647094574
304.9	-0.019401891425133835
305.17	-0.01995089514480091
305.43	-0.01800786019161503
305.7	-0.018853461128797523
305.96	-0.017931422739012028
306.23	-0.017945192010166186
306.49	-0.01656117292404627
306.76	-0.016189262464185353
307.03	-0.016418490356180607
307.29	-0.015394597938676986
307.56	-0.01568701224188194
307.82	-0.0162667641225909
308.09	-0.016254532561779514
308.35	-0.015247486916425003
308.62	-0.015294198877579483
308.88	-0.014159902275541238
309.15	-0.01460990183121616
309.42	-0.013630833651450014
309.68	-0.013502997030222036
309.95	-0.012687373870784925
310.21	-0.010764954161882945
310.48	-0.01108340590090244
310.74	-0.010932092658178877
311.01	-0.013182754118358182
311.27	-0.011488055804339939
311.54	-0.010268940070381288
311.8	-0.008215994717991115
312.07	-0.010859995631298164
312.34	-0.011801217071858452
312.6	-0.010465099278817433
312.87	-0.009513249978204234
313.13	-0.010903646724779094
313.4	-0.01127636496175631
313.66	-0.01176245674969116
313.93	-0.009116489231087016
314.19	-0.011698674381981689
314.46	-0.010040320711941678
314.72	-0.011340021417701976
314.99	-0.009922662435033786
315.25	-0.00935737754133438
315.52	-0.007236139218286419
315.78	-0.006538092260526075
316.05	-0.006107571444078773
316.32	-0.007000953986791333
316.58	-0.0066445374035931995
316.85	-0.008471890975811941
317.11	-0.008085171080075164
317.38	-0.007396404473363871
317.64	-0.006073854432785589
317.91	-0.005322965898401803
318.17	-0.005666651734870888
318.44	-0.004980634057663046
318.7	-0.0034783510639029777
318.97	-0.003380458096105911
319.23	-0.005012546873585329
319.5	-0.006008873951742454
319.76	-0.004965706186795572
320.03	-0.0025023502595943117
320.29	-0.002696950017123903
320.56	-0.0032096070517901795
320.82	-0.0038547720985024833
321.09	-0.003921862772440617
321.36	-0.004671186932011073
321.62	-0.00397678029767027
321.89	-0.002071644683392021
322.15	-5.352157226420212e-05
322.42	0.0011976329865922425
322.68	-0.00029888841476128497
322.95	-0.0016004133161245104
323.21	-0.0028546132080655845
323.48	-0.0006942282872273442
323.74	0.0008364368864682628
324.01	0.0021315686984635027
324.27	0.003242318137006331
324.54	0.003868119075565439
324.8	0.0032960466546896675
325.07	0.0023973561635879034
325.33	0.002371938385376325
325.6	0.005094838350650985
325.86	0.005612228380083836
326.13	0.0077299520150532625
326.39	0.007920872443256642
326.66	0.01118258343113479
326.92	0.013260905358369608
327.19	0.01708437704122616
327.45	0.021143283020324623
327.72	0.026306317805916954
327.98	0.03277491100718392
328.25	0.03922204076086153
328.51	0.04876800441457256
328.78	0.0549398086074612
329.04	0.05542989476296265
329.31	0.04944512641554891
329.57	0.04020129747195486
329.84	0.03132588879252901
330.1	0.02260652713190637
330.37	0.016732035502907895
330.63	0.015011305537266526
330.9	0.015036114388542382
331.16	0.014286613329593224
331.43	0.01368670794179036
331.69	0.011699544021038302
331.96	0.010771439735397653
332.22	0.00973264086322298
332.49	0.00903517155580584
332.75	0.009827185739077135
333.01	0.011228612837194701
333.28	0.012911735884381374
333.54	0.014367208515884258
333.81	0.012252340585251667
334.07	0.012654484092074203
334.34	0.01342676246996298
334.6	0.015036957342068273
334.87	0.01493967266506091
335.13	0.012967634286130542
335.4	0.014901970225570438
335.66	0.01698006109522321
335.93	0.019975703341499743
336.19	0.02099503279892561
336.46	0.02162657841581822
336.72	0.02507974380648762
336.99	0.02735966356110138
337.25	0.030676243185337418
337.52	0.032527537536550286
337.78	0.03552546498770909
338.05	0.042157693643246785
338.31	0.049447559705823624
338.57	0.05967014135223786
338.84	0.07272255859179186
339.1	0.08073392713203029
339.37	0.08106405820621818
339.63	0.0699948357738137
339.9	0.057063081519106384
340.16	0.04635278730068426
340.43	0.03833664627049266
340.69	0.0323577071702722
340.96	0.030627045453987187
341.22	0.027582986005133564
341.49	0.02665268451788834
341.75	0.024738073791378185
342.01	0.025413044489362623
342.28	0.02569146022823754
342.54	0.023345396738247925
342.81	0.022284339329740055
343.07	0.02302263665398073
343.34	0.02666531094242676
343.6	0.028905426557042105
343.87	0.032649181214763706
344.13	0.03340494399845632
344.4	0.03307053391350759
344.66	0.03297669352643415
344.92	0.031693441549860465
345.19	0.03509245654338983
345.45	0.03523401327611811
345.72	0.035805629732713895
345.98	0.03394753692753498
346.25	0.0330519618502431
346.51	0.03318745938821606
346.78	0.03360808931176827
347.04	0.03242061411867804
347.3	0.03423841085752703
347.57	0.03422259783539215
347.83	0.036538138148514726
348.1	0.03647193102353313
348.36	0.03706322994247155
348.63	0.03601410244160792
348.89	0.036880460924275285
349.15	0.037763098956095115
349.42	0.040706678975305735
349.68	0.04298690462006868
349.95	0.04578022812972138
350.21	0.046443443671236415
350.48	0.047484114665856225
350.74	0.048256296156012
351.01	0.051081051225174354
351.27	0.0521538893882286
351.53	0.05350530685523586
351.8	0.05471333286350852
352.06	0.05504821791277115
352.33	0.05610213308559986
352.59	0.05729224337122517
352.86	0.05828557468363009
353.12	0.05853180408480599
353.38	0.05505405480164924
353.65	0.05734097460357396
353.91	0.058316124287842525
354.18	0.06017398245003082
354.44	0.055921097064883074
354.7	0.057584972376828136
354.97	0.06011232395212905
355.23	0.06206135615200882
355.5	0.06043230051999654
355.76	0.05718744362026236
356.03	0.056463691408984565
356.29	0.05296329624203096
356.55	0.052153396073948866
356.82	0.05129707007739537
357.08	0.051764877789601565
357.35	0.05111364149590751
357.61	0.048251559439134006
357.87	0.04672520023401473
358.14	0.0464667030997379
358.4	0.04853730085187773
358.67	0.04821692595202558
358.93	0.04870621588338757
359.2	0.04790060837909815
359.46	0.04868385276405128
359.72	0.048589897857413564
359.99	0.04869550666041461
360.25	0.04558285681343664
360.52	0.043593963411224484
360.78	0.04133346770434136
361.04	0.04273574467427074
361.31	0.045060260803702845
361.57	0.04929801382746633
361.84	0.05050468708692517
362.1	0.05028788483715167
362.36	0.04921702693111453
362.63	0.04848141046827131
362.89	0.047779397584608016
363.16	0.046107503866071514
363.42	0.044815915563093695
363.68	0.04420547734398286
363.95	0.0428734625974618
364.21	0.04493856082905176
364.47	0.043725883408942026
364.74	0.04463797555994932
365.0	0.04379228215968034
365.27	0.046259410911643845
365.53	0.04569030379095598
365.79	0.04422780191022291
366.06	0.04126492842075882
366.32	0.04019075642994231
366.59	0.043684214122515636
366.85	0.04522632286144687
367.11	0.04695446928556764
367.38	0.04454663707150275
367.64	0.04398794411866375
367.91	0.044009402859543134
368.17	0.045274020387590735
368.43	0.047041600900417965
368.7	0.04546956403286874
368.96	0.045501610587080646
369.22	0.041962211366110086
369.49	0.04215587234444548
369.75	0.04125150171975715
370.02	0.04153584950055211
370.28	0.04153190315723308
370.54	0.039647791886751965
370.81	0.04039663529348822
371.07	0.041038492610891916
371.33	0.0373676550068342
371.6	0.04021659988175176
371.86	0.0405613869058358
372.13	0.04478036107981723
372.39	0.04264985095019784
372.65	0.04147229234548498
372.92	0.041283991157808314
373.18	0.039421085794704866
373.44	0.04097774530386354
373.71	0.04352660947643805
373.97	0.046084752816710775
374.23	0.04523399202650111
374.5	0.04122760332598614
374.76	0.04015114422747926
375.03	0.03908324461459654
375.29	0.0397350637420351
375.55	0.03883484248990349
375.82	0.04000000691514613
376.08	0.04077717553538379
376.34	0.03802554692433939
376.61	0.03862388159465119
376.87	0.03977954736169534
377.13	0.04420890230105136
377.4	0.04321730694253456
377.66	0.03953981909269483
377.92	0.03617171480401912
378.19	0.03339233125046033
378.45	0.03306190180237584
378.72	0.035311525058372845
378.98	0.03623492303910378
379.24	0.039061539096694395
379.51	0.03878931248130653
379.77	0.040358464290286444
380.03	0.043549838150353
380.3	0.04143618265194715
380.56	0.04158520517205018
380.82	0.038004059988697575
381.09	0.040380537667650276
381.35	0.03916679023497757
381.61	0.04113901833272127
381.88	0.03957774445710355
382.14	0.039336576220147926
382.4	0.03594867094670226
382.67	0.03722277019066558
382.93	0.03874208338912366
383.19	0.041579237730893726
383.46	0.041102160870850946
383.72	0.03987477073467949
383.98	0.03982984058804011
384.25	0.038061696640716694
384.51	0.037020437413076895
384.77	0.03636006108924977
385.04	0.03636738297744155
385.3	0.03869904313798603
385.56	0.036660087770092345
385.83	0.03565348513832742
386.09	0.033826670502578315
386.35	0.03473035757366226
386.62	0.03681454029697043
386.88	0.03657831468770287
387.14	0.03667952051743725
387.41	0.038578957439430406
387.67	0.03892505910076102
387.93	0.03967193052135848
388.2	0.039302566882796264
388.46	0.04118923841475075
388.72	0.04171164210465693
388.99	0.04282098148232266
389.25	0.043331889854982764
389.51	0.045685939946006546
389.78	0.04642032480302957
390.04	0.04703787551998306
390.3	0.046321001099991654
390.56	0.047390893449542004
390.83	0.04924843038443266
391.09	0.0496086069742703
391.35	0.049864908195969365
391.62	0.048681862685748215
391.88	0.0482264109242833
392.14	0.04666621935602733
392.41	0.04601296271759921
392.67	0.04827187837687173
392.93	0.04865353246936842
393.2	0.05185528733913419
393.46	0.05181682276596836
393.72	0.05563891013853155
393.99	0.05695166014416697
394.25	0.05568869340881104
394.51	0.05391725160254468
394.77	0.048225889401136285
395.04	0.04700722873449907
395.3	0.0439674787365843
395.56	0.043824438853754394
395.83	0.04422373669998257
396.09	0.04458846349382459
396.35	0.044491061821853736
396.62	0.04606304182450943
396.88	0.04521853490844291
397.14	0.048891253120186634
397.4	0.04523648860163651
397.67	0.04592237746577335
397.93	0.04469758444030933
398.19	0.04545430195674505
398.46	0.04478083001265745
398.72	0.043715187722985105
398.98	0.04480483422073772
399.24	0.04482171841058746
399.51	0.04436981189866529
399.77	0.04211574915017563
400.03	0.04102117680755232
400.3	0.03901929181392538
400.56	0.0350928659678309
400.82	0.0363190284079688
401.08	0.0397641459941879
401.35	0.04385390028874317
401.61	0.042076446093262276
401.87	0.0412994859028496
402.14	0.04016294413267982
402.4	0.039412367324920844
402.66	0.036580117561320985
402.92	0.03840797433078463
403.19	0.03954864296986371
403.45	0.03783482537545707
403.71	0.035873419045606314
403.98	0.03424756142576546
404.24	0.0351717388434897
404.5	0.03553575534028516
404.76	0.0349727931186187
405.03	0.03519858047946539
405.29	0.035370679050622356
405.55	0.03879110566771171
405.81	0.039960944738979265
406.08	0.04303414008953385
406.34	0.043391639102896035
406.6	0.04414985707557467
406.87	0.041596768418630026
407.13	0.039070237847558587
407.39	0.03840706861233473
407.65	0.03753887945599568
407.92	0.03716910377298657
408.18	0.03609831529328855
408.44	0.03551107706799189
408.7	0.035365088522624405
408.97	0.03468275685871611
409.23	0.03430887489786105
409.49	0.033956860302019165
409.75	0.03360877228356607
410.02	0.03296710014487736
410.28	0.032582496530859456
410.54	0.03159017946767992
410.8	0.031101503528192187
411.07	0.030826396424048552
411.33	0.03041168268607919
411.59	0.03394111521259924
411.85	0.032793028360410564
412.12	0.03264943030264006
412.38	0.03098524947850917
412.64	0.03410463425860244
412.9	0.03762048836405274
413.17	0.0383956174251599
413.43	0.038714707434066103
413.69	0.036972876507919444
413.95	0.03727171357477413
414.22	0.036946814997173616
414.48	0.040669761255874626
414.74	0.04310518147088277
415.0	0.04443129549589632
415.27	0.04371889092264529
415.53	0.0403529231344292
415.79	0.03964746724008281
416.05	0.037944754877741294
416.32	0.03865439447204014
416.58	0.03581881014260235
416.84	0.03522595364998557
417.1	0.03652917150361337
417.37	0.038259241625995644
417.63	0.0382052286258954
417.89	0.03652848123067973
418.15	0.03771700932481942
418.41	0.04002578036332616
418.68	0.04134178136876773
418.94	0.04064881465292128
419.2	0.041037965798103815
419.46	0.039686666407870386
419.73	0.04020933736995205
419.99	0.039575157537747985
420.25	0.04264142663970377
420.51	0.04002260487003145
420.78	0.04118311268875896
421.04	0.0440043189611386
421.3	0.05268262218914241
421.56	0.054351699997520486
421.82	0.05310316911361326
422.09	0.04829205310665868
422.35	0.046097775228720106
422.61	0.04284238496024906
422.87	0.03205410671680134
423.14	0.033246534149762696
423.4	0.03241405618422985
423.66	0.042194569397922904
423.92	0.03690832444082123
424.18	0.03561866860905
424.45	0.034598214801646765
424.71	0.035686014514218656
424.97	0.034739955354856966
425.23	0.03548016375385343
425.49	0.03625145467955504
425.76	0.036079030199776596
426.02	0.033658311648619044
426.28	0.033233088606874656
426.54	0.03400663437494028
426.81	0.035051292009317975
427.07	0.03549226689516746
427.33	0.03748904852269738
427.59	0.038202032627848714
427.85	0.039303569952689965
428.12	0.037566709377943236
428.38	0.03703402821338103
428.64	0.03658897841240197
428.9	0.038029994051370614
429.16	0.03793337759081919
429.43	0.03827527005979629
429.69	0.0382421470924188
429.95	0.039141611794808684
430.21	0.038054468906493194
430.47	0.036769204416040174
430.74	0.038331702406611795
431.0	0.0406432085564839
431.26	0.04455708754815664
431.52	0.0458265782972988
431.78	0.04581542702972449
432.05	0.044018806989381376
432.31	0.03912823017575073
432.57	0.038690371469607465
432.83	0.03880542428463549
433.09	0.04003513917184204
433.35	0.038876256348783306
433.62	0.03915222570133253
433.88	0.03991260762589506
434.14	0.03952443775795189
434.4	0.039013648586179756
434.66	0.0380225175079531
434.93	0.03740279027202942
435.19	0.03562034620592597
435.45	0.03479465227392556
435.71	0.031167596754145238
435.97	0.030219459905651974
436.23	0.030861946566172554
436.5	0.033065229101298665
436.76	0.03438242101558919
437.02	0.03381492601321054
437.28	0.03530650805205246
437.54	0.03305693284004857
437.81	0.03352096037765798
438.07	0.03303473039293656
438.33	0.03464500241072546
438.59	0.03589231319947016
438.85	0.0357950048157189
439.11	0.03702784703639414
439.38	0.034589136344622656
439.64	0.03492472059922955
439.9	0.03305476272732166
440.16	0.03391724647073452
440.42	0.03361831665440099
440.68	0.032594783836768365
440.95	0.03296353953994599
441.21	0.030968168667170504
441.47	0.029185272148864738
441.73	0.027972368616137194
441.99	0.026969807717471345
442.25	0.02765335207028355
442.52	0.02614903643699068
442.78	0.026904180300777708
443.04	0.027237602520220033
443.3	0.027372907019101722
443.56	0.02565518373040271
443.82	0.024703825308161148
444.08	0.023599395374647558
444.35	0.02462455573517361
444.61	0.025229325085970478
444.87	0.027435249860385064
445.13	0.025741390370092015
445.39	0.026726890649268087
445.65	0.025908659888211394
445.92	0.03137196233204406
446.18	0.03229776624470182
446.44	0.03351447373211172
446.7	0.03197563020883365
446.96	0.03147794187457373
447.22	0.031146542817872158
447.48	0.031009232442645418
447.75	0.03139336897247119
448.01	0.03178848407927107
448.27	0.03501559514154007
448.53	0.03672006813500728
448.79	0.0368890977834867
449.05	0.03384549376994833
449.31	0.03348356355189391
449.58	0.03335195394512633
449.84	0.033161482571381184
450.1	0.030396833559070913
450.36	0.03154797211523169
450.62	0.031011200242768377
450.88	0.03134917081850844
451.14	0.029504865119589718
451.41	0.02995101998411985
451.67	0.030108617964453466
451.93	0.028828502507612833
452.19	0.025918322791443266
452.45	0.023816192793784302
452.71	0.023896872577144845
452.97	0.02690022472060913
453.23	0.026405158184070188
453.5	0.02723456553435541
453.76	0.026215880994126473
454.02	0.02905877015665126
454.28	0.029187467732929212
454.54	0.03005220500974018
454.8	0.02951671786744542
455.06	0.03135798786953706
455.32	0.03233962924585668
455.59	0.035662669095252314
455.85	0.03595298530724944
456.11	0.03788335555771802
456.37	0.037162136319885714
456.63	0.038541704893636106
456.89	0.03724630372199911
457.15	0.0352308009444898
457.41	0.03510199280770138
457.68	0.0343766177544059
457.94	0.03651128725236916
458.2	0.03577978989959951
458.46	0.035256369267882726
458.72	0.03450145359853912
458.98	0.03334536001402211
459.24	0.03348948713376121
459.5	0.03201454634984274
459.76	0.032790699830844566
460.03	0.035908202865028216
460.29	0.03643135595792271
460.55	0.034881860935548736
460.81	0.031519093012851385
461.07	0.03164921147375005
461.33	0.03088681072215202
461.59	0.02877713335701218
461.85	0.03045125146212435
462.11	0.0316846445502095
462.37	0.03363517775917771
462.64	0.030785098685168072
462.9	0.02984334465514471
463.16	0.02876107090758384
463.42	0.025740901463160132
463.68	0.02292014577421872
463.94	0.021905621891554067
464.2	0.023551926453061922
464.46	0.02553878397031037
464.72	0.025374808597480453
464.98	0.02637693027105717
465.24	0.026363019566149698
465.51	0.02965365976360565
465.77	0.0331108530777002
466.03	0.039313182355904724
466.29	0.041684691168617505
466.55	0.04535009348942243
466.81	0.046198851668463464
467.07	0.048751348608713774
467.33	0.05052983444418438
467.59	0.05011338024305731
467.85	0.05127130670435781
468.11	0.05083320955130677
468.38	0.05326745514253908
468.64	0.05153404532601899
468.9	0.052047696917321945
469.16	0.04976312125439922
469.42	0.04934967226629486
469.68	0.04722708103929643
469.94	0.044341365038591846
470.2	0.04279173856283494
470.46	0.04205694446114239
470.72	0.04342356881878651
470.98	0.04530402396330055
471.24	0.044898698571232326
471.5	0.045433946998660574
471.77	0.0443361461767961
472.03	0.04490237894701288
472.29	0.047419877391232323
472.55	0.047754939715013614
472.81	0.04744871297825359
473.07	0.046533335965443595
473.33	0.04960916788391723
473.59	0.049894540045115746
473.85	0.05045968232735168
474.11	0.05023135908459542
474.37	0.05249698566410141
474.63	0.05357839439168913
474.89	0.05121897322368717
475.15	0.04920593563377443
475.41	0.04692528703187976
475.68	0.04885416968371939
475.94	0.05182605170893706
476.2	0.05362749065270592
476.46	0.053569740857595805
476.72	0.053729529426074146
476.98	0.054017145305406605
477.24	0.055519895349508214
477.5	0.05612206443442594
477.76	0.05766211967047355
478.02	0.05864643688989546
478.28	0.05841444764234224
478.54	0.05892727877379719
478.8	0.05890863052687864
479.06	0.05987038505187936
479.32	0.057755279187693465
479.58	0.05994265331654544
479.84	0.06316375156650456
480.1	0.06900695139278692
480.36	0.06967498837517638
480.63	0.0683746022229732
480.89	0.06909279183869749
481.15	0.0678979257049045
481.41	0.06985237384238471
481.67	0.06967058171494991
481.93	0.07255016402398085
482.19	0.07377044251565254
482.45	0.07402989019928649
482.71	0.07520320687659149
482.97	0.07578921841432318
483.23	0.07681546453223928
483.49	0.07726152944706788
483.75	0.07631418111314547
484.01	0.07655231121736594
484.27	0.07753826830983593
484.53	0.07796778214792088
484.79	0.07299218115900749
485.05	0.07300429595897426
485.31	0.07485444241857203
485.57	0.08284719665436546
485.83	0.08412407323413992
486.09	0.08681092984605684
486.35	0.08861072434132342
486.61	0.09206439456953427
486.87	0.09519157962525904
487.13	0.095607449551108
487.39	0.09748235372336533
487.65	0.09625156488842282
487.91	0.10162278525171628
488.17	0.10712399982287488
488.43	0.11445681910380534
488.7	0.11326901191891053
488.96	0.11026681302402219
489.22	0.10804302975157704
489.48	0.10958740446406573
489.74	0.10914122451481298
490.0	0.10791200568937936
490.26	0.10754922655439653
490.52	0.10474877117586265
490.78	0.1052814333699125
491.04	0.10428897677992296
491.3	0.10724698047838163
491.56	0.10655613439124084
491.82	0.10818359471747635
492.08	0.11051886156227061
492.34	0.11081455521518072
492.6	0.11081663307355374
492.86	0.11099261609768896
493.12	0.11196761530447696
493.38	0.10925494908431338
493.64	0.10524461666537455
493.9	0.10455555133632491
494.16	0.10871461799749682
494.42	0.11103519226598765
494.68	0.11152076013304668
494.94	0.10853444183177954
495.2	0.10680026635258416
495.46	0.10836111569001033
495.72	0.11107261779836311
495.98	0.11478677987215205
496.24	0.11806330675855803
496.5	0.11943606966821704
496.76	0.11858804697662095
497.02	0.11613293224553836
497.28	0.11519440893866631
497.54	0.11285557771153423
497.8	0.11135377725476012
498.06	0.1098665426148343
498.32	0.1080413068235993
498.58	0.10215876702045776
498.84	0.09220723414391813
499.1	0.08236344246360738
499.36	0.07040154911668456
499.62	0.06220756766178509
499.88	0.05467771118614462
500.14	0.04964299096770164
500.4	0.044008110515334875
500.66	0.034957067697723
500.92	0.024927488044397095
501.18	0.021051525572351848
501.44	0.02845638838913267
501.69	0.04545264948990568
501.95	0.06152238030613927
502.21	0.07759265899256507
502.47	0.09084210591640002
502.73	0.10240204832867625
502.99	0.10906482044337659
503.25	0.11263193189163023
503.51	0.1162126156565195
503.77	0.11911956422211356
504.03	0.1218677238646747
504.29	0.1205394104644664
504.55	0.12051585155055364
504.81	0.12055993818649274
505.07	0.12208424131762277
505.33	0.12226534297749622
505.59	0.12303911734899567
505.85	0.12355811230766972
506.11	0.12537473272734492
506.37	0.12558992379958767
506.63	0.1274454498708652
506.89	0.1280368735620258
507.15	0.12772316195173317
507.41	0.12694520644311644
507.67	0.1258981368795589
507.93	0.12634979569624882
508.19	0.12674490450962733
508.45	0.12555082073389115
508.71	0.1254113840332029
508.97	0.12654751323428995
509.23	0.12803628966489855
509.49	0.12523478385074494
509.74	0.12185824936922435
510.0	0.12290893470457875
510.26	0.12555413295685894
510.52	0.12852842594095631
510.78	0.1286960427344328
511.04	0.13138223340502458
511.3	0.13073469544763855
511.56	0.13228008798197885
511.82	0.13392983201106518
512.08	0.13835699624512549
512.34	0.1380316052291464
512.6	0.13964547951650813
512.86	0.1411763441960823
513.12	0.14557312420185367
513.38	0.14833031951286602
513.64	0.15064537431284833
513.9	0.15184503414405834
514.16	0.1502068450164012
514.42	0.1502070462881914
514.67	0.15255380390298715
514.93	0.15659018983671094
515.19	0.15946062430882862
515.45	0.15905941509167626
515.71	0.15954203593649427
515.97	0.15784794071575958
516.23	0.15878620384060255
516.49	0.15832004397182542
516.75	0.15830331222413083
517.01	0.15828931493623885
517.27	0.16067930119096227
517.53	0.16426049047598887
517.79	0.16905763976215646
518.05	0.1749033804843207
518.31	0.18294092639899753
518.56	0.19358772312983596
518.82	0.2100076842982535
519.08	0.23816615848885955
519.34	0.2776392689235089
519.6	0.3263834263219215
519.86	0.37313799400845493
520.12	0.41874927634719056
520.38	0.4531820606023505
520.64	0.4745223180503952
520.9	0.4842113092370358
521.16	0.5111277284373734
521.42	0.5605001242720804
521.68	0.5561245816945506
521.93	0.4784743147375858
522.19	0.36845862904521487
522.45	0.3018852782414666
522.71	0.27724851165199954
522.97	0.25473494959015774
523.23	0.23703560761047685
523.49	0.21846516991074996
523.75	0.206780838655564
524.01	0.1937280163391161
524.27	0.18778764023008643
524.53	0.17923512738583658
524.79	0.17377040039036257
525.04	0.16734662034490663
525.3	0.1653773237066054
525.56	0.16260778916993768
525.82	0.1624795651956053
526.08	0.15896112392032685
526.34	0.15852066453649055
526.6	0.15354186341127635
526.86	0.15352790488106727
527.12	0.15076112970407296
527.38	0.15294194907282277
527.63	0.1527687527400046
527.89	0.15353350650227307
528.15	0.153369131573111
528.41	0.15352508302311665
528.67	0.15231456324455203
528.93	0.15135754651673416
529.19	0.15327543833065135
529.45	0.15626014722443474
529.71	0.1593909495724723
529.97	0.1581925882654945
530.22	0.1577570215922603
530.48	0.1577069458422911
530.74	0.1592767452554127
531.0	0.16161049448731862
531.26	0.16148305608675875
531.52	0.16243742484881735
531.78	0.1640814069893287
532.04	0.16580505963149778
532.3	0.16834671049611677
532.55	0.16477439146675668
532.81	0.1644819089064587
533.07	0.16518390760812537
533.33	0.16891265551723478
533.59	0.17263124154328655
533.85	0.1735845108074876
534.11	0.1726891191273887
534.37	0.1715331550738944
534.62	0.17163486914173776
534.88	0.17735071715044481
535.14	0.1815917760106784
535.4	0.18451368314963595
535.66	0.18476982063420272
535.92	0.1851979896656451
536.18	0.18557185266445195
536.44	0.18763491907036078
536.69	0.19155461747552888
536.95	0.1953753932093751
537.21	0.1986145691729586
537.47	0.20047890544881497
537.73	0.20221993016481107
537.99	0.20657656713742178
538.25	0.21228474446619938
538.51	0.21954839852230973
538.76	0.22600528110335164
539.02	0.23296812304850859
539.28	0.2395216352974802
539.54	0.248023965299508
539.8	0.25625712535350725
540.06	0.2663657286926211
540.32	0.2729618060858793
540.57	0.2805861601265619
540.83	0.2867474871004789
541.09	0.2961410541504933
541.35	0.30200250944442264
541.61	0.3054423394363841
541.87	0.3075709933081662
542.13	0.30687807115244486
542.38	0.30702679034372826
542.64	0.3094295283693088
542.9	0.3148314231641385
543.16	0.32230941731348317
543.42	0.32672878869207744
543.68	0.3334426573630293
543.94	0.34298085777782455
544.19	0.356315440437087
544.45	0.37767690309712665
544.71	0.41103727771468745
544.97	0.4586831963862109
545.23	0.5205488314162761
545.49	0.5873387318873327
545.74	0.6551770329260617
546.0	0.7068596003916308
546.26	0.7464427527183584
546.52	0.7647390482920136
546.78	0.7972493539846398
547.04	0.8512347586231634
547.29	0.8505083716832091
547.55	0.777597218062243
547.81	0.65097036576187
548.07	0.5514821968903536
548.33	0.4865288895961325
548.59	0.4317268186488318
548.84	0.3934096422295366
549.1	0.358879018504756
549.36	0.3324053498495807
549.62	0.3089386497302131
549.88	0.2923651216459541
550.14	0.2769004084613106
550.39	0.26486790380778347
550.65	0.25426889124380453
550.91	0.2448252012067209
551.17	0.23915814925040804
551.43	0.2336882378756704
551.69	0.22846851833436777
551.94	0.2215564242736931
552.2	0.2162074735087201
552.46	0.21293102198234035
552.72	0.21103710872634665
552.98	0.20991263489700684
553.24	0.2080923278716954
553.49	0.20761064651969452
553.75	0.20545915228781977
554.01	0.203987298193984
554.27	0.2016392839168552
554.53	0.2004830212666376
554.78	0.20183766133127853
555.04	0.20546893840872468
555.3	0.2100151189478079
555.56	0.21440130305704358
555.82	0.21495651110759592
556.07	0.2156769785685812
556.33	0.21456747079934665
556.59	0.21551906972211185
556.85	0.21374937480629924
557.11	0.21185060557743807
557.37	0.20854702589879553
557.62	0.20897336205063102
557.88	0.2084268093944781
558.14	0.20581581624488304
558.4	0.20527193566307755
558.66	0.20386915251147839
558.91	0.2058609818511819
559.17	0.20291916149693226
559.43	0.20154410745133344
559.69	0.20137793683592223
559.95	0.203082370840405
560.2	0.2035585884830997
560.46	0.20068973938020843
560.72	0.19919116911499096
560.98	0.1973534415626755
561.24	0.2018391002783483
561.49	0.20385876201088232
561.75	0.20712243688195062
562.01	0.20657447019157918
562.27	0.20541915347708506
562.52	0.2062689179829257
562.78	0.206244986309719
563.04	0.20781702967377066
563.3	0.20766723767861114
563.56	0.20671043997739988
563.81	0.20190427792263196
564.07	0.19798848155300613
564.33	0.1921063241115657
564.59	0.19224625755812802
564.85	0.18940099654849982
565.1	0.18562702520917929
565.36	0.179919677185031
565.62	0.1723032490115116
565.88	0.1698280634621432
566.13	0.16403173789825476
566.39	0.15863340061956774
566.65	0.15032330302274963
566.91	0.14043086646027825
567.17	0.13491300109535473
567.42	0.12832717042742572
567.68	0.12779404628745322
567.94	0.1253140034267299
568.2	0.12427781969781376
568.45	0.11942664941991388
568.71	0.11831080790028145
568.97	0.12073849076949486
569.23	0.12295218270802849
569.49	0.12599024991457208
569.74	0.12765304638327782
570.0	0.13338570471692693
570.26	0.1343881453033729
570.52	0.13421507386970383
570.77	0.13093908676464608
571.03	0.12722171339364777
571.29	0.12481144498800084
571.55	0.1227950287051898
571.8	0.12486886842469005
572.06	0.12571474561159052
572.32	0.127245293418
572.58	0.12180070793793737
572.83	0.11883621990986626
573.09	0.11802575804498985
573.35	0.11940698595177424
573.61	0.11938440840686546
573.86	0.11812066629661605
574.12	0.11883700501146385
574.38	0.11723475244258541
574.64	0.11587939978752701
574.89	0.11284522748124737
575.15	0.1086831353941464
575.41	0.10655232694855532
575.67	0.10695174621006454
575.92	0.10908643260235532
576.18	0.10743633967585559
576.44	0.10613671907068209
576.7	0.10560176219062906
576.95	0.10756494696827787
577.21	0.107995795419767
577.47	0.1073511118297358
577.73	0.10472995990148234
577.98	0.10428648379264313
578.24	0.10475276724878613
578.5	0.10524262683472405
578.76	0.10285294510477053
579.01	0.10295185452076944
579.27	0.10347669217245223
579.53	0.10126148961828771
579.79	0.09936349681792053
580.04	0.09854075327487821
580.3	0.10172495933503908
580.56	0.10264117928727007
580.81	0.10114468007929073
581.07	0.09988692844130448
581.33	0.09898807109325458
581.59	0.09865004461878585
581.84	0.09613616483921722
582.1	0.09389185980381934
582.36	0.09278936599593363
582.62	0.09367894666578944
582.87	0.09276040193995433
583.13	0.09045314099808324
583.39	0.08962162154382436
583.64	0.08869163989028789
583.9	0.0910499096730307
584.16	0.09095549269485534
584.42	0.09240137215578623
584.67	0.09203610861448144
584.93	0.09100255021491599
585.19	0.09022063333046412
585.45	0.08998882381308326
585.7	0.09170491678450851
585.96	0.09053448880044845
586.22	0.08997403349439212
586.47	0.08960452353634912
586.73	0.08905860004411278
586.99	0.089755402745849
587.25	0.08772710283196977
587.5	0.08954923581033161
587.76	0.08968411646076382
588.02	0.0912136732464951
588.27	0.09223247336835294
588.53	0.09087437497694859
588.79	0.0926371285693317
589.04	0.09353500153574312
589.3	0.09491854146983428
589.56	0.09662610549040135
589.82	0.09523435111342049
590.07	0.09483723299774302
590.33	0.09170123613926381
590.59	0.09169031946391207
590.84	0.08986932163670233
591.1	0.08733679976259387
591.36	0.08420443429512364
591.61	0.08157722044567911
591.87	0.07921851958461579
592.13	0.07784563810306874
592.39	0.07672368025563528
592.64	0.07514788688638269
592.9	0.07408761499391603
593.16	0.07204749767369686
593.41	0.07056746932058822
593.67	0.06808143422451354
593.93	0.06771129364258674
594.18	0.0663487457967423
594.44	0.06617056818159925
594.7	0.06669960006080974
594.95	0.06809313430305852
595.21	0.068795715350497
595.47	0.07114233706902329
595.73	0.07432651694704095
595.98	0.07710588604218033
596.24	0.07788789630228757
596.5	0.0803497715294002
596.75	0.08088265484447096
597.01	0.08121805706989385
597.27	0.08024699578323335
597.52	0.08068922222699704
597.78	0.08169067827516246
598.04	0.08171375012026147
598.29	0.0828080904645242
598.55	0.08182147047439059
598.81	0.08226647330905151
599.06	0.08181157986355903
599.32	0.08257946366316285
599.58	0.07962467731688722
599.83	0.0800245936768478
600.09	0.07972596799754486
600.35	0.0815231089982199
600.6	0.08045200949574394
600.86	0.07878824409969917
601.12	0.07818221464651054
601.37	0.07716373789018466
601.63	0.0784893358110722
601.89	0.07909087793649704
602.14	0.07918811132408038
602.4	0.07867839968677526
602.66	0.07811846516616867
602.91	0.07970890667007291
603.17	0.07776715332291093
603.43	0.07619500926156833
603.68	0.07290764663812993
603.94	0.07424732783737431
604.2	0.07483213702197772
604.45	0.07679613452451967
604.71	0.07634339254148449
604.97	0.07593877431667734
605.22	0.07531637751979117
605.48	0.07534733478347799
605.74	0.0746169024911656
605.99	0.07420625621562804
606.25	0.07400761742886613
606.51	0.07504458791791656
606.76	0.07671123785917625
607.02	0.07493780197624932
607.27	0.07540327715602649
607.53	0.07352569529991884
607.79	0.07412680174185377
608.04	0.07484518132893327
608.3	0.07537212035674593
608.56	0.0766275472747241
608.81	0.07385821461628819
609.07	0.07377099076964228
609.33	0.06980775483567409
609.58	0.0683945878548636
609.84	0.06669085698656921
610.1	0.06818017341571214
610.35	0.07131453122778181
610.61	0.07195895266416133
610.86	0.07381088502011961
611.12	0.07244508603343722
611.38	0.07343186775221913
611.63	0.07338630742886568
611.89	0.07327472684336218
612.15	0.07143394420625263
612.4	0.07150372801250618
612.66	0.07275051380984612
612.92	0.07449105192262112
613.17	0.07120479182528516
613.43	0.06857781539453411
613.68	0.06676862417248963
613.94	0.06887186730844941
614.2	0.0694217212694275
614.45	0.07065992823981987
614.71	0.0689448260703813
614.97	0.07024629319992287
615.22	0.0696328837285031
615.48	0.0699008425645524
615.73	0.06818294098157379
615.99	0.06671200072737674
616.25	0.06554553534199378
616.5	0.06377583098888043
616.76	0.0634540605557769
617.01	0.06347101659790427
617.27	0.0652989150897407
617.53	0.06457668862250954
617.78	0.06281490344411111
618.04	0.06101848248241598
618.3	0.05981329225177259
618.55	0.0627089842488375
618.81	0.06218330394543792
619.06	0.06491137063407032
619.32	0.06382760411011992
619.58	0.06465235283562995
619.83	0.06342062018626995
620.09	0.0651325790630502
620.34	0.0652218573095383
620.6	0.06590000471500787
620.86	0.06572149777093039
621.11	0.06625920286122322
621.37	0.06477875340997091
621.62	0.0646294369221948
621.88	0.06606281909170753
622.14	0.06808081544338018
622.39	0.06635444720473951
622.65	0.06526260450801674
622.9	0.06498337653221675
623.16	0.06508595966238755
623.42	0.06462408719935298
623.67	0.0661593473600049
623.93	0.06601212155436528
624.18	0.06662500105688833
624.44	0.06352002685585678
624.7	0.062008504951356985
624.95	0.061418851585300166
625.21	0.06233805624543151
625.46	0.06545044283156122
625.72	0.06447819252324961
625.98	0.0654327762554557
626.23	0.06366598915853713
626.49	0.06641842349872273
626.74	0.06521608082151226
627.0	0.06420651366673724
627.25	0.06251663691487955
627.51	0.061558313575297535
627.77	0.06361194813855664
628.02	0.06462421019155869
628.28	0.06511736780718641
628.53	0.0640886208780945
628.79	0.062290908703833164
629.04	0.06257317901832342
629.3	0.06336277223846373
629.56	0.06257022357289088
629.81	0.06394050678293789
630.07	0.06297326201240538
630.32	0.06347241386058698
630.58	0.05978116117401558
630.83	0.06047044792589522
631.09	0.06086153725878567
631.35	0.06380746838322872
631.6	0.06279488759374505
631.86	0.06111693531509384
632.11	0.060238386962960896
632.37	0.0627816506017807
632.62	0.06417345442047895
632.88	0.06503219205437272
633.14	0.06362275100947251
633.39	0.06460771366528015
633.65	0.061553458389577514
633.9	0.061064334030272116
634.16	0.06091959971132954
634.41	0.06258443761508214
634.67	0.06103493576618685
634.93	0.05860718009131796
635.18	0.05797163375421149
635.44	0.05975713558358933
635.69	0.06126933585546884
635.95	0.060515361377153076
636.2	0.058288291324680386
636.46	0.05867933909597532
636.71	0.05925250515436298
636.97	0.05939343469913083
637.22	0.05877938770397503
637.48	0.058925566605818075
637.74	0.05949267627335236
637.99	0.05881221550058305
638.25	0.0583300835595032
638.5	0.058816133125815656
638.76	0.05753155647389366
639.01	0.05902917877515784
639.27	0.0587042061478088
639.52	0.06003443432947833
639.78	0.05844801315094081
640.03	0.06006444212561832
640.29	0.06137313143761189
640.55	0.06239063357397828
640.8	0.06136253130973504
641.06	0.060914758596289476
641.31	0.05834542474710959
641.57	0.058691364538760185
641.82	0.05768538262383953
642.08	0.058567803390829065
642.33	0.05751154241181465
642.59	0.05670504487617109
642.84	0.056206063844184945
643.1	0.057509137979152664
643.35	0.05830228365482587
643.61	0.05938130937158875
643.87	0.059042217313338766
644.12	0.05908918913759745
644.38	0.06057710070336944
644.63	0.059157475592007125
644.89	0.05770341543735026
645.14	0.05641054000647508
645.4	0.0564071418225639
645.65	0.05670718948804346
645.91	0.05646131998290693
646.16	0.05578631708165627
646.42	0.05503347726501906
646.67	0.05498529243030176
646.93	0.05571915309566691
647.18	0.05624551727703825
647.44	0.05606933843943146
647.69	0.05711105841553815
647.95	0.05814800331064687
648.2	0.05837071844979974
648.46	0.05724367522218296
648.71	0.057590296781780764
648.97	0.0576570091420128
649.22	0.0580920889579786
649.48	0.05958863430300765
649.73	0.06062146927148987
649.99	0.06194186242081373
650.24	0.06054948947650432
650.5	0.059634360401498915
650.75	0.05906254636984884
651.01	0.05969755306663882
651.26	0.06178221354838673
651.52	0.06301733593872094
651.77	0.065000960965401
652.03	0.06398844973764745
652.28	0.06566285036051261
652.54	0.06281360545861958
652.79	0.0618245202498624
653.05	0.05956080926265234
653.3	0.06077439183125061
653.56	0.06393259756715958
653.81	0.06419354634731778
654.07	0.06433870958096022
654.32	0.06409686977493648
654.58	0.0665999149331335
654.83	0.06722509542130153
655.09	0.06930537514703794
655.34	0.07114858141428382
655.6	0.07498390752911271
655.85	0.07710828970179989
656.11	0.07618625079151378
656.36	0.07580733867920761
656.62	0.07622899167288558
656.87	0.07787569791485505
657.13	0.07975473544425365
657.38	0.07688901662691089
657.64	0.07382158240335299
657.89	0.07017641313174255
658.15	0.07115005576323058
658.4	0.07223607197303547
658.66	0.07044389514467728
658.91	0.06910256226423617
659.17	0.06759508207308981
659.42	0.06610770229853949
659.68	0.06302668128995714
659.93	0.06310430531006311
660.19	0.06287894386538667
660.44	0.06064759631702826
660.7	0.05642173702448419
660.95	0.055050332216281805
661.2	0.05622539129471027
661.46	0.0564680740740055
661.71	0.05730385425261414
661.97	0.05787069318252791
662.22	0.05733239409627472
662.48	0.056217690710713725
662.73	0.05522647228792443
662.99	0.055219482818961385
663.24	0.05463836974650152
663.5	0.056084028873365305
663.75	0.056256567707795344
664.01	0.05885065802291188
664.26	0.055843756782167686
664.52	0.05694565629792461
664.77	0.05372445745221513
665.02	0.05294100452743224
665.28	0.05085780956376107
665.53	0.05137430618101786
665.79	0.05144972144503687
666.04	0.05128387933906775
666.3	0.05196894109604633
666.55	0.0518849262334934
666.81	0.05364151262347619
667.06	0.05277912519934044
667.32	0.05249514043459426
667.57	0.051393612761427204
667.82	0.051092188877321504
668.08	0.05062536281618274
668.33	0.04970529181733624
668.59	0.05013343769074505
668.84	0.04891798378947876
669.1	0.049391578465206504
669.35	0.0424384843217791
669.61	0.045063658205919926
669.86	0.043511199480028157
670.11	0.05026728168006904
670.37	0.0472274461386655
670.62	0.04706249894000197
670.88	0.045016935955627196
671.13	0.04752642127255638
671.39	0.048700254688821526
671.64	0.04990595639886955
671.9	0.04723337517772705
672.15	0.046157008206647115
672.4	0.045230668865268525
672.66	0.04776581904488189
672.91	0.04672369776627701
673.17	0.04722691817411745
673.42	0.04564142429513887
673.68	0.046744792554657855
673.93	0.046595841785291886
674.18	0.04574505552242668
674.44	0.04616966735928121
674.69	0.04535084378561502
674.95	0.04416530782255186
675.2	0.04407519029106402
675.46	0.0432929342483086
675.71	0.045405989753501186
675.96	0.043565565270593826
676.22	0.04524089879668641
676.47	0.044383345366417276
676.73	0.044763218692358706
676.98	0.04456111424178111
677.23	0.04421679049797192
677.49	0.0429807464032939
677.74	0.04121343672962771
678.0	0.04219753493391806
678.25	0.0434139592435481
678.51	0.042378576250670735
678.76	0.04413313619581408
679.01	0.04400744942626847
679.27	0.046735719822599234
679.52	0.04621917777778037
679.78	0.04684284496770191
680.03	0.04505294313970623
680.28	0.04413813320886115
680.54	0.04400018495168054
680.79	0.04586123805980971
681.05	0.044751764651821235
681.3	0.04496426636745614
681.55	0.04406545950344276
681.81	0.04406863109240411
682.06	0.04148453748599738
682.32	0.03980982453571727
682.57	0.0381039156689334
682.82	0.03930320449829684
683.08	0.04119749564207803
683.33	0.04480746664513224
683.59	0.04395861116090363
683.84	0.04393472602809628
684.09	0.041928511146098316
684.35	0.04278262884501609
684.6	0.040784508786059936
684.86	0.040321131474663846
685.11	0.037923964656815246
685.36	0.03843052718906084
685.62	0.037042895576574836
685.87	0.040350504242212704
686.13	0.040711906907532916
686.38	0.043012697342258446
686.63	0.04049039869847883
686.89	0.03854988499239552
687.14	0.03491684172245896
687.4	0.03508577366804183
687.65	0.03408124223454673
687.9	0.03655478736083877
688.16	0.036456112229612675
688.41	0.03822102964412946
688.66	0.03757581016843174
688.92	0.0381860419915878
689.17	0.03898843797020027
689.43	0.03969689282213376
689.68	0.03868743193447846
689.93	0.03762656415321293
690.19	0.03716747423758979
690.44	0.03882445594573128
690.69	0.0390314664257887
690.95	0.03909138965803893
691.2	0.036933779336800115
691.46	0.03726070774570264
691.71	0.03558252406102759
691.96	0.03416221382910588
692.22	0.03345976658633533
692.47	0.033663954467932106
692.72	0.034960537877013614
692.98	0.035387792472151736
693.23	0.03473454409613776
693.49	0.03318137262751536
693.74	0.03139353159996447
693.99	0.03083225525582821
694.25	0.03143693908288192
694.5	0.03193122706396939
694.75	0.03161087491597771
695.01	0.03372249086089374
695.26	0.032182449840693184
695.51	0.032639431402663815
695.77	0.03214988392695481
696.02	0.03244267886826378
696.27	0.03216075704783737
696.53	0.030005130138787375
696.78	0.028843659873612967
697.04	0.02818706825189235
697.29	0.02917240337082562
697.54	0.030706891960501317
697.8	0.031709693660188
698.05	0.030341841538809394
698.3	0.030211209856668947
698.56	0.030311256334898562
698.81	0.030371872110884338
699.06	0.02968128694608907
699.32	0.0292629000326885
699.57	0.02927824933170768
699.82	0.026909112638385968
700.08	0.02762612176283187
700.33	0.02776460962647853
700.58	0.030140918778471373
700.84	0.02881294954922098
701.09	0.0296451406120391
701.34	0.02892654101394794
701.6	0.02755975342839069
701.85	0.026460228744355663
702.1	0.02579898402819758
702.36	0.025602841894611816
702.61	0.026198797143642608
702.86	0.02716708272914775
703.12	0.029091366134480004
703.37	0.027304191692864438
703.62	0.027241226145998443
703.88	0.026614291712194163
704.13	0.02825963079901024
704.38	0.02766487377482331
704.64	0.02468776948009624
704.89	0.022697814972345395
705.14	0.020300618489991124
705.4	0.02079202143225488
705.65	0.021279402846055367
705.9	0.023096273353050853
706.16	0.02536722298961626
706.41	0.023932288617490985
706.66	0.023572045750845275
706.92	0.022627660169886085
707.17	0.02205549111381927
707.42	0.018629262796860876
707.68	0.019832154042469657
707.93	0.020938974764077564
708.18	0.022379800493740346
708.44	0.01891047089992766
708.69	0.017543839105002526
708.94	0.018090759963418204
709.19	0.01889241124988761
709.45	0.017826153265995
709.7	0.01982044718253531
709.95	0.019990043666078414
710.21	0.022733257489116587
710.46	0.021894894366380327
710.71	0.020176392931220255
710.97	0.02021118632746932
711.22	0.019202970475839326
711.47	0.021364793342043845
711.73	0.020027072896204187
711.98	0.02045570100196642
712.23	0.01980297724503445
712.48	0.02018763550672921
712.74	0.019808507779858944
712.99	0.020058075260262306
713.24	0.02099666135443372
713.5	0.020676526008685928
713.75	0.017851293330579665
714.0	0.01610809641288495
714.26	0.017151470633023344
714.51	0.01947908547373757
714.76	0.02032757396876947
715.01	0.020991664888591527
715.27	0.019732641668578285
715.52	0.019682811960751848
715.77	0.018634027169760592
716.03	0.020666018477781115
716.28	0.02088636073728735
716.53	0.01968731009815447
716.78	0.0196547290418954
717.04	0.0188422303794865
717.29	0.0180865639348166
717.54	0.015322836632490858
717.8	0.01558012295659747
718.05	0.01645789067428141
718.3	0.01773371195678307
718.55	0.016381621305797414
718.81	0.015614780053227334
719.06	0.013725435734625063
719.31	0.01371752522567396
719.57	0.01487470011472479
719.82	0.015713558735106978
720.07	0.014952326171524435
720.32	0.014208311091409881
720.58	0.01332092753722837
720.83	0.013907818597172661
721.08	0.013335854815759107
721.33	0.0136433263713584
721.59	0.011964910454214536
721.84	0.010855582264150954
722.09	0.009159071631874016
722.35	0.009696675914871195
722.6	0.010113579023783986
722.85	0.011093891138019563
723.1	0.011814733687025653
723.36	0.011529029328113338
723.61	0.012615157223865442
723.86	0.011725518627051387
724.11	0.010583275651222232
724.37	0.011545832971711967
724.62	0.011234137892266696
724.87	0.012995756048610876
725.12	0.012275768535072257
725.38	0.013200197034491434
725.63	0.012583589117835373
725.88	0.013033754794277208
726.13	0.01250837425684699
726.39	0.014139089382670542
726.64	0.011738636082468265
726.89	0.012013012690570271
727.14	0.011506632503422556
727.4	0.012406920308785041
727.65	0.011547108469166303
727.9	0.009554719180146484
728.15	0.008115331350718055
728.41	0.0098419576767753
728.66	0.00983610822494621
728.91	0.012336110322365978
729.16	0.010525391047293664
729.42	0.010683539370401285
729.67	0.00956895646780706
729.92	0.011515122957593216
730.17	0.01187837743635875
730.43	0.01079557975381712
730.68	0.008626149576225414
730.93	0.00821474667196384
731.18	0.007726912952633488
731.44	0.007552697037692804
731.69	0.007971915178276348
731.94	0.00847765111671811
732.19	0.007546950500371227
732.45	0.006310951455291952
732.7	0.004533509548969111
732.95	0.006702263771014766
733.2	0.008097793201256004
733.45	0.00850021201137724
733.71	0.00681653688804347
733.96	0.007474181472863009
734.21	0.0073089545026278485
734.46	0.007945277884639529
734.72	0.006234831239905786
734.97	0.00689349013882809
735.22	0.0072153323226686605
735.47	0.007092915926791191
735.72	0.007656268072861197
735.98	0.007431703565947093
736.23	0.007261626852893804
736.48	0.007042600876571492
736.73	0.006553899041332953
736.99	0.007735650403830244
737.24	0.007257518512967812
737.49	0.006990044243639526
737.74	0.006103545145342643
737.99	0.004379509506831913
738.25	0.0044486222291619665
738.5	0.00467016405764023
738.75	0.007725140581059969
739.0	0.007566002233154193
739.25	0.00586913751723904
739.51	0.006239673142093213
739.76	0.005357948949912039
740.01	0.006352282800616116
740.26	0.0050755778224854525
740.52	0.005089764896891627
740.77	0.0028864126984947946
741.02	0.00244083111193473
741.27	0.004903985081739018
741.52	0.008873359728499328
741.78	0.011289738657816628
742.03	0.013324882646346348
742.28	0.014102801669587689
742.53	0.014439910843108125
742.78	0.011918444721178936
743.04	0.011567160512691924
743.29	0.012455373220501428
743.54	0.01612163339891587
743.79	0.02069053454154106
744.04	0.024190235364997037
744.3	0.024355439715939314
744.55	0.024394100292875698
744.8	0.021427755021056746
745.05	0.021468875545779684
745.3	0.018909679867272683
745.55	0.01991200418648291
745.81	0.018128700461513214
746.06	0.021148234987156872
746.31	0.02319375619124467
746.56	0.027893916617290015
746.81	0.027921140488039897
747.07	0.028816612710060974
747.32	0.027901252464651582
747.57	0.02608588778910001
747.82	0.023607011581771448
748.07	0.020343561137897093
748.32	0.019898474105574604
748.58	0.018879070661954975
748.83	0.01847443080527081
749.08	0.01626170956299873
749.33	0.013376221074141631
749.58	0.011171018503832994
749.84	0.009937006738414578
750.09	0.010730888969431751
750.34	0.01036186935666042
750.59	0.007778979420816706
750.84	0.0067568199445667
751.09	0.0037339327062003713
751.35	0.003029262023273388
751.6	0.0025043834940964432
751.85	0.0049449437200472235
752.1	0.007202850446058673
752.35	0.004346253733479161
752.6	0.003237128431621522
752.86	0.001972297468047113
753.11	0.00432540782932217
753.36	0.004751996663658081
753.61	0.004611849005896451
753.86	0.004438341238486576
754.11	0.004397433343902954
754.37	0.005695397067560837
754.62	0.005226507358255333
754.87	0.004517585619570275
755.12	0.0015499124749274035
755.37	0.00047647242582136984
755.62	-0.000526898534867537
755.87	0.001549542992091299
756.13	0.0021811277164311693
756.38	0.0024971341452945245
756.63	0.0004954143780950687
756.88	-0.002671037443978161
757.13	-0.0022810030601123354
757.38	-0.003395227124403058
757.64	-0.0006347835046644074
757.89	-0.0014360370161299596
758.14	-0.0019442295017907674
758.39	-0.0017274584270692422
758.64	-0.003460619727552794
758.89	-0.0019403966005545475
759.14	-0.00360768360427563
759.4	-0.0030894715085485747
759.65	-0.0032012148227156673
759.9	-0.002963466253557784
760.15	-0.0013648094577497771
760.4	0.0006500559568009129
760.65	0.0011212349486988335
760.9	0.00037558706613528836
761.15	-0.0007546866238202915
761.41	-0.0017474059105310608
761.66	-0.001090770281530859
761.91	-0.0024982140143091774
762.16	-0.0011041243107625665
762.41	-0.0031631432839931695
762.66	-0.0017726672281141026
762.91	-0.002675774626266017
763.17	-0.001699001022498342
763.42	-0.0026663757330440546
763.67	-0.0031255584615073745
763.92	-0.0034550840149677464
764.17	-0.0031212350598628508
764.42	-0.0020928026754024748
764.67	-0.002316845436342793
764.92	-0.003616582847492694
765.18	-0.0032104238461229534
765.43	-0.000891933643291834
765.68	-0.0010311295726743164
765.93	-0.0023692867640685844
766.18	-0.0029388068022809938
766.43	-0.0020516606526881087
766.68	-0.0007326874133560118
766.93	0.0004917008977608495
767.18	0.004489838124112938
767.44	0.0074846668244984565
767.69	0.015607219127296498
767.94	0.02171596292792058
768.19	0.02958685356042992
768.44	0.0309068036171926
768.69	0.03090263165919338
768.94	0.028263074440198682
769.19	0.029456495055953366
769.44	0.03249216634309195
769.7	0.03444452349098588
769.95	0.029143335506391158
770.2	0.020688045144186082
770.45	0.012886861301996871
770.7	0.00853779508205628
770.95	0.006455748689966234
771.2	0.00614669423489915
771.45	0.003466553681485074
771.7	0.0020098200265575156
771.95	0.0012989997999485053
772.21	0.000981114901633412
772.46	-3.0026987600600963e-05
772.71	-0.0007240928571917021
772.96	0.0002723800017054995
773.21	0.0012470796850965332
773.46	-0.0002067296247970224
773.71	-0.0005932099720701578
773.96	0.0005745113238543875
774.21	0.001504689625771577
774.46	0.0017438451160515095
774.72	0.0007455844792367272
774.97	0.0017700472536576889
775.22	0.0026178051313617973
775.47	0.00022516406311748338
775.72	-0.005492928216751805
775.97	-0.0147157853391654
776.22	-0.017436109412854256
776.47	-0.013759544700808785
776.72	0.0007977480139795823
776.97	0.014062057692468377
777.22	0.026227559362195924
777.47	0.028794003489905767
777.73	0.02534629830643434
777.98	0.015714587259225227
778.23	0.011429784426475048
778.48	0.012386313597693932
778.73	0.016467068708049065
778.98	0.015454247979721752
779.23	0.011852877844863649
779.48	0.008148800864036562
779.73	0.007840446391491451
779.98	0.007838079674193199
780.23	0.006647947055667361
780.48	0.004054491237547364
780.73	0.0005444128008243454
780.98	-0.0012068239719924684
781.24	-0.0026997114138613137
781.49	-0.0015936991435014786
781.74	-0.0008584257628532765
781.99	-0.0008653845193507953
782.24	-0.002160249155070404
782.49	-0.0032089426127407256
782.74	-0.0032960827720686647
782.99	-0.004064829680373458
783.24	-0.004558174069880877
783.49	-0.005975166548497057
783.74	-0.005728545586756312
783.99	-0.0077395720407684165
784.24	-0.006651102355798563
784.49	-0.006779868688419122
784.74	-0.0063572307784972165
784.99	-0.008308734254797473
785.24	-0.006923528073715324
785.49	-0.004764830665063155
785.75	-0.006903846989351356
786.0	-0.010716942171778182
786.25	-0.011628264599515853
786.5	-0.00981733524999305
786.75	-0.007148039660684856
787.0	-0.009289237912994741
787.25	-0.008820530509296001
787.5	-0.010140611015290943
787.75	-0.008778230710495952
788.0	-0.011566063074834904
788.25	-0.009293706391532416
788.5	-0.00908078257361404
788.75	-0.006674414694275009
789.0	-0.007475776642121595
789.25	-0.006178148191055048
789.5	-0.005382860402789617
789.75	-0.005820083195971937
790.0	-0.007878715169987068
790.25	-0.008085770778625517
790.5	-0.01161620666857785
790.75	-0.013315171819844318
791.0	-0.013773133052608147
791.25	-0.013246518443928032
791.5	-0.010756862257264091
791.75	-0.010158932562305503
792.01	-0.010503756150747362
792.26	-0.010393417457378887
792.51	-0.012105643408894196
792.76	-0.008840388806129196
793.01	-0.009128375764967847
793.26	-0.005962148993447727
793.51	-0.007015783949040538
793.76	-0.007257283509309709
794.01	-0.00918459058331711
794.26	-0.0073382113391616405
794.51	-0.005933075286896933
794.76	-0.003000268894374436
795.01	-0.004135103006959101
795.26	-0.00414096962953843
795.51	-0.005995679573849777
795.76	-0.005359978809984997
796.01	-0.007401897211399944
796.26	-0.007877392272025385
796.51	-0.008037894130439233
796.76	-0.0063639375986451335
797.01	-0.005377174140887897
797.26	-0.006587401752853397
797.51	-0.006643642851875534
797.76	-0.008902897931769502
798.01	-0.009082174618862196
798.26	-0.011659395134858225
798.51	-0.011033502548376109
798.76	-0.009388533749783629
799.01	-0.00884162913544452
799.26	-0.007580964675685947
799.51	-0.008995865908038594
799.76	-0.008792956387034818
800.01	-0.011485220901293773
800.26	-0.010986473862047319
800.51	-0.011529536405808005
800.76	-0.010182135970792101
801.01	-0.010832847151795312
801.26	-0.010141935680669713
801.51	-0.010329150862743282
801.76	-0.010291097620401368
802.01	-0.010438540611888938
802.26	-0.01131818222357038
802.51	-0.013678719594781008
802.76	-0.014812404063943796
803.01	-0.015087489197539994
803.26	-0.013012719603046403
803.51	-0.012146163666610879
803.76	-0.012301708323271876
804.01	-0.013586215238581584
804.26	-0.012631015147799421
804.51	-0.01179326204227335
804.76	-0.01047728498050731
805.01	-0.011363067386795753
805.26	-0.010886825619902556
805.51	-0.011500554974491803
805.76	-0.01085245745008167
806.01	-0.015151735121947105
806.26	-0.016139614938049676
806.51	-0.017015094454951474
806.76	-0.01245254810941051
807.01	-0.011102529243390662
807.26	-0.011021644024599493
807.51	-0.010781347411300872
807.76	-0.010333541398673957
808.01	-0.010743274916383133
808.26	-0.012232674745139845
808.5	-0.012934494251239659
808.75	-0.012184483594443005
809.0	-0.011993322480864217
809.25	-0.012848505859463039
809.5	-0.013609144542730656
809.75	-0.014074390561899568
810.0	-0.013776301534159478
810.25	-0.012810565784093023
810.5	-0.01369411549625977
810.75	-0.013880878372803482
811.0	-0.016035199867545112
811.25	-0.015494568714261928
811.5	-0.017462567766286158
811.75	-0.017341175412339996
812.0	-0.016469679831329367
812.25	-0.014636064836176257
812.5	-0.011697895348338101
812.75	-0.011399252721111662
813.0	-0.010860229116324178
813.25	-0.012015578547438864
813.5	-0.012147116534725194
813.75	-0.011612405739129465
814.0	-0.012556254911098103
814.25	-0.012807688425122678
814.5	-0.01540096339891503
814.74	-0.014524529401812064
814.99	-0.016288656772777965
815.24	-0.013599084342874518
815.49	-0.014206160383945732
815.74	-0.01304751181594458
815.99	-0.015572934592893904
816.24	-0.016589398753545453
816.49	-0.016968023408785872
816.74	-0.018274144861247718
816.99	-0.018233587562299078
817.24	-0.020098205862288845
817.49	-0.017475158158442333
817.74	-0.018144023830748965
817.99	-0.013266910890414152
818.24	-0.009250707362382884
818.49	-0.005749303184702098
818.74	-0.00591107107505974
818.98	-0.009246337940839552
819.23	-0.010032003909459325
819.48	-0.013218068802892002
819.73	-0.01223932301402883
819.98	-0.014892449644216599
820.23	-0.014727207098395895
820.48	-0.019912559000347843
820.73	-0.02076444748901185
820.98	-0.01954679068656194
821.23	-0.012767096314374324
821.48	-0.006789205233611123
821.73	-0.0031292245120001227
821.98	-0.004169032665877634
822.23	-0.004662422655005924
822.47	-0.008896021221539277
822.72	-0.010060875695844754
822.97	-0.012178663219669483
823.22	-0.011606182465187576
823.47	-0.009788424710994226
823.72	-0.008942227986553447
823.97	-0.008870930498255783
824.22	-0.010572298479873371
824.47	-0.009929363268279395
824.72	-0.008638098048770027
824.97	-0.007361250414043993
825.22	-0.007590812647628065
825.46	-0.007921425996483988
825.71	-0.007130705451717456
825.96	-0.005409900295291162
826.21	-0.0003438427196324062
826.46	0.006629618717487393
826.71	0.013132807765335403
826.96	0.01309054724735935
827.21	0.012199146826292695
827.46	0.008740545771583702
827.71	0.011956283649839555
827.96	0.01294770684239193
828.2	0.012529785072389568
828.45	0.0072416301097429775
828.7	0.001426792144620298
828.95	-0.0018000964115029786
829.2	-0.003819381387520575
829.45	-0.005943174804057351
829.7	-0.0075322970655456525
829.95	-0.008700001568683315
830.2	-0.009506580853674465
830.45	-0.011843212326142952
830.69	-0.01263229781588801
830.94	-0.013394338272232277
831.19	-0.012948403325626537
831.44	-0.012137883114831938
831.69	-0.012320906902994887
831.94	-0.012086949672165906
832.19	-0.013914360148769338
832.44	-0.01353120637570212
832.69	-0.013531020556705846
832.93	-0.013373664983839267
833.18	-0.015080705745062886
833.43	-0.015386316413774512
833.68	-0.014609659172712668
833.93	-0.014671479389293106
834.18	-0.015353371842217113
834.43	-0.016982760267286186
834.68	-0.01613958705205505
834.92	-0.014930443331339215
835.17	-0.01452968344093266
835.42	-0.015688508919593946
835.67	-0.017813615586934527
835.92	-0.017345408304291245
836.17	-0.015909363298786047
836.42	-0.014309665532868832
836.67	-0.012110296315479753
836.91	-0.014063846511768799
837.16	-0.01478407915356944
837.41	-0.015004562264268217
837.66	-0.01625095949543775
837.91	-0.017496272472810978
838.16	-0.020708824797294974
838.41	-0.01955850336378677
838.66	-0.016966747380861354
838.9	-0.01678172073049329
839.15	-0.015670090042005536
839.4	-0.016755580312481075
839.65	-0.015311416650263247
839.9	-0.014905921688916024
840.15	-0.016154849875271056
840.4	-0.015062253200105721
840.64	-0.01634250130364967
840.89	-0.014252871950021076
841.14	-0.016526094594075315
841.39	-0.015793196953388988
841.64	-0.01609593433933497
841.89	-0.01672321924748805
842.14	-0.015413332394751934
842.38	-0.018888566000634877
842.63	-0.019519265142147926
842.88	-0.02104384937900826
843.13	-0.019727121705516673
843.38	-0.022287852046376053
843.63	-0.025704483263230223
843.87	-0.028080512645156847
844.12	-0.02304134203300076
844.37	-0.018476710159203005
844.62	-0.013940204490772198
844.87	-0.016209671408795423
845.12	-0.019132222353618042
845.37	-0.020245182881109852
845.61	-0.01823510978035675
845.86	-0.01584249767841192
846.11	-0.014613469979485441
846.36	-0.014207126614564247
846.61	-0.014537627103898096
846.86	-0.016150538925067376
847.1	-0.017218447518315978
847.35	-0.020423821828404902
847.6	-0.020287698460704592
847.85	-0.020651535615260702
848.1	-0.01791668383103113
848.35	-0.01829642358923627
848.59	-0.01901998375166209
848.84	-0.018497786511306714
849.09	-0.019320032216888446
849.34	-0.01848932241697411
849.59	-0.01888643845646671
849.84	-0.016312346643453886
850.08	-0.01763893043113992
850.33	-0.01707333086588208
850.58	-0.018240920984846518
850.83	-0.018413097749647035
851.08	-0.01779282557436005
851.32	-0.01751814552743368
851.57	-0.01653751765982936
851.82	-0.019980442251710764
852.07	-0.02040283735645667
852.32	-0.02269002010331571
852.57	-0.020216970208022815
852.81	-0.022154844522539574
853.06	-0.01931075225790764
853.31	-0.020764915389121466
853.56	-0.018676833871373096
853.81	-0.01924066138943553
854.05	-0.019383266574685948
854.3	-0.019174178990870407
854.55	-0.018758499002536955
854.8	-0.01794661898361087
855.05	-0.021275358041463334
855.29	-0.02225179557158101
855.54	-0.022731688900268554
855.79	-0.02119852280821577
856.04	-0.020481581403434118
856.29	-0.020242617685583365
856.53	-0.019891142211062876
856.78	-0.01968150742836359
857.03	-0.018562786579262615
857.28	-0.01805757764070951
857.53	-0.018115326387859787
857.77	-0.020591363761104486
858.02	-0.02029864235054902
858.27	-0.02148437466018377
858.52	-0.020581229655354888
858.77	-0.019928387016261602
859.01	-0.018324312701793258
859.26	-0.017574829070271566
859.51	-0.01848766022230696
859.76	-0.0178268162853231
860.01	-0.017008374198764165
860.25	-0.016321628873236592
860.5	-0.018530755682431246
860.75	-0.019236889918771073
861.0	-0.02062990335018384
861.25	-0.02022389957663103
861.49	-0.0216330007396352
861.74	-0.022998156866871677
861.99	-0.023543885336919132
862.24	-0.024014891192552526
862.48	-0.021892826835692436
862.73	-0.01947486867956876
862.98	-0.017025537147570838
863.23	-0.01891426187627107
863.48	-0.021091163774924856
863.72	-0.02322150256935364
863.97	-0.02278207483961192
864.22	-0.022572071906923286
864.47	-0.020631579054221263
864.71	-0.01928243936478488
864.96	-0.01983655327857574
865.21	-0.019442470335089536
865.46	-0.018505508838877888
865.7	-0.01688092223260814
865.95	-0.016356607312809586
866.2	-0.0178284223007035
866.45	-0.021534292592796704
866.7	-0.027990896320670075
866.94	-0.036831585563519204
867.19	-0.043452016075251634
867.44	-0.04702253312645742
867.69	-0.043861074994523463
867.93	-0.03599341170867236
868.18	-0.030877605675285233
868.43	-0.029963801892028685
868.68	-0.033016381314198026
868.92	-0.03296910064488692
869.17	-0.03004229504479282
869.42	-0.028622119070155896
869.67	-0.02583606453721453
869.91	-0.02314956604978459
870.16	-0.020850820865304612
870.41	-0.022397206868830635
870.66	-0.02449047459944423
870.9	-0.02523413572848819
871.15	-0.02404018525384151
871.4	-0.021577014742286862
871.65	-0.01974657905543961
871.89	-0.020168598849337957
872.14	-0.020949218538075534
872.39	-0.02079039056269673
872.64	-0.01954413947048507
872.88	-0.01896541706050446
873.13	-0.01806164348823104
873.38	-0.017027884801280334
873.63	-0.01938627965654903
873.87	-0.020172939734635797
874.12	-0.019016582909016047
874.37	-0.016087618495307397
874.62	-0.01635764897529069
874.86	-0.017324866692107865
875.11	-0.01896482413487937
875.36	-0.019440847288485198
875.6	-0.019803327598277187
875.85	-0.020523703898000338
876.1	-0.021370329953283702
876.35	-0.022386894563013092
876.59	-0.02165832126474982
876.84	-0.020729190545089794
877.09	-0.02172154491313725
877.34	-0.02236870063574907
877.58	-0.022770778374982648
877.83	-0.021963088450970843
878.08	-0.021632785584646624
878.32	-0.020836802089009766
878.57	-0.020011524194349727
878.82	-0.020282965118814195
879.07	-0.021114110974541078
879.31	-0.02159173532117186
879.56	-0.021721255811446072
879.81	-0.02084210636454395
880.06	-0.02055347875218389
880.3	-0.019237620815151502
880.55	-0.02213675702599603
880.8	-0.022510401844580377
881.04	-0.02369208675538738
881.29	-0.024742883617417125
881.54	-0.025933738702366843
881.79	-0.025245262294573738
882.03	-0.021236505827295228
882.28	-0.021995988370638493
882.53	-0.022885969537605015
882.77	-0.024135313971538522
883.02	-0.022102432688572524
883.27	-0.021965313304461838
883.51	-0.021145781800450895
883.76	-0.02184111330841209
884.01	-0.023365978573536547
884.26	-0.022783255904605886
884.5	-0.02276966165691406
884.75	-0.019764154362720637
885.0	-0.020691569719555866
885.24	-0.02079449634655282
885.49	-0.021853612240126878
885.74	-0.02287230988054205
885.98	-0.020700362283839382
886.23	-0.020250799851682447
886.48	-0.020149149551408205
886.73	-0.023230497240148987
886.97	-0.024280629564218545
887.22	-0.022775376559425298
887.47	-0.020971860304488277
887.71	-0.019721777579014315
887.96	-0.020250671032970728
888.21	-0.021023304703234894
888.45	-0.02250478709911389
888.7	-0.023763366373223162
888.95	-0.022591786635716718
889.19	-0.021427318703487422
889.44	-0.020858451029722606
889.69	-0.021815953336865413
889.93	-0.020722060310864463
890.18	-0.02081784685602685
890.43	-0.02163202589947875
890.67	-0.023543407459822988
890.92	-0.021986633051631267
891.17	-0.022873259900934445
891.42	-0.023940056564619464
891.66	-0.02638184343300326
891.91	-0.025865507341298284
892.16	-0.024842751452925395
892.4	-0.025307893247308998
892.65	-0.024515117865500147
892.9	-0.023984023143510474
893.14	-0.022459225330091585
893.39	-0.022072493658551157
893.64	-0.0213459000644594
893.88	-0.01960831645633835
894.13	-0.0208991259343945
894.38	-0.022582015104486913
894.62	-0.023202165307318313
894.87	-0.021805089464307398
895.12	-0.01997093153827497
895.36	-0.02053495640856498
895.61	-0.01969479895781265
895.86	-0.019892497452010684
896.1	-0.019310319979120517
896.35	-0.01962558389920696
896.6	-0.01890457719561409
896.84	-0.019357065544088885
897.09	-0.020285125527593442
897.33	-0.022298961666043553
897.58	-0.02222479834223085
897.83	-0.02180039166438414
898.07	-0.020841220515070348
898.32	-0.021284061173535
898.57	-0.022111564158617654
898.81	-0.022882530766727333
899.06	-0.02376420335357056
899.31	-0.026583152586115162
899.55	-0.026395005389308543
899.8	-0.024475492819528023
900.05	-0.02084386588414424
900.29	-0.020540768335512112
900.54	-0.022613914796148465
900.79	-0.022372857843295797
901.03	-0.022216317068683857
901.28	-0.02147237565471384
901.52	-0.02363927118451946
901.77	-0.025807333246433674
902.02	-0.02686702432492126
902.26	-0.024787020459464452
902.51	-0.023353587786169687
902.76	-0.021096917193488145
903.0	-0.022829634130613147
903.25	-0.02257743769163053
903.5	-0.023957018530658146
903.74	-0.02440452826531892
903.99	-0.024742391370842803
904.23	-0.02553899514612379
904.48	-0.02469223617204315
904.73	-0.026398896877723482
904.97	-0.026131016114031534
905.22	-0.02729880047518371
905.47	-0.02556805459621201
905.71	-0.025463608658105298
905.96	-0.02387300678811466
906.2	-0.024380471370090424
906.45	-0.024277145745247586
906.7	-0.024907519361743367
906.94	-0.024146137243025168
907.19	-0.023497830130825438
907.44	-0.021264028300409167
907.68	-0.020295995946114698
907.93	-0.01965060093773549
908.17	-0.018964579683572496
908.42	-0.020622948419978915
908.67	-0.020466649498482963
908.91	-0.02361917305283023
909.16	-0.024189423601189135
909.4	-0.02433079694650038
909.65	-0.022594734095157894
909.9	-0.021701774615252915
910.14	-0.021910013544458002
910.39	-0.020764557859601032
910.63	-0.020615414051143748
910.88	-0.022444887432575812
911.13	-0.025777973195467013
911.37	-0.025475887534999173
911.62	-0.02399384922934074
911.86	-0.02210313693045199
912.11	-0.022433801317695436
912.36	-0.02298407715813022
912.6	-0.022999293553768847
912.85	-0.024048340939940765
913.09	-0.02455491941445386
913.34	-0.02604883064721754
913.59	-0.023804385138590477
913.83	-0.02446489745609241
914.08	-0.02284890266977525
914.32	-0.025125454043191862
914.57	-0.024750865458145258
914.82	-0.025859296537791447
915.06	-0.025219428847015564
915.31	-0.02441580568158866
915.55	-0.024752288512027307
915.8	-0.025505544095222876
916.05	-0.02491031931684743
916.29	-0.022486583342480774
916.54	-0.021329596032697108
916.78	-0.022648547458123815
917.03	-0.025187842061000824
917.27	-0.024869491033377104
917.52	-0.02341141107667743
917.77	-0.02325788190854459
918.01	-0.0241545160477289
918.26	-0.023876061449619793
918.5	-0.022520319155044804
918.75	-0.021462187527463775
919.0	-0.021884109443583412
919.24	-0.021425943057452452
919.49	-0.020814723334939493
919.73	-0.021632323792355176
919.98	-0.022425755187392177
920.22	-0.023466526205171156
920.47	-0.022855982175886306
920.72	-0.021684749327309384
920.96	-0.021641191629229378
921.21	-0.021299687540259064
921.45	-0.022831603291599067
921.7	-0.02217601286404939
921.94	-0.02361109636952693
922.19	-0.02378484682646731
922.43	-0.02400460608298756
922.68	-0.025618652677345505
922.93	-0.02606365642871057
923.17	-0.02546418433230952
923.42	-0.022038640087950694
923.66	-0.021493914136456814
923.91	-0.022329175212216258
924.15	-0.02366188092141304
924.4	-0.024375606749699352
924.64	-0.023970531081092965
924.89	-0.02413100679271955
925.14	-0.024495793837917747
925.38	-0.025254744344643545
925.63	-0.02728309669180648
925.87	-0.028560609186047373
926.12	-0.03128752610997178
926.36	-0.030680592559077874
926.61	-0.0294663986389172
926.85	-0.037330140724279544
927.1	-0.03574084018392846
927.35	-0.03466262589306243
927.59	-0.025554640866964275
927.84	-0.02478515295478813
928.08	-0.025414327288704228
928.33	-0.023890170447533374
928.57	-0.023911119198496998
928.82	-0.02427401180658966
929.06	-0.02450657151260082
929.31	-0.024747858989935555
929.55	-0.023787749745528906
929.8	-0.025450286329879376
930.04	-0.025521979710118353
930.29	-0.02527986339356417
930.54	-0.023376923807509192
930.78	-0.023291578111588405
931.03	-0.02192355651683069
931.27	-0.023168615739669246
931.52	-0.022900655001005476
931.76	-0.023994502011242872
932.01	-0.021273108455643997
932.25	-0.021289474130845976
932.5	-0.02283285254486083
932.74	-0.0242027655879704
932.99	-0.026072952083057654
933.23	-0.023879270670644406
933.48	-0.024255683188976015
933.72	-0.023347473637599512
933.97	-0.023076429823783124
934.21	-0.025616257449188027
934.46	-0.02680716935954009
934.7	-0.02936154973827009
934.95	-0.02619847439620738
935.19	-0.022899181759255306
935.44	-0.021154791210604724
935.68	-0.02175259913206437
935.93	-0.023582626496586895
936.18	-0.024243005769676522
936.42	-0.024091410591760735
936.67	-0.02382842942874697
936.91	-0.024813788496996506
937.16	-0.02802787430048197
937.4	-0.027478277627173663
937.65	-0.025967525319016586
937.89	-0.023374498706124142
938.14	-0.025010345343539995
938.38	-0.02743635467233647
938.63	-0.031688284203439665
938.87	-0.03334195070550033
939.12	-0.034677102408954594
939.36	-0.036393564392165415
939.61	-0.03630211154493192
939.85	-0.034051998593914126
940.1	-0.028247165565882096
940.34	-0.026811396377030006
940.59	-0.02650783015186457
940.83	-0.025009412412102847
941.08	-0.02560483140727972
941.32	-0.02548005226162193
941.57	-0.027716590144182124
941.81	-0.025161584856757742
942.06	-0.024568962945082155
942.3	-0.023875344548889454
942.55	-0.025078106922190486
942.79	-0.022900198313132985
943.03	-0.02305562099733839
943.28	-0.02384458281228185
943.52	-0.0282191564203515
943.77	-0.02652247238516322
944.01	-0.024856021717179374
944.26	-0.021203278949540924
944.5	-0.02121149303834815
944.75	-0.023447138565156254
944.99	-0.026408084278842295
945.24	-0.027458827687827467
945.48	-0.028555261092220664
945.73	-0.03347571591862014
945.97	-0.03307068668323186
946.22	-0.03009203645956792
946.46	-0.024086374743553948
946.71	-0.025557023300879844
946.95	-0.02611466972788567
947.2	-0.024528152089039284
947.44	-0.023045856239033862
947.69	-0.023471710846752553
947.93	-0.023759940105876894
948.17	-0.02323047549807977
948.42	-0.02191917672134322
948.66	-0.022839288442547238
948.91	-0.022549825937306086
949.15	-0.02190484532597066
949.4	-0.021049208675677146
949.64	-0.02285557045581752
949.89	-0.024268955487100268
950.13	-0.024461457356503225
950.38	-0.023515137799431873
950.62	-0.023553395312287253
950.87	-0.024371223708781
951.11	-0.02604665903372037
951.35	-0.02546231870486141
951.6	-0.025782757988683125
951.84	-0.024160787146218353
952.09	-0.023830377615065457
952.33	-0.023219220957780125
952.58	-0.02447681708719782
952.82	-0.02374279876374839
953.07	-0.022883609643817165
953.31	-0.022929980271766067
953.56	-0.024224815811435884
953.8	-0.025058695454145515
954.04	-0.021590387693511674
954.29	-0.019837264857320035
954.53	-0.018407298546047196
954.78	-0.02019997172821143
955.02	-0.02060774612303642
955.27	-0.02161381223862948
955.51	-0.021862677106168536
955.76	-0.022619708663657395
956.0	-0.022568301775687884
956.24	-0.022098815177568207
956.49	-0.023073034497369867
956.73	-0.024009111396665134
956.98	-0.02449420353351392
957.22	-0.02613550021309917
957.47	-0.026586219852885888
957.71	-0.025678779446547124
957.95	-0.02479550597412876
958.2	-0.024636439472859855
958.44	-0.0258013108571031
958.69	-0.02439214769093601
958.93	-0.02412321815035458
959.18	-0.024078259741262625
959.42	-0.025416773985303176
959.66	-0.02404679585437714
959.91	-0.022593193463762335
960.15	-0.021111627783915014
960.4	-0.02160021985838988
960.64	-0.022668156175350333
960.89	-0.02356107042513368
961.13	-0.03594001194375751
961.37	-0.03699105367868396
961.62	-0.037424510324129405
961.86	-0.025774369862323992
962.11	-0.026268911658494733
962.35	-0.023784555253705725
962.59	-0.023509194579879197
962.84	-0.020045501500306505
963.08	-0.022321709780246633
963.33	-0.022001080446087333
963.57	-0.02356279527321465
963.81	-0.022116274538226618
964.06	-0.022587829374072117
964.3	-0.024544885728066942
964.55	-0.023310663277438325
964.79	-0.025600855990479884
