274.84	-0.00872855406511798
275.1	-0.009177616431485597
275.37	-0.009135163085499692
275.64	-0.008337521684054543
275.9	-0.00783274093199407
276.17	-0.007633757139819744
276.43	-0.008022410174605414
276.7	-0.0076530376932578345
276.97	-0.008292365883534422
277.23	-0.008245675342968675
277.5	-0.00864292930428296
277.77	-0.007956798838990656
278.03	-0.00747667532315667
278.3	-0.007083467651402005
278.57	-0.006956030876880494
278.83	-0.007435384577549713
279.1	-0.007974713942142858
279.37	-0.00794795447540976
279.63	-0.008096153986822174
279.9	-0.008969385112052808
280.16	-0.009772673002036804
280.43	-0.00938639308151918
280.7	-0.008296336633023704
280.96	-0.008299014470235073
281.23	-0.008450684619584078
281.5	-0.008470305214671896
281.76	-0.008189684213769297
282.03	-0.008338971744992922
282.29	-0.009024516061618665
282.56	-0.009034465029962135
282.83	-0.00886833029402892
283.09	-0.008014553852252304
283.36	-0.007998119953653793
283.63	-0.007759293012245032
283.89	-0.00792974691202019
284.16	-0.007936250144846516
284.42	-0.00808406247668244
284.69	-0.007777074828968805
284.96	-0.0075112448734196285
285.22	-0.00739572680941538
285.49	-0.00751997587174915
285.76	-0.008067200632552327
286.02	-0.008631246915977067
286.29	-0.008982144883101152
286.55	-0.009023644876116954
286.82	-0.00838086443225592
287.09	-0.008183357424328179
287.35	-0.007773055192171183
287.62	-0.008242963074983053
287.88	-0.008242154168558585
288.15	-0.00781704038546261
288.42	-0.007440884994875233
288.68	-0.008077595462796495
288.95	-0.008719382371179828
289.22	-0.009208131496310522
289.48	-0.008902752113702991
289.75	-0.008982346199307392
290.01	-0.008206518413936457
290.28	-0.007710891910543791
290.55	-0.007488444465754508
290.81	-0.007619825019255837
291.08	-0.007530258885762496
291.34	-0.007516841009404189
291.61	-0.00791508891593487
291.88	-0.007798478219667941
292.14	-0.00814082258624936
292.41	-0.007496798537296061
292.67	-0.008194966824980894
292.94	-0.008439395417044929
293.21	-0.00907346942580338
293.47	-0.008501823291218687
293.74	-0.00866699910126674
294.0	-0.00800763881326872
294.27	-0.007810859913475077
294.54	-0.006927098813989972
294.8	-0.007110250020856038
295.07	-0.007359500152689019
295.33	-0.006715917705712032
295.6	-0.006913118442708664
295.86	-0.00795251157592037
296.13	-0.008569410048200624
296.4	-0.00788671275123489
296.66	-0.006630488375458404
296.93	-0.006715949558449716
297.19	-0.007041198146584118
297.46	-0.006673259909648968
297.73	-0.00638938825742575
297.99	-0.006509773619737293
298.26	-0.00627811731588445
298.52	-0.004747630604920665
298.79	-0.004204594173901233
299.05	-0.0033433518335824475
299.32	-0.0048097310924780645
299.59	-0.005011357407225525
299.85	-0.005261488177267883
300.12	-0.00432387369298471
300.38	-0.0033801015853390376
300.65	-0.002676140631623705
300.92	-0.0026303821638833796
301.18	-0.0017450893274477755
301.45	-0.002178102902563407
301.71	-0.0010303766349062868
301.98	-0.0018038973503755537
302.24	-0.001394814414549292
302.51	-0.0014490441661525397
302.78	-0.0005081729088940237
303.04	-0.0002513412673287238
303.31	0.0002527915382970966
303.57	0.00047312297660242336
303.84	0.0009335728769126819
304.1	0.0010352890658627614
304.37	0.001711342263865455
304.63	0.0019643123992366673
304.9	0.0019664787869208486
305.17	0.0015783020260250746
305.43	0.0024124010848341204
305.7	0.0027169968711900847
305.96	0.0031916742736158923
306.23	0.00326392593365514
306.49	0.00392608450321618
306.76	0.004088971816743378
307.03	0.003844087587150803
307.29	0.003745239494591983
307.56	0.004595645068598712
307.82	0.004620606826446529
308.09	0.005131453354849706
308.35	0.005288478989592754
308.62	0.006399401430511126
308.88	0.006848421561529212
309.15	0.006780540685958597
309.42	0.006680164596279944
309.68	0.007499185998323707
309.95	0.00815674945515818
310.21	0.009000538417761113
310.48	0.008754511704057256
310.74	0.008880934640831242
311.01	0.009015973034258044
311.27	0.010134284533885957
311.54	0.010850855083915673
311.8	0.011831135579528355
312.07	0.01191403261659553
312.34	0.013614210849930794
312.6	0.015826630185451107
312.87	0.017969898514245665
313.13	0.017768892221021744
313.4	0.01676560804579645
313.66	0.014312255167048607
313.93	0.01326580919516556
314.19	0.011260345724363768
314.46	0.011730494986276555
314.72	0.011150088603167227
314.99	0.010959506378089262
315.25	0.010112452712269376
315.52	0.01044375411921375
315.78	0.010625734927267809
316.05	0.011026105400321784
316.32	0.01035410869464802
316.58	0.010501576589016098
316.85	0.009391819754687503
317.11	0.009749637118781233
317.38	0.01003139068310438
317.64	0.01114083176004732
317.91	0.011302788461918366
318.17	0.010812614818936354
318.44	0.011103875828291816
318.7	0.011871259826536702
318.97	0.012290899890085118
319.23	0.012189045984189108
319.5	0.011739134561612047
319.76	0.012788878474971864
320.03	0.013649540701388484
320.29	0.01477827505327236
320.56	0.014878579578741231
320.82	0.015194743691233477
321.09	0.015119841483335804
321.36	0.015309516601361595
321.62	0.015090901639415004
321.89	0.015571120972067407
322.15	0.015515078337705789
322.42	0.01633860340696986
322.68	0.015955074272460436
322.95	0.017149930829154433
323.21	0.016915623404206048
323.48	0.01790491716178444
323.74	0.017271591621682757
324.01	0.01763207096352886
324.27	0.017531172816924484
324.54	0.016911025032894704
324.8	0.0163785941591331
325.07	0.0157536765142054
325.33	0.015960226448181132
325.6	0.016280541403444315
325.86	0.016430979506385585
326.13	0.017031845893963393
326.39	0.016877379289041046
326.66	0.01757981537440652
326.92	0.017831119337939315
327.19	0.018904793402176143
327.45	0.019315747514728067
327.72	0.019916303297886212
327.98	0.02000466555612316
328.25	0.019697560074817065
328.51	0.019975430282616752
328.78	0.02034998786427407
329.04	0.020785362756949623
329.31	0.020966931897847374
329.57	0.020633094990183745
329.84	0.020496672896010426
330.1	0.019685987720709584
330.37	0.020063121774439953
330.63	0.020505034577989134
330.9	0.021454674191799403
331.16	0.021390730515781255
331.43	0.022215952900499034
331.69	0.022297973932229112
331.96	0.022657698590811515
332.22	0.022652696528634178
332.49	0.02308264971472479
332.75	0.023250227733962722
333.01	0.0238335750529379
333.28	0.024233608376049508
333.54	0.025702365216593248
333.81	0.025751429038041146
334.07	0.026330718667161176
334.34	0.026337192548615038
334.6	0.026868059712123048
334.87	0.026987387746599728
335.13	0.027141795615093472
335.4	0.027707799126644853
335.66	0.028492573698325183
335.93	0.029289105894858114
336.19	0.02985832324615608
336.46	0.03075755387621526
336.72	0.03188795719047605
336.99	0.03212109271251015
337.25	0.03197669105903657
337.52	0.03127958832267819
337.78	0.03182890757588221
338.05	0.03233005452501678
338.31	0.03319588792048399
338.57	0.033294280129274004
338.84	0.03444223916123729
339.1	0.03460378344900608
339.37	0.03523843316763193
339.63	0.03504038088734773
339.9	0.0348776612255865
340.16	0.035291464228706396
340.43	0.03535240618980706
340.69	0.03558091265780286
340.96	0.03616743061561058
341.22	0.035932606791484786
341.49	0.03461945193534416
341.75	0.03443710352345826
342.01	0.03557229790725442
342.28	0.038094514230030255
342.54	0.03907323835916543
342.81	0.04010035124143836
343.07	0.04252876392247022
343.34	0.044759966641611026
343.6	0.0474432309018154
343.87	0.048990843274896556
344.13	0.05014841435313742
344.4	0.050302526059386704
344.66	0.05172541218891551
344.92	0.052378922616380275
345.19	0.05428974029763815
345.45	0.05450528756460715
345.72	0.055036981812468855
345.98	0.054463723455353025
346.25	0.05394231893681731
346.51	0.053805742451871155
346.78	0.05398523254497886
347.04	0.05375343082589165
347.3	0.05420776045492798
347.57	0.05398380563101646
347.83	0.05475759716792611
348.1	0.054953037308019426
348.36	0.05547197894866866
348.63	0.05506440856846709
348.89	0.055514483226579675
349.15	0.05572088324833402
349.42	0.05741855950638934
349.68	0.05824554411267814
349.95	0.05982985559890401
350.21	0.06042382257301032
350.48	0.061010387003579664
350.74	0.06133288964198308
351.01	0.06208015431807681
351.27	0.06191850878365221
351.53	0.062456938054856734
351.8	0.06325270707078089
352.06	0.06452807491453103
352.33	0.06563041826592404
352.59	0.0671130012371486
352.86	0.06848949678739218
353.12	0.07050857145411915
353.38	0.07087454676745342
353.65	0.0733538288374897
353.91	0.07496767388891648
354.18	0.07735344953496053
354.44	0.07749870301890119
354.7	0.08017930705169571
354.97	0.08316564268559594
355.23	0.08724312368700406
355.5	0.09062513454020843
355.76	0.09509417699844198
356.03	0.09965093274665417
356.29	0.10220219088245507
356.55	0.10243307344739325
356.82	0.10123451661013175
357.08	0.09949225125213834
357.35	0.09830376177576278
357.61	0.097645351413614
357.87	0.09854395745263113
358.14	0.10018152179921107
358.4	0.10375034145087529
358.67	0.10781265570120471
358.93	0.11413410088194542
359.2	0.1195933529770407
359.46	0.12205948993361321
359.72	0.11870895398156325
359.99	0.11098652163067929
360.25	0.10228360851742177
360.52	0.09763517771854296
360.78	0.09566304071204461
361.04	0.09725943313270147
361.31	0.09832173010481288
361.57	0.10066303723115567
361.84	0.10026184095203089
362.1	0.09952010677314554
362.36	0.0981679548199238
362.63	0.09798991773260521
362.89	0.0976886680352808
363.16	0.09724997226256918
363.42	0.09689215333205212
363.68	0.09696922855605633
363.95	0.09654492648626739
364.21	0.0967111825115599
364.47	0.09415257017390649
364.74	0.09175586904426158
365.0	0.08778897318310888
365.27	0.08665081088879747
365.53	0.08419950251160091
365.79	0.08221647862634274
366.06	0.07917287767348566
366.32	0.07765516069520019
366.59	0.07734136997186222
366.85	0.07681804798775838
367.11	0.07596021322152942
367.38	0.0741232484322851
367.64	0.07290670017014725
367.91	0.07212718840300492
368.17	0.07192564710553292
368.43	0.07193835033295652
368.7	0.07043781894874958
368.96	0.0705028937617269
369.22	0.06998162177246323
369.49	0.07170624354765684
369.75	0.07216148617958056
370.02	0.07232604510095172
370.28	0.07202357299894736
370.54	0.07110282202639501
370.81	0.07155783733104237
371.07	0.0727211538351853
371.33	0.07192032509658328
371.6	0.07332031824993969
371.86	0.07285005844904616
372.13	0.0733237261336236
372.39	0.07156071818573574
372.65	0.07071465617529947
372.92	0.07085627996494431
373.18	0.07007750310200529
373.44	0.06996786700572895
373.71	0.07051296447312558
373.97	0.0708826791756007
374.23	0.07076429792799283
374.5	0.06953392772870083
374.76	0.06952610375468163
375.03	0.06893554757751784
375.29	0.06889524437962542
375.55	0.06835549963669124
375.82	0.0691176301144979
376.08	0.06975916529899204
376.34	0.0699366267827216
376.61	0.07037738198454549
376.87	0.07131278849571202
377.13	0.07292066099727607
377.4	0.07427336740992514
377.66	0.07422166499276964
377.92	0.07455768420478803
378.19	0.0738874787624637
378.45	0.07439398830672378
378.72	0.07548904854731833
378.98	0.07671995525088399
379.24	0.07870045886339189
379.51	0.08027241607603704
379.77	0.0820054279455
380.03	0.0839203988268554
380.3	0.08365922852333585
380.56	0.08469677616492793
380.82	0.08551802252559232
381.09	0.08835743704055042
381.35	0.08791641784703044
381.61	0.08686964727299906
381.88	0.08397996723275875
382.14	0.08328971450558555
382.4	0.08115757310227295
382.67	0.0819915331137426
382.93	0.08253599184117205
383.19	0.08458307183683456
383.46	0.08380602195439255
383.72	0.08269988663476219
383.98	0.0817935717710666
384.25	0.0804753753497565
384.51	0.07957355306977218
384.77	0.07859062731515229
385.04	0.07811752028004834
385.3	0.07915373973350881
385.56	0.07961552364829837
385.83	0.08046104752475558
386.09	0.08066033759097671
386.35	0.08202577022473732
386.62	0.08392322413223222
386.88	0.08538207458616692
387.14	0.08618405295746806
387.41	0.08820997377195139
387.67	0.08974091004682297
387.93	0.09277140848429483
388.2	0.09517821535488016
388.46	0.09752150430728446
388.72	0.09780055074637757
388.99	0.09782918087381079
389.25	0.09741081689957384
389.51	0.09866400651726363
389.78	0.0995020993612219
390.04	0.10240028724969788
390.3	0.10618481139671546
390.56	0.11007890892254754
390.83	0.10864716037310682
391.09	0.10155425088352604
391.35	0.09284856881143205
391.62	0.08719110764916861
391.88	0.08409777890037055
392.14	0.08224471261310906
392.41	0.080082395132075
392.67	0.07904352410893249
392.93	0.07736087138054958
393.2	0.07760754899574923
393.46	0.07726557035290554
393.72	0.07774905084715054
393.99	0.0766483301192642
394.25	0.07474907516258163
394.51	0.07250606355456538
394.77	0.06979738028356636
395.04	0.06862506792188643
395.3	0.06807276426218897
395.56	0.06836712718576388
395.83	0.06862736872403773
396.09	0.06889758859223793
396.35	0.06948209904501186
396.62	0.07089614832221328
396.88	0.07176939920512257
397.14	0.07352238269263053
397.4	0.07332106576027905
397.67	0.07388259993523977
397.93	0.07378377903397221
398.19	0.07414862564627578
398.46	0.07401570423011311
398.72	0.0733127599016313
398.98	0.073014900685645
399.24	0.0717966663826741
399.51	0.07118670706702734
399.77	0.06953123979214992
400.03	0.06769298565667772
400.3	0.06396875070856747
400.56	0.06196705863196267
400.82	0.06401511233193183
401.08	0.0678264226954734
401.35	0.069833269142588
401.61	0.06920140858690904
401.87	0.06980473842050106
402.14	0.07075989379507033
402.4	0.06998964140304426
402.66	0.06693180773686125
402.92	0.06421888884990143
403.19	0.06272641149009794
403.45	0.061420022994084
403.71	0.06081870181199156
403.98	0.060258866373845005
404.24	0.06096686762425582
404.5	0.06234813480927631
404.76	0.0657303153241556
405.03	0.06958023467337568
405.29	0.07402455188708434
405.55	0.0791837838308588
405.81	0.08470705896359085
406.08	0.08944624136435494
406.34	0.09151616149553327
406.6	0.09341497869323279
406.87	0.09751604181647827
407.13	0.10295282094565353
407.39	0.10291326100623174
407.65	0.09381617211847385
407.92	0.08180871912848706
408.18	0.07342394629699589
408.44	0.07114951530355576
408.7	0.07014086059888669
408.97	0.07004390772515401
409.23	0.06928018455252694
409.49	0.06791336966178624
409.75	0.06558567798913831
410.02	0.06239021933650138
410.28	0.059305408276905947
410.54	0.05655033055090572
410.8	0.05579419981011305
411.07	0.056154515708006975
411.33	0.05652407122748698
411.59	0.057573131071467915
411.85	0.057532808157868875
412.12	0.05777218893233288
412.38	0.057671787347601144
412.64	0.0592143818623998
412.9	0.060830210814111774
413.17	0.0617865798354168
413.43	0.06157443521744818
413.69	0.060637511362511415
413.95	0.05969790584059842
414.22	0.058538858700559415
414.48	0.05924684178836084
414.74	0.059643737188812274
415.0	0.05990644182671541
415.27	0.05912913228606588
415.53	0.05761357313987525
415.79	0.05705029783747756
416.05	0.05599187247010823
416.32	0.05583374528070745
416.58	0.05468191467264802
416.84	0.055021078272250445
417.1	0.054910964871074386
417.37	0.055170671148649486
417.63	0.053991285568387504
417.89	0.053473169382314806
418.15	0.05299381199495831
418.41	0.053290388301066555
418.68	0.05306791729956259
418.94	0.05311093803897207
419.2	0.05276437365336767
419.46	0.051529223431284465
419.73	0.05017813021903286
419.99	0.04962576270362448
420.25	0.04985844055372368
420.51	0.04960294397806825
420.78	0.049267351689821076
421.04	0.050116669462643704
421.3	0.05211293659042285
421.56	0.05268984971693849
421.82	0.052200169711399125
422.09	0.05122462837655459
422.35	0.05100033622899189
422.61	0.05121367423538378
422.87	0.048857491746348236
423.14	0.05049954088841668
423.4	0.050481235292998805
423.66	0.05313972464880465
423.92	0.050699916817322555
424.18	0.0502400881636752
424.45	0.050145947488477643
424.71	0.05070427699335986
424.97	0.050845901896756335
425.23	0.0519136862673637
425.49	0.053053139955572176
425.76	0.053794092438712304
426.02	0.053244203655539946
426.28	0.05413380527735412
426.54	0.054311104248957576
426.81	0.05515896368523959
427.07	0.055072278155089915
427.33	0.05622312539261748
427.59	0.05669388604385625
427.85	0.05743021700264714
428.12	0.056828713909508444
428.38	0.05689242625789223
428.64	0.05634929904964733
428.9	0.05699965781214966
429.16	0.05674277101655842
429.43	0.05739306250132985
429.69	0.057589292218343274
429.95	0.058875478331704534
430.21	0.05945204219581596
430.47	0.061319949594927536
430.74	0.06249944240857583
431.0	0.06448277514791109
431.26	0.06592331306218012
431.52	0.0680741470750034
431.78	0.06878040553860165
432.05	0.07088588912448093
432.31	0.07052319956669506
432.57	0.0699521822278504
432.83	0.06608346666928569
433.09	0.06269567840762669
433.35	0.060855697479653414
433.62	0.0605821742880753
433.88	0.06067847813632958
434.14	0.05995981395223274
434.4	0.05946838049320516
434.66	0.05914025604495432
434.93	0.05836513869152671
435.19	0.05741890696961699
435.45	0.056159334367239966
435.71	0.05475962846291063
435.97	0.05460200254078615
436.23	0.0554802784315267
436.5	0.05694508878426971
436.76	0.05801315364055751
437.02	0.05836425832309408
437.28	0.059048211612500096
437.54	0.05777946652630597
437.81	0.05752526011221579
438.07	0.05697575830729798
438.33	0.05750612321034343
438.59	0.05777273043820648
438.85	0.05797937475023743
439.11	0.05784873531962298
439.38	0.0574933289900853
439.64	0.057102764799382116
439.9	0.056219992120232265
440.16	0.0559735448363651
440.42	0.05611251751512475
440.68	0.056134046778027746
440.95	0.05616611205098232
441.21	0.05580143858979558
441.47	0.0553721727847403
441.73	0.05496674826717762
441.99	0.05440423924966112
442.25	0.05478226216707774
442.52	0.0557492260984247
442.78	0.05663982537767273
443.04	0.058153725142984725
443.3	0.05801274817070304
443.56	0.05801133743808701
443.82	0.057697497999155745
444.08	0.05859074386269497
444.35	0.060559299306073816
444.61	0.061364368028833216
444.87	0.06009837936587714
445.13	0.057208637867061235
445.39	0.05530470275581584
445.65	0.055191512098691
445.92	0.05689287481840344
446.18	0.058520127145982315
446.44	0.059727852702732814
446.7	0.0604604735000743
446.96	0.06146397927637284
447.22	0.06296391575708479
447.48	0.06486562547851735
447.75	0.06696662946169138
448.01	0.06885685705551695
448.27	0.07055919029762267
448.53	0.0715737650885224
448.79	0.07264560208595314
449.05	0.0730798991349979
449.31	0.07592944503005133
449.58	0.07804842100231052
449.84	0.07720333847137895
450.1	0.07130767097777871
450.36	0.06606275163948197
450.62	0.06213379529622584
450.88	0.06031123881557776
451.14	0.057354256964223665
451.41	0.05600269560039638
451.67	0.054397520849956554
451.93	0.05337096230654555
452.19	0.05159932901300404
452.45	0.05137589159885894
452.71	0.0513341185762875
452.97	0.05248420358856887
453.23	0.05233227597891721
453.5	0.05326914811006464
453.76	0.053293308186683874
454.02	0.05475203223811062
454.28	0.0545371334233829
454.54	0.05539057912706935
454.8	0.05507020785088518
455.06	0.05629549955694499
455.32	0.056554307881816146
455.59	0.05812085113515972
455.85	0.058405593148306345
456.11	0.05975716276522364
456.37	0.059349261671429426
456.63	0.06050723452063338
456.89	0.05892019456057804
457.15	0.059308601631424485
457.41	0.05984573806184973
457.68	0.06191499666881384
457.94	0.06276867222156263
458.2	0.0629286831916705
458.46	0.06298223893773497
458.72	0.06384419192663046
458.98	0.06432419234763395
459.24	0.06538462229872272
459.5	0.06521496856586342
459.76	0.06643528718097808
460.03	0.0680734764803047
460.29	0.06862100557370054
460.55	0.06753292296891422
460.81	0.06568765525566247
461.07	0.06557920967350478
461.33	0.06700082792189394
461.59	0.06687438440700294
461.85	0.06621068374244876
462.11	0.06290188729160756
462.37	0.06106032953848323
462.64	0.058052557144750605
462.9	0.05636646148471511
463.16	0.05463865786661451
463.42	0.0531566159732588
463.68	0.0502827965535928
463.94	0.048623614023505374
464.2	0.0488355075469834
464.46	0.05051431968648171
464.72	0.05214015297209548
464.98	0.05249414084821649
465.24	0.053390692847117144
465.51	0.05485067326800028
465.77	0.0576716971426518
466.03	0.06094947951850194
466.29	0.06216113920835589
466.55	0.06380292316422012
466.81	0.06394576189419487
467.07	0.06537989286043902
467.33	0.06559274463850337
467.59	0.06541453694028096
467.85	0.06506072776057867
468.11	0.06481203649618678
468.38	0.06527090541564295
468.64	0.0652926295461006
468.9	0.06570947087031331
469.16	0.06555327242517797
469.42	0.06518715653590454
469.68	0.06469202587704548
469.94	0.06366387944028568
470.2	0.06314714008437361
470.46	0.06285604968184522
470.72	0.06368022280789898
470.98	0.06462089136644716
471.24	0.06508077235494447
471.5	0.06585533984607639
471.77	0.06628278292028578
472.03	0.0674809833118474
472.29	0.0687866379152797
472.55	0.06891726075480904
472.81	0.06960364481291326
473.07	0.06976015913401437
473.33	0.07197750764835192
473.59	0.07188196729540143
473.85	0.07249191810349273
474.11	0.07318119030994105
474.37	0.07525661447969534
474.63	0.07684173233723363
474.89	0.07733616870568692
475.15	0.07756723638098742
475.41	0.07843181380141712
475.68	0.08041403050506313
475.94	0.08386360464638612
476.2	0.08596185584593638
476.46	0.0883982911083728
476.72	0.0897347726133815
476.98	0.09254518549686117
477.24	0.09568415528132057
477.5	0.10129595423104679
477.76	0.1114473383809417
478.02	0.1256950340283335
478.28	0.13980401722330082
478.54	0.15122822094165211
478.8	0.16031902933392073
479.06	0.16736312671477133
479.32	0.17200450951738971
479.58	0.18205898438379245
479.84	0.20039220164781565
480.1	0.2079770442257065
480.36	0.19630610304293636
480.63	0.1700483748783766
480.89	0.1523479478661432
481.15	0.14227961792742583
481.41	0.13798793528320125
481.67	0.1351244321873789
481.93	0.1324690256910049
482.19	0.12690129930407118
482.45	0.12050331750951351
482.71	0.1159580060248794
482.97	0.11274065148440682
483.23	0.11047559861625353
483.49	0.10862624739716709
483.75	0.10721672678057242
484.01	0.10595280404341417
484.27	0.10538582622472065
484.53	0.10508395743570506
484.79	0.10298122504461166
485.05	0.10224352211435186
485.31	0.10249603972054375
485.57	0.10448469347564249
485.83	0.10492704890196733
486.09	0.10521882230808519
486.35	0.10584727552060325
486.61	0.10628775377525532
486.87	0.10742541510064135
487.13	0.10687279460451451
487.39	0.10816330832184265
487.65	0.10741338582777629
487.91	0.10975247053882725
488.17	0.11108950219530486
488.43	0.11467964214852089
488.7	0.1162521269286858
488.96	0.11859669405284187
489.22	0.11990419697728011
489.48	0.12327002998926379
489.74	0.12462270636694822
490.0	0.12669811829243213
490.26	0.12775459195049393
490.52	0.12876456862868774
490.78	0.13139482581270648
491.04	0.13256565128552988
491.3	0.1341848674345367
491.56	0.13246673259337333
491.82	0.1319889123942843
492.08	0.13304115074398554
492.34	0.1337473139722276
492.6	0.13566118352378373
492.86	0.13687876761396045
493.12	0.1392982421091905
493.38	0.13956061424845057
493.64	0.13973084196646268
493.9	0.1410151759689596
494.16	0.14467573211965568
494.42	0.14778250886762787
494.68	0.15040584703991827
494.94	0.15167743864410574
495.2	0.15313098774587297
495.46	0.1559796116635247
495.72	0.15837587943510575
495.98	0.16105310778125595
496.24	0.16383913523292526
496.5	0.16576376917220717
496.76	0.16668689778674345
497.02	0.16523589849102457
497.28	0.1649824504274888
497.54	0.1641674107400327
497.8	0.16355181322477544
498.06	0.16206498399150465
498.32	0.1584623625038662
498.58	0.1531874763742024
498.84	0.14397209519119442
499.1	0.13481563108233685
499.36	0.12434452585588673
499.62	0.11746114889523346
499.88	0.11168010812819923
500.14	0.10635646039253194
500.4	0.09976263449722977
500.66	0.09092276351722306
500.92	0.08156419885509547
501.18	0.07720551804166287
501.44	0.08278610896127292
501.69	0.098373675997116
501.95	0.11524886141457075
502.21	0.13043680523211187
502.47	0.14175788141256596
502.73	0.15033722491212878
502.99	0.15606131705053974
503.25	0.1592748696324992
503.51	0.16345080330599518
503.77	0.16624126676702217
504.03	0.16960648695914177
504.29	0.17016694799995205
504.55	0.17161385425750245
504.81	0.17167870030245502
505.07	0.17182469100794714
505.33	0.1716937993629483
505.59	0.1733105436207066
505.85	0.17585087502933167
506.11	0.1780885286944828
506.37	0.17797433033962878
506.63	0.17790686395748517
506.89	0.17920428275624356
507.15	0.1805558234274503
507.41	0.17921896730902284
507.67	0.17633414820118018
507.93	0.17410345987641734
508.19	0.17380661747366044
508.45	0.17330149320989638
508.71	0.17294739346440108
508.97	0.17384438824646017
509.23	0.17442231374236172
509.49	0.17440912722738466
509.74	0.17368847362323103
510.0	0.1750401310623126
510.26	0.17634875293864502
510.52	0.17709612472348296
510.78	0.17731320348523888
511.04	0.17797581583361616
511.3	0.1790003590184317
511.56	0.17896720546202274
511.82	0.1796303699932575
512.08	0.18013660312983593
512.34	0.18058787572035992
512.6	0.1813217405621393
512.86	0.18352543216710107
513.12	0.18671908788631628
513.38	0.19094489330878556
513.64	0.1955859554441768
513.9	0.19913002372070507
514.16	0.20146605182549465
514.42	0.20333062062952315
514.67	0.20582070421770274
514.93	0.20741741598228788
515.19	0.20719835669015607
515.45	0.20399207065648428
515.71	0.19910829249184828
515.97	0.19248112669034834
516.23	0.18670984522908185
516.49	0.18095757741335255
516.75	0.175779123059935
517.01	0.17154064558230334
517.27	0.16825853014294437
517.53	0.16482912451141693
517.79	0.16141429324933101
518.05	0.15839439805982436
518.31	0.15717951410882744
518.56	0.1562711036961909
518.82	0.15676123490051613
519.08	0.15853815613194397
519.34	0.16111963726874504
519.6	0.1633470502195387
519.86	0.1642136490517638
520.12	0.16565675419381487
520.38	0.1674742728132943
520.64	0.16895788527529393
520.9	0.17026694363438355
521.16	0.1736400155344194
521.42	0.17940895068435228
521.68	0.19048088777776073
521.93	0.2031507998422193
522.19	0.219143165030865
522.45	0.23303971518173114
522.71	0.2432780164131466
522.97	0.24822417001185235
523.23	0.25314720507077804
523.49	0.26602791677681503
523.75	0.2809742630266796
524.01	0.27650569832704175
524.27	0.25590260548508553
524.53	0.22930191182377008
524.79	0.21615187151046072
525.04	0.2070904947562607
525.3	0.20095180168242033
525.56	0.19497102304677122
525.82	0.1920728654967202
526.08	0.18870108942013786
526.34	0.18720039052005005
526.6	0.1850301849589689
526.86	0.1842768802284293
527.12	0.1820636520866291
527.38	0.18006554192765617
527.63	0.17780452558165985
527.89	0.17619860095453735
528.15	0.17477284222141987
528.41	0.1732697477068896
528.67	0.17125038147097307
528.93	0.1700408440768328
529.19	0.16983947157760101
529.45	0.1707175692889009
529.71	0.1717620649083526
529.97	0.17170165809759572
530.22	0.17252155462725488
530.48	0.17345132896949855
530.74	0.1736602993099814
531.0	0.17550576086289366
531.26	0.17611031072955194
531.52	0.17843113592352777
531.78	0.1786191067563219
532.04	0.17906293175598448
532.3	0.17903770578062117
532.55	0.17706833251663942
532.81	0.17525165287428968
533.07	0.1739331049589237
533.33	0.1732494471910312
533.59	0.17287406312888862
533.85	0.1707584215438987
534.11	0.16953905135563202
534.37	0.1681797218993694
534.62	0.16824118224913548
534.88	0.16889846762558675
535.14	0.17003631197577904
535.4	0.17088004351902075
535.66	0.17152253730551892
535.92	0.1717101824806574
536.18	0.17223825630715164
536.44	0.17297956909639622
536.69	0.17453024130776906
536.95	0.17561653464890445
537.21	0.17687771238148386
537.47	0.17759887814540903
537.73	0.17754392162524282
537.99	0.17724888902546926
538.25	0.17712208848852556
538.51	0.17754752877229096
538.76	0.178007610590576
539.02	0.17807225695731602
539.28	0.17779960163344946
539.54	0.17719840365455725
539.8	0.1761698674550749
540.06	0.17592957703844664
540.32	0.1754669721211408
540.57	0.17565430576202715
540.83	0.17552749767497353
541.09	0.1757847638466073
541.35	0.17557600599265832
541.61	0.17497157787313197
541.87	0.17544111885102404
542.13	0.17462656523247366
542.38	0.17370633211005757
542.64	0.1724771137893402
542.9	0.17232305799834988
543.16	0.17161290046486483
543.42	0.1700694676922692
543.68	0.16771821846714452
543.94	0.1664504847949736
544.19	0.16362407893847208
544.45	0.16267154654957908
544.71	0.16180202562362136
544.97	0.16203368931616857
545.23	0.16161707361891742
545.49	0.16118518489560785
545.74	0.16145452391406626
546.0	0.1603783003115642
546.26	0.15971014068785847
546.52	0.15737145764563232
546.78	0.1566652245851591
547.04	0.15685921915109072
547.29	0.1572271580440048
547.55	0.157695378888649
547.81	0.15685463426251525
548.07	0.15669521377456247
548.33	0.15619685957899426
548.59	0.15598375493056635
548.84	0.1564231342228844
549.1	0.15600528575989273
549.36	0.15636897743228212
549.62	0.15629254629743228
549.88	0.15731985931569034
550.14	0.1575818931687441
550.39	0.15729471420093835
550.65	0.1577512242838423
550.91	0.15802704159289027
551.17	0.15975571907156663
551.43	0.160045909728124
551.69	0.15952509210520072
551.94	0.1580810708754496
552.2	0.15700269469499611
552.46	0.15687820794223387
552.72	0.15691525870471637
552.98	0.15701608284087443
553.24	0.15670076885853435
553.49	0.15663421676882994
553.75	0.15575927015021643
554.01	0.15527830442114568
554.27	0.1548509265810747
554.53	0.15526104258400827
554.78	0.1572721703493629
555.04	0.1602298581560941
555.3	0.16418065781829133
555.56	0.16782148562959726
555.82	0.17064227213060687
556.07	0.1731283060766226
556.33	0.17486990170630665
556.59	0.17717685671035407
556.85	0.17850672587001715
557.11	0.18068303108852313
557.37	0.18165742427849002
557.62	0.18328185917892068
557.88	0.1841927376622185
558.14	0.18475903495419027
558.4	0.18661599813282181
558.66	0.1873828656062144
558.91	0.18865325356805968
559.17	0.18707592290465638
559.43	0.18613103784205742
559.69	0.1846650540107274
559.95	0.18429010967965306
560.2	0.18236406117695747
560.46	0.18004119325530935
560.72	0.1777581892306448
560.98	0.17552085864925268
561.24	0.17486419602963707
561.49	0.17391851568841243
561.75	0.1732694676216984
562.01	0.17210826973990803
562.27	0.17002415243075208
562.52	0.169949031268281
562.78	0.16967515104755548
563.04	0.17177442129709633
563.3	0.17259771974309698
563.56	0.1742090945504551
563.81	0.17411674687466253
564.07	0.1768572051563468
564.33	0.17929198272489327
564.59	0.1847374396643237
564.85	0.18788375758626433
565.1	0.19097913548177925
565.36	0.1914840729891315
565.62	0.1896358703268162
565.88	0.18755107217822875
566.13	0.18671701992938855
566.39	0.1834745540816821
566.65	0.17686170917028235
566.91	0.16544489775599697
567.17	0.1563373665077323
567.42	0.1490747331730656
567.68	0.14539969073155157
567.94	0.14349799715260916
568.2	0.1418378751814226
568.45	0.13873342562879737
568.71	0.13771730685867042
568.97	0.14004686258395385
569.23	0.14545006500748747
569.49	0.1506524378529529
569.74	0.15485230565829602
570.0	0.15868601946608182
570.26	0.16210926891084665
570.52	0.1643708818575373
570.77	0.1657455931131767
571.03	0.1658382073106681
571.29	0.1664708771631221
571.55	0.1668141510663926
571.8	0.16821194102456757
572.06	0.16905949955537775
572.32	0.1705022753571626
572.58	0.16957777226269757
572.83	0.1694036676797382
573.09	0.1692373027973527
573.35	0.17007751670469295
573.61	0.16920092699067074
573.86	0.16878422658470538
574.12	0.16793299305883364
574.38	0.168469051086678
574.64	0.16805668848433317
574.89	0.16854747810763906
575.15	0.16798815970015138
575.41	0.16824818435608177
575.67	0.1692308294032785
575.92	0.1708377611558538
576.18	0.17123920034682777
576.44	0.17106182467846937
576.7	0.17074245182197645
576.95	0.17135495768810458
577.21	0.17101324451241323
577.47	0.17033553503876542
577.73	0.16832473261739556
577.98	0.16746114661631958
578.24	0.16655389941512275
578.5	0.16556158972315557
578.76	0.16310548197019012
579.01	0.16201716286126697
579.27	0.16105446452969585
579.53	0.15874191767511867
579.79	0.15585705584965626
580.04	0.15351403621969947
580.3	0.1526756793615414
580.56	0.15101735038975989
580.81	0.14906384607708342
581.07	0.1485681727494348
581.33	0.1485740416483139
581.59	0.14910077171231417
581.84	0.14879260716304113
582.1	0.151060749274002
582.36	0.15575356424557255
582.62	0.1646551473452833
582.87	0.17210575053798485
583.13	0.17993740082441909
583.39	0.1846032953447692
583.64	0.18865445125934033
583.9	0.1913509934483381
584.16	0.19803209533041483
584.42	0.2050225699960399
584.67	0.20536252763172588
584.93	0.1967416920611005
585.19	0.18577757924796037
585.45	0.17953411534684555
585.7	0.1767114267666343
585.96	0.17355339528316552
586.22	0.17070395619133888
586.47	0.16819240739218838
586.73	0.1673824561666892
586.99	0.16879442065968706
587.25	0.16824088521003255
587.5	0.16787969494064692
587.76	0.16564396368657427
588.02	0.16572267470003457
588.27	0.16733828912569682
588.53	0.1682579309495961
588.79	0.16943424037433483
589.04	0.1685556582677918
589.3	0.1694498341840372
589.56	0.17045217907247576
589.82	0.17024064394126126
590.07	0.16788866384603818
590.33	0.16418468883894274
590.59	0.16205305483573254
590.84	0.15972804844723468
591.1	0.15734108811037562
591.36	0.15514928473548728
591.61	0.1522943551082413
591.87	0.1509355289056274
592.13	0.14917640543312413
592.39	0.148429402203404
592.64	0.14653996808982755
592.9	0.14426675479764886
593.16	0.14161339634445044
593.41	0.1392539529665539
593.67	0.13701846252249344
593.93	0.13611900489725567
594.18	0.13571304576068613
594.44	0.13771162514206184
594.7	0.14023724265674545
594.95	0.14407479556263952
595.21	0.1475199192431803
595.47	0.15134872979338243
595.73	0.15424367355881552
595.98	0.15621254985430158
596.24	0.15767225637300827
596.5	0.15851619233768974
596.75	0.15703358686525784
597.01	0.1532659905332443
597.27	0.14754330516690858
597.52	0.14251241940067436
597.78	0.13837673805848466
598.04	0.1352430641840535
598.29	0.1315748596576266
598.55	0.12848148535161225
598.81	0.12591889942583384
599.06	0.12493495026427001
599.32	0.12322200900743535
599.58	0.12090678183367806
599.83	0.11920782082954451
600.09	0.11860750898924535
600.35	0.11831684179923171
600.6	0.11663838408531399
600.86	0.11492337231178118
601.12	0.11420670972769678
601.37	0.11387446915350682
601.63	0.11353698111509664
601.89	0.11263224964776282
602.14	0.11191743513532837
602.4	0.1108972861026675
602.66	0.11015231330831525
602.91	0.10998037227032759
603.17	0.10877553432140677
603.43	0.10791736218866538
603.68	0.10637178237632547
603.94	0.10644840341376
604.2	0.10604572910075172
604.45	0.10645124723921326
604.71	0.1062526424082333
604.97	0.10621253637697772
605.22	0.10635481839449168
605.48	0.10652058747825763
605.74	0.1068444589072493
605.99	0.10660877974176092
606.25	0.10645363466902064
606.51	0.10649909526501557
606.76	0.10689571601124367
607.02	0.10583063898760915
607.27	0.10483796080387789
607.53	0.10351081825223732
607.79	0.1033159779897867
608.04	0.10311719302362483
608.3	0.1024778797292194
608.56	0.10204607073536687
608.81	0.10086625520278006
609.07	0.10026046384108303
609.33	0.09836930338870156
609.58	0.09755281302311264
609.84	0.0967353893431804
610.1	0.09669888672225804
610.35	0.09716222200895658
610.61	0.09695023149666424
610.86	0.09741961723566005
611.12	0.09626163753629102
611.38	0.09631969934161025
611.63	0.09622105982516146
611.89	0.09634597669686253
612.15	0.09582382340518542
612.4	0.09550881056945651
612.66	0.09575601962278238
612.92	0.09561002886614048
613.17	0.09466932012508472
613.43	0.09367191594965041
613.68	0.09304469236700824
613.94	0.09332041672645616
614.2	0.09297135382643962
614.45	0.09319956905933743
614.71	0.09314974303419468
614.97	0.0935829924012091
615.22	0.09327060828143621
615.48	0.09226781735331147
615.73	0.09149414737961448
615.99	0.0909713982167864
616.25	0.0902827355277234
616.5	0.08968026363292708
616.76	0.08919628952166023
617.01	0.08984293365844878
617.27	0.08982294796702803
617.53	0.08959326820748009
617.78	0.08913882643219811
618.04	0.08907634878182294
618.3	0.08869116134747237
618.55	0.08907367885642614
618.81	0.08866926253418239
619.06	0.08981438741202721
619.32	0.08931291546529271
619.58	0.0894710948730548
619.83	0.08902581696878048
620.09	0.09018434883360404
620.34	0.0907002951272308
620.6	0.09116589278391565
620.86	0.09121254008063429
621.11	0.09164096458601292
621.37	0.09152984372217668
621.62	0.09158053166300839
621.88	0.09175686316334777
622.14	0.09161749980121081
622.39	0.09050943653229487
622.65	0.09049892449890692
622.9	0.0905493765221651
623.16	0.09107998964841467
623.42	0.09091009382421641
623.67	0.09183476652721287
623.93	0.09177479814162828
624.18	0.0918323117093195
624.44	0.09094934050864195
624.7	0.09024482814662835
624.95	0.08973904311988307
625.21	0.09046818564843007
625.46	0.0922905125762838
625.72	0.09353542613426057
625.98	0.09430140164271252
626.23	0.0954782890938036
626.49	0.09951230259678323
626.74	0.10341558902890965
627.0	0.10619441662554205
627.25	0.10766357707324894
627.51	0.10839974938445832
627.77	0.10989681824793346
628.02	0.11104969319772086
628.28	0.11363417040399296
628.53	0.11520514010674715
628.79	0.11340909402972138
629.04	0.10912214185479029
629.3	0.10599671201362557
629.56	0.10443541050436109
629.81	0.10484430803147404
630.07	0.10386659834707038
630.32	0.10313696051451283
630.58	0.10204243668109123
630.83	0.10186665141868138
631.09	0.10132394693047066
631.35	0.10166535287363683
631.6	0.09949257940014866
631.86	0.09813684490490822
632.11	0.09599799911606148
632.37	0.09630240542687662
632.62	0.09509991362267539
632.88	0.09438441395575634
633.14	0.09308879055251401
633.39	0.09320958476280591
633.65	0.09176103458327473
633.9	0.09199974826468615
634.16	0.09151274818287519
634.41	0.09098527423913311
634.67	0.08879526889803538
634.93	0.08748884138640897
635.18	0.08727098546882786
635.44	0.08744654705793445
635.69	0.08771559492715245
635.95	0.08731159276424408
636.2	0.0870319897189685
636.46	0.08726301475429028
636.71	0.08744897130544962
636.97	0.08691036756702192
637.22	0.08674338438792523
637.48	0.08650085494960857
637.74	0.08741336535487168
637.99	0.08792716080556967
638.25	0.08830130392850793
638.5	0.0883511498472146
638.76	0.08718634164866679
639.01	0.08786374279344064
639.27	0.08740316769023163
639.52	0.08829985319826453
639.78	0.08762413068113184
640.03	0.0890322038301446
640.29	0.0896050402571052
640.55	0.09076080021625632
640.8	0.09036614361575043
641.06	0.09018065668244549
641.31	0.08945687668056927
641.57	0.09068183625990113
641.82	0.09177472257706047
642.08	0.09316930421429945
642.33	0.09351049928131229
642.59	0.09407742649100093
642.84	0.09418429034847431
643.1	0.09500835954769729
643.35	0.09478364480169851
643.61	0.09506526277852578
643.87	0.0949588847917519
644.12	0.09508160064167884
644.38	0.09456708474227885
644.63	0.09245693779526806
644.89	0.09071402493840224
645.14	0.08945473332751233
645.4	0.08833409538146861
645.65	0.08781948411082721
645.91	0.08668529014131979
646.16	0.08677139443870621
646.42	0.0857994955400179
646.67	0.08525903179934058
646.93	0.08464035896335731
647.18	0.0844093072527613
647.44	0.08422386181703756
647.69	0.08463903736486345
647.95	0.08420984795814046
648.2	0.08420882257911125
648.46	0.08325147270395081
648.71	0.0843913529827999
648.97	0.08478720554874136
649.22	0.08554851107370146
649.48	0.08701185942061937
649.73	0.08798761405438046
649.99	0.0889789513203239
650.24	0.08893493325047741
650.5	0.0893319370400387
650.75	0.08959421268097967
651.01	0.09003747782710972
651.26	0.09193096142956186
651.52	0.09285146878625217
651.77	0.09408019131965606
652.03	0.0936703824102467
652.28	0.09553653814914567
652.54	0.09520376507621284
652.79	0.09635997487415796
653.05	0.0964916515316594
653.3	0.09828013571252103
653.56	0.10089085618965604
653.81	0.10265653105576883
654.07	0.10478882773476839
654.32	0.10720397974939075
654.58	0.11203302212128868
654.83	0.11683317670515314
655.09	0.1225044012602865
655.34	0.12857467613072857
655.6	0.13522151279712866
655.85	0.1406835457009035
656.11	0.14375616711109152
656.36	0.1455465263086541
656.62	0.14591881304038293
656.87	0.14528931362543937
657.13	0.1434719410546695
657.38	0.13881061172753725
657.64	0.13283415576974117
657.89	0.12676438980151017
658.15	0.12195438867714031
658.4	0.11766680043522448
658.66	0.11231832913270878
658.91	0.1082240541728465
659.17	0.10435269331953392
659.42	0.10023532306293534
659.68	0.09556126481711386
659.93	0.09297350542453098
660.19	0.09067554502934475
660.44	0.08824446960319371
660.7	0.08460491302761697
660.95	0.08270615923193236
661.2	0.08238711759172299
661.46	0.08133129053031435
661.71	0.08150189759572293
661.97	0.08056980772405614
662.22	0.08013934670458794
662.48	0.07907735421524154
662.73	0.07838599345005118
662.99	0.0782242966219967
663.24	0.07780147634020898
663.5	0.07849092914670658
663.75	0.07846193454828816
664.01	0.0790356076532963
664.26	0.07783588509709627
664.52	0.07872591959566524
664.77	0.07754723880700104
665.02	0.07760344761352374
665.28	0.07648456411312171
665.53	0.07699991591810158
665.79	0.07744745917805457
666.04	0.07782012052727871
666.3	0.07824816967229273
666.55	0.0782762332114927
666.81	0.07887807194944724
667.06	0.07869631542264138
667.32	0.07835363433531607
667.57	0.07741436566293755
667.82	0.07689528295075293
668.08	0.07626454584395514
668.33	0.07560504581889185
668.59	0.07534133978883364
668.84	0.07439751264772743
669.1	0.0743449886230654
669.35	0.07209878105798803
669.61	0.07244973387153769
669.86	0.07231271854147003
670.11	0.07407269750239252
670.37	0.07337132417271408
670.62	0.0730224539219266
670.88	0.07234030318581053
671.13	0.07252063035649411
671.39	0.07197549410639903
671.64	0.07175776580824864
671.9	0.06981801361382145
672.15	0.06910591413643785
672.4	0.067241314688467
672.66	0.06784262377646141
672.91	0.0665275113059919
673.17	0.0666172951321285
673.42	0.06560816148257217
673.68	0.06553215124686768
673.93	0.06456191215619952
674.18	0.06352677887613974
674.44	0.06316170211738395
674.69	0.06285833711758845
674.95	0.06207318180675804
675.2	0.06201340208433159
675.46	0.060987940887764575
675.71	0.06148106839447495
675.96	0.060556148210110905
676.22	0.06168216834642129
676.47	0.06176019569417951
676.73	0.06203998073125787
676.98	0.06198457904299348
677.23	0.062067446465045084
677.49	0.061421843420649117
677.74	0.061277486021611594
678.0	0.06104756579946907
678.25	0.06169287463941889
678.51	0.06051878020146034
678.76	0.06140942765474591
679.01	0.061407129772947905
679.27	0.06245028769331605
679.52	0.06192754876796508
679.78	0.06145142467961112
680.03	0.059758129758196665
680.28	0.058599338553937314
680.54	0.05766754465549473
680.79	0.05779110257246503
681.05	0.056456464791330624
681.3	0.055945635346493064
681.55	0.0556567881152224
681.81	0.05586808811363281
682.06	0.05490080459314155
682.32	0.053772005672347634
682.57	0.05284270050247902
682.82	0.05289420287461634
683.08	0.053722813026750416
683.33	0.05505195128360091
683.59	0.05491870601223586
683.84	0.054322864559957856
684.09	0.0531103058700461
684.35	0.05332327430563026
684.6	0.052670661776764965
684.86	0.05229864742882323
685.11	0.05124858457719714
685.36	0.051812258531998334
685.62	0.05172026625047493
685.87	0.052740566941551326
686.13	0.052514919506557
686.38	0.053530539431048935
686.63	0.0528854218476137
686.89	0.052905809831124015
687.14	0.05216785586670086
687.4	0.052524515759845125
687.65	0.05185619934517882
687.9	0.05329422197417984
688.16	0.05374768090923396
688.41	0.05516548317178277
688.66	0.05465530309984126
688.92	0.05569019144385588
689.17	0.05611815473879092
689.43	0.056554247728975604
689.68	0.05603622440154449
689.93	0.055861514214739214
690.19	0.05551289625700134
690.44	0.055602862513253595
690.69	0.05452552975075754
690.95	0.05414912421291472
691.2	0.05273393562840595
691.46	0.0521950357032363
691.71	0.05088920211109631
691.96	0.04932352938823649
692.22	0.04888596655086058
692.47	0.04778797153587222
692.72	0.04778785895227464
692.98	0.04813817824216837
693.23	0.04817796372070038
693.49	0.0480212941546411
693.74	0.0467264858039754
693.99	0.04680304394010057
694.25	0.04687510433341488
694.5	0.047512622724784834
694.75	0.046625295886859486
695.01	0.047329716277139375
695.26	0.046312928518554425
695.51	0.04702340919500375
695.77	0.04654927511326984
696.02	0.04640701449749876
696.27	0.04605097428867079
696.53	0.0454097219992943
696.78	0.044897424648719736
697.04	0.04480716292402556
697.29	0.045019792128251246
697.54	0.045802611934385604
697.8	0.04559740952723196
698.05	0.04475076004181233
698.3	0.04422542933877846
698.56	0.04443972683408229
698.81	0.04435926241620042
699.06	0.044150044714915404
699.32	0.04371287194475519
699.57	0.04414326019121828
699.82	0.043240192951250755
700.08	0.04373147312304673
700.33	0.0436117172155699
700.58	0.04479279620285556
700.84	0.044250584484576166
701.09	0.04455850887375405
701.34	0.044086370319444554
701.6	0.04359323946222139
701.85	0.04300540476461161
702.1	0.04286696034309753
702.36	0.043036178585424814
702.61	0.043298076341099445
702.86	0.04336705125185766
703.12	0.04358726562999918
703.37	0.04207933560966112
703.62	0.041935371315642234
703.88	0.04150965877376463
704.13	0.04293139998109899
704.38	0.04279021850974524
704.64	0.04217121636213321
704.89	0.040776131235215646
705.14	0.03991104414934821
705.4	0.03948258317775617
705.65	0.04064114662457974
705.9	0.040881925811742284
706.16	0.04136213023008796
706.41	0.039554731727326334
706.66	0.039485184800482714
706.92	0.03886102345327602
707.17	0.03885854962776572
707.42	0.037090026946052
707.68	0.03765468130611355
707.93	0.03780650581862226
708.18	0.038423038604988344
708.44	0.03726984667880956
708.69	0.037064269744094824
708.94	0.037392069059893215
709.19	0.037423272229162904
709.45	0.03670775674164127
709.7	0.03777296981462101
709.95	0.038062682225203176
710.21	0.03919826271974247
710.46	0.03827867069359596
710.71	0.03828877335380031
710.97	0.038331833365272974
711.22	0.0384793399666923
711.47	0.038433354450638516
711.73	0.03796372720271844
711.98	0.03814959582645941
712.23	0.037694080695284224
712.48	0.0378294969483494
712.74	0.03724779156498255
712.99	0.037457060506753986
713.24	0.0372750134815857
713.5	0.037058452150016935
713.75	0.03605312830743464
714.0	0.03571556266086412
714.26	0.03628684064089209
714.51	0.03724446430276444
714.76	0.03817091000947212
715.01	0.03884144406762892
715.27	0.039470068864840405
715.52	0.03944203289905718
715.77	0.03930678058554046
716.03	0.03951563117547417
716.28	0.039614470764554266
716.53	0.039260793377388484
716.78	0.03922089350259532
717.04	0.03881929705675434
717.29	0.03809802690311631
717.54	0.03635748093162448
717.8	0.03579381266520283
718.05	0.03598262957975713
718.3	0.036387632360261504
718.55	0.03577165580816276
718.81	0.03474976953399117
719.06	0.03366501117404072
719.31	0.03357260834422213
719.57	0.03372996113561362
719.82	0.03414694933622997
720.07	0.033530118421667796
720.32	0.032942754576229444
720.58	0.032257564612652806
720.83	0.032481876682353625
721.08	0.032335477073654584
721.33	0.03220075409738818
721.59	0.031483622449298476
721.84	0.031144329562664608
722.09	0.030574423123946037
722.35	0.030660345482673088
722.6	0.030380814450130564
722.85	0.030830944470685753
723.1	0.030814327340857955
723.36	0.030749305671997643
723.61	0.030712022902365424
723.86	0.030467531689940222
724.11	0.030076750911167793
724.37	0.030653659931047086
724.62	0.029771432221754365
724.87	0.03030904241137826
725.12	0.029983191830438155
725.38	0.030693369726431136
725.63	0.030032220619228764
725.88	0.029576823770241026
726.13	0.029097106076780094
726.39	0.02955738625309444
726.64	0.029074661410801922
726.89	0.02945374563294667
727.14	0.029454624063040863
727.4	0.029910111877249942
727.65	0.029350188106023023
727.9	0.028788255326692797
728.15	0.027789111070151126
728.41	0.02860300251258499
728.66	0.028815978183575452
728.91	0.03006031929832538
729.16	0.029065021859562334
729.42	0.029105900852155434
729.67	0.028243934698334805
729.92	0.028501916228025614
730.17	0.02780963384713836
730.43	0.027383676542924437
730.68	0.02705623168645349
730.93	0.027115297255541487
731.18	0.02658445430472707
731.44	0.02607492615100407
731.69	0.02599409556493791
731.94	0.026297128480938473
732.19	0.025893949979339567
732.45	0.02548145357358822
732.7	0.025013531165701514
732.95	0.026116322921202015
733.2	0.02596774451602571
733.45	0.025616475136784375
733.71	0.02480005233912394
733.96	0.025537504423216298
734.21	0.02565538663927619
734.46	0.025852088060661055
734.72	0.024967401328776936
734.97	0.02539651897610186
735.22	0.025463443423075813
735.47	0.0255567879797495
735.72	0.025510214275513324
735.98	0.025077051650586712
736.23	0.024999150190352176
736.48	0.02529564265629035
736.73	0.02530194487540982
736.99	0.02584639653603231
737.24	0.02535984892515636
737.49	0.024913451861532168
737.74	0.024483178069574563
737.99	0.024091650768708964
738.25	0.024490308066850236
738.5	0.024684157458686753
738.75	0.025246787501919457
739.0	0.02535771770601475
739.25	0.02427241547152334
739.51	0.024608103169868195
739.76	0.023784074447427084
740.01	0.024696054445573767
740.26	0.02478486736208209
740.52	0.025281889079987546
740.77	0.024879804057741886
741.02	0.024539149331862242
741.27	0.026351950723644754
741.52	0.029137740111946323
741.78	0.03194745542494738
742.03	0.03442913429985783
742.28	0.034800768235646345
742.53	0.03526297790827311
742.78	0.03362971456196477
743.04	0.03450765901779468
743.29	0.03654404086534929
743.54	0.041322101785771864
743.79	0.04524821093973587
744.04	0.04761093179032297
744.3	0.04717325330393338
744.55	0.047097768465457046
744.8	0.04523590666409942
745.05	0.044966231027035466
745.3	0.04276281292783757
745.55	0.04247309145074997
745.81	0.04261893780377929
746.06	0.047067259322086746
746.31	0.051278918908242266
746.56	0.055313413722613336
746.81	0.05560847366385044
747.07	0.0559399187356866
747.32	0.05464141337828626
747.57	0.054151984892296084
747.82	0.05232810374262856
748.07	0.049562592491634805
748.32	0.0458584515319663
748.58	0.04320254495563172
748.83	0.04118429655474204
749.08	0.04005040461364413
749.33	0.03804619888761045
749.58	0.03791724917533873
749.84	0.03961280325824568
750.09	0.04415195310887711
750.34	0.048407552043928145
750.59	0.04974681521491735
750.84	0.04936128607745001
751.09	0.04701638611744363
751.35	0.0450161818789243
751.6	0.046488240896371685
751.85	0.04822037944067252
752.1	0.048444456852646936
752.35	0.04268981347435609
752.6	0.03724275774709647
752.86	0.03327408670276333
753.11	0.031191593454746938
753.36	0.029119540500180133
753.61	0.027200981032792282
753.86	0.02525990727457915
754.11	0.02468458795663553
754.37	0.02408392224045637
754.62	0.02359019517487497
754.87	0.022599431000944983
755.12	0.02163208019762186
755.37	0.021544619709551877
755.62	0.020731321319093096
755.87	0.020465980566329117
756.13	0.02016403069495934
756.38	0.02018454137075383
756.63	0.019821156176751148
756.88	0.018450090680265235
757.13	0.018654703608660297
757.38	0.01782941167985201
757.64	0.01810123661791882
757.89	0.01704129196429241
758.14	0.017110573906253757
758.39	0.017367111954433537
758.64	0.017106024903559863
758.89	0.01742292675060271
759.14	0.017270140420501512
759.4	0.01735633997877431
759.65	0.016997983536510275
759.9	0.016506291119219932
760.15	0.016953765780234692
760.4	0.01729906683681509
760.65	0.01690119409340373
760.9	0.01597735712737923
761.15	0.015534309422542733
761.41	0.015230657178821175
761.66	0.015701920769013708
761.91	0.015243311522052147
762.16	0.01569901288652746
762.41	0.014873097639850522
762.66	0.015223137952242755
762.91	0.014802149174556412
763.17	0.015328215583868196
763.42	0.01466105079235007
763.67	0.014734734498896937
763.92	0.01404381775940719
764.17	0.014351556724551934
764.42	0.01400893551094333
764.67	0.014038198438623098
764.92	0.013624229151954298
765.18	0.014170903371970592
765.43	0.014924547614816805
765.68	0.014960778003148698
765.93	0.014383393151840826
766.18	0.014264460485724328
766.43	0.014022187697410662
766.68	0.014655423454505864
766.93	0.014271393341893382
767.18	0.014794831545132392
767.44	0.013513101834365548
767.69	0.013888952377367522
767.94	0.013358160348267839
768.19	0.01377502761101923
768.44	0.013173065453231103
768.69	0.013813380521917148
768.94	0.014018239334625288
769.19	0.014107616299153872
769.44	0.013555809444453656
769.7	0.013956469036418381
769.95	0.013677669789519564
770.2	0.013700470124653238
770.45	0.013196328603055293
770.7	0.013468283982844415
770.95	0.013402174140884862
771.2	0.013806135982284681
771.45	0.013447290516053728
771.7	0.013365931789230692
771.95	0.01339759188348938
772.21	0.013862339284347117
772.46	0.013626949108017955
772.71	0.014186757132169464
772.96	0.014952783523479785
773.21	0.016219410993833602
773.46	0.01599939339708771
773.71	0.016075838823940494
773.96	0.0165502811180597
774.21	0.017455276303236122
774.46	0.017949736147647444
774.72	0.018371708862008188
774.97	0.019109182352944315
775.22	0.019281724704222222
775.47	0.01754942294282137
775.72	0.012411753785395496
775.97	0.005851759551654345
776.22	0.005677252060604654
776.47	0.01571057211418564
776.72	0.03494873097180376
776.97	0.0506456832108437
777.22	0.059559378647045275
777.47	0.05896569467632873
777.73	0.0528655975591269
777.98	0.04498472588893837
778.23	0.040794144762351575
778.48	0.04023732346515749
778.73	0.03966317744778264
778.98	0.03608265390377033
779.23	0.031573050274342665
779.48	0.02750958281090521
779.73	0.02528405886008475
779.98	0.024187526690819652
780.23	0.023242532829372095
780.48	0.020991238592425854
780.73	0.018848014133858906
780.98	0.017498169910594483
781.24	0.01621647037067754
781.49	0.015542418922859583
781.74	0.014676929594930346
781.99	0.014522992881107422
782.24	0.013783265030150454
782.49	0.013004043235143162
782.74	0.012895346185546885
782.99	0.01226429628663496
783.24	0.0119290825590211
783.49	0.0109446476892235
783.74	0.010919341180245581
783.99	0.01010516311005577
784.24	0.010406006009126043
784.49	0.010040552313371864
784.74	0.009769919993245849
784.99	0.00865092983780412
785.24	0.00907550227126079
785.49	0.009534307614993118
785.75	0.009265484537939433
786.0	0.00771365841766232
786.25	0.0073145156432404546
786.5	0.006907111339132091
786.75	0.007932886682704143
787.0	0.007364977201948092
787.25	0.007906212583779867
787.5	0.007529707409661829
787.75	0.008168701742264431
788.0	0.0073699709385039724
788.25	0.00777942904765995
788.5	0.007239166146980669
788.75	0.007999324328113469
789.0	0.007702669359298621
789.25	0.008692229296267513
789.5	0.008226240956205381
789.75	0.00792741320731391
790.0	0.007075037426266022
790.25	0.007499124596007226
790.5	0.006804316188651127
790.75	0.0061762350626648616
791.0	0.005785529380477203
791.25	0.005491282756794044
791.5	0.006210250545934104
791.75	0.006918908621289133
792.01	0.0069713661202756155
792.26	0.007425211121154615
792.51	0.006418341838167377
792.76	0.007834881976410774
793.01	0.007194120336701679
793.26	0.0078759786187141
793.51	0.0072580617565706496
793.76	0.0075302685506548755
794.01	0.008216536804463548
794.26	0.010342057641030272
794.51	0.01201538061332627
794.76	0.013755943547818256
795.01	0.013133372369497576
795.26	0.013147962380723369
795.51	0.01218313072817373
795.76	0.011899829168945567
796.01	0.010412138613643637
796.26	0.009767342138766344
796.51	0.009207275643723187
796.76	0.009519126478959306
797.01	0.008905101713808955
797.26	0.008263082099363814
797.51	0.007499564225898203
797.76	0.006932702056218348
798.01	0.006479634422696903
798.26	0.0057716861907282785
798.51	0.005220770684807113
798.76	0.005343001146304718
799.01	0.004911846268575458
799.26	0.005440677448298015
799.51	0.004682291794668177
799.76	0.004643432217287684
800.01	0.0034073845574933426
800.26	0.003593178036615602
800.51	0.0034802742432765155
800.76	0.004229749394876393
801.01	0.004154142052111745
801.26	0.00455246525654919
801.51	0.004340981043933684
801.76	0.004410316150432837
802.01	0.004029630994664732
802.26	0.0039449202441904085
802.51	0.0029850459345146796
802.76	0.0025036363003087675
803.01	0.0020290948368731493
803.26	0.002391515340964004
803.51	0.0033324996743005902
803.76	0.0035167284070500016
804.01	0.0034459713617688847
804.26	0.003674095008174255
804.51	0.0037145344015075688
804.76	0.004165255082003445
805.01	0.0036259932066736167
805.26	0.003950587880006691
805.51	0.003679681494205833
805.76	0.0039110950926409885
806.01	0.002941385029700816
806.26	0.002902622933615248
806.51	0.0024732515484155587
806.76	0.0033442366351786393
807.01	0.003619010196156576
807.26	0.0036420639319577966
807.51	0.003650687652943768
807.76	0.003760990383467333
808.01	0.0038673504140548237
808.26	0.0036263727993494504
808.5	0.0033023837298621905
808.75	0.0036202286198665085
809.0	0.0033203917703210836
809.25	0.003120699551011394
809.5	0.0022183015008238813
809.75	0.00222931323506477
810.0	0.0021055313760387565
810.25	0.0025636623340920817
810.5	0.002453488455330978
810.75	0.002820401597300709
811.0	0.0023386030229653465
811.25	0.002476397672055111
811.5	0.0015393813099711662
811.75	0.001666837592815329
812.0	0.001856912602671068
812.25	0.002349252036563651
812.5	0.0026877866983094287
812.75	0.0025959770114328887
813.0	0.003090520764469022
813.25	0.003124677974291626
813.5	0.0035206130459329854
813.75	0.0034464954356982283
814.0	0.0031240526260932766
814.25	0.002870753776827953
814.5	0.002201142067026915
814.74	0.002554650409712214
814.99	0.0022560084169516853
815.24	0.003115833432925222
815.49	0.002907758606102165
815.74	0.0028788930535758248
815.99	0.0021048655459491306
816.24	0.0016786098039450192
816.49	0.0016434652855534804
816.74	0.0012920796769665954
816.99	0.0005583482870993028
817.24	-0.0007721929591605198
817.49	-0.0010764750961014258
817.74	0.000326918229485329
817.99	0.004849730587917905
818.24	0.010549293489762607
818.49	0.014227845220005336
818.74	0.014572702441996738
818.98	0.012040577804483782
819.23	0.010602654064812062
819.48	0.009529315920268733
819.73	0.010014322061499367
819.98	0.008142088475696169
820.23	0.005456843719823801
820.48	0.0007482380069828709
820.73	0.00016553100772434548
820.98	0.003069784547900911
821.23	0.009782720201589101
821.48	0.014943345875170572
821.73	0.018626894731266497
821.98	0.018329198740605263
822.23	0.01785627035700174
822.47	0.014767452028560196
822.72	0.012588949065237054
822.97	0.010246340481165517
823.22	0.009064389943557738
823.47	0.010367860366617895
823.72	0.011918690517482608
823.97	0.012802977975692159
824.22	0.012209748465398726
824.47	0.01074837419510416
824.72	0.010067169394617895
824.97	0.00929512285671269
825.22	0.008781554642324094
825.46	0.007373806404020994
825.71	0.0067934802949598805
825.96	0.005711198523436586
826.21	0.005872397449014563
826.46	0.0051926748319810895
826.71	0.004524173171067153
826.96	0.002355088114016343
827.21	0.002150628044678665
827.46	0.0015575573209677257
827.71	0.0026967029949972326
827.96	0.001617394608851061
828.2	0.0012562137002450624
828.45	0.0003197197629252885
828.7	0.000618162588389426
828.95	0.0006234802567558276
829.2	0.0012280200841432165
829.45	0.000638157121457178
829.7	0.0006823594862653479
829.95	0.0003344014863183656
830.2	0.00020570493868431183
830.45	-0.00035653910926970733
830.69	-0.00040419853423492164
830.94	-0.0008210265351334886
831.19	-0.0004336859495943368
831.44	-0.000752418355586329
831.69	-0.0002572077669810158
831.94	-0.0006175450236847457
832.19	-0.0010280679658671646
832.44	-0.0016509022520199562
832.69	-0.001488434303937497
832.93	-0.0009640674815484668
833.18	-0.0009625405082460334
833.43	-0.001507086574536881
833.68	-0.0013063908653118753
833.93	-0.0013568266929365538
834.18	-0.0013513626835800832
834.43	-0.002374673582842296
834.68	-0.002246811460222306
834.92	-0.0014999762817964127
835.17	-0.0009425958168165008
835.42	-0.0013790169170270206
835.67	-0.002626532329683559
835.92	-0.0029001310030876276
836.17	-0.002264121427511742
836.42	-0.00169225079503698
836.67	-0.0008462813336481828
836.91	-0.0014735118676328512
837.16	-0.0015950507393203972
837.41	-0.0016979066790633948
837.66	-0.0020207731916783572
837.91	-0.0019549011709230207
838.16	-0.004171502589930265
838.41	-0.004343058472537409
838.66	-0.0037623008017951057
838.9	-0.002439254454916606
839.15	-0.0019275897932007624
839.4	-0.002125194509275667
839.65	-0.0017132693042090572
839.9	-0.0016013162561965971
840.15	-0.0021308230416281007
840.4	-0.0016218156532937025
840.64	-0.0015608772551991834
840.89	-0.0008011591034856672
841.14	-0.0016405753688117572
841.39	-0.0016278602209988946
841.64	-0.001754480154777631
841.89	-0.001959461250031262
842.14	-0.0014858982637279972
842.38	-0.002420384083929049
842.63	-0.002756120940320017
842.88	-0.003970422575433327
843.13	-0.0048178512542002006
843.38	-0.007073222067020393
843.63	-0.009504648631593032
843.87	-0.009893402962029466
844.12	-0.005304291206470413
844.37	-0.00031906044912871634
844.62	0.003580704385522812
844.87	0.0015700688209389635
845.12	-0.00047897804457801285
845.37	-0.00233849444816199
845.61	-0.0009374879086970073
845.86	-9.189379338575554e-05
846.11	0.0011069512002314374
846.36	0.000995855547384475
846.61	0.001347755847739232
846.86	-0.0002810836946972803
847.1	-0.0007716352372326707
847.35	-0.0029207532763881466
847.6	-0.0028401408152076424
847.85	-0.0034089884598126202
848.1	-0.002091950092899496
848.35	-0.0023034289890506085
848.59	-0.0023751911284939434
848.84	-0.0025352800572954887
849.09	-0.0026834543975359573
849.34	-0.0025974941696706097
849.59	-0.002509418264303412
849.84	-0.0018880888733104548
850.08	-0.002511965811086765
850.33	-0.0027349050796308533
850.58	-0.00347711820850434
850.83	-0.003672802132034851
851.08	-0.0032911790883282527
851.32	-0.0032088111351764384
851.57	-0.0023345480893127643
851.82	-0.003588847047800034
852.07	-0.0033822435497582112
852.32	-0.004491655469458275
852.57	-0.003986612992061288
852.81	-0.004534165146575536
853.06	-0.0033419443236496135
853.31	-0.0030151409976844
853.56	-0.0025711946984521075
853.81	-0.0033036806174201183
854.05	-0.0038135627246639464
854.3	-0.0037516535283289784
854.55	-0.0030711775482148845
854.8	-0.003051941337064143
855.05	-0.0035015465479154503
855.29	-0.004308261886156621
855.54	-0.0039651888760275575
855.79	-0.004524147207378683
856.04	-0.003976690988165325
856.29	-0.004054426421301605
856.53	-0.0028761063198346343
856.78	-0.0026536006985277624
857.03	-0.0023523751893994582
857.28	-0.0024705914409188373
857.53	-0.002332984997214564
857.77	-0.00327367104906702
858.02	-0.0035274206291351987
858.27	-0.004761547954157785
858.52	-0.004705267753057379
858.77	-0.004444800102436183
859.01	-0.0030925912969566247
859.26	-0.0017821811746570049
859.51	-0.0014367386755870862
859.76	-0.0014038576460428873
860.01	-0.0009208915512767951
860.25	-0.0009143091734737235
860.5	-0.0014648028564789514
860.75	-0.002196656076377819
861.0	-0.00277179953438373
861.25	-0.0029597184860237075
861.49	-0.004280736640357413
861.74	-0.005978540777409794
861.99	-0.007365027161416501
862.24	-0.00797524497858608
862.48	-0.005627837418274023
862.73	-0.002477712325648848
862.98	-0.00040154888349476503
863.23	-0.001575622088318282
863.48	-0.002720775429603403
863.72	-0.003271800666199323
863.97	-0.0023449807844576204
864.22	-0.0023808151280295536
864.47	-0.0023949741027773225
864.71	-0.0029476665075135605
864.96	-0.003082752007177253
865.21	-0.00231425778322078
865.46	-0.0015608966868419505
865.7	-0.001166707664674617
865.95	-0.0015851599719919687
866.2	-0.002343487800598565
866.45	-0.004343574216696844
866.7	-0.008903473761853187
866.94	-0.01622020620819456
867.19	-0.024111878486082025
867.44	-0.026494846118829213
867.69	-0.02247585936214329
867.93	-0.013389386814735893
868.18	-0.008012459090777052
868.43	-0.007348784638615033
868.68	-0.01014781709476778
868.92	-0.01106792878172895
869.17	-0.009967642018890555
869.42	-0.00859865495505728
869.67	-0.006656586155278921
869.91	-0.004281395165455504
870.16	-0.0034871998520460967
870.41	-0.003875707399065967
870.66	-0.0049890615987530085
870.9	-0.00417108075057257
871.15	-0.0038977190543978413
871.4	-0.0023344677445574225
871.65	-0.0019478510726647358
871.89	-0.0018768663005789415
872.14	-0.0028552927316775056
872.39	-0.002900124184514699
872.64	-0.0024809025402260237
872.88	-0.0022822591841287626
873.13	-0.0022790464193492496
873.38	-0.0022882084562397126
873.63	-0.003041201023030994
873.87	-0.003418559340606808
874.12	-0.003346199222041886
874.37	-0.0024075669313430373
874.62	-0.002455579012158246
874.86	-0.0020690744006537157
875.11	-0.0029614971485074568
875.36	-0.0034483297093282628
875.6	-0.004666963256375285
875.85	-0.004800245672444942
876.1	-0.005022577752284339
876.35	-0.004824556997740981
876.59	-0.004917149132409607
876.84	-0.004832970672261502
877.09	-0.005399962734923991
877.34	-0.005397666724033912
877.58	-0.006015691579835669
877.83	-0.005879030203288858
878.08	-0.006089534246673828
878.32	-0.005402068290413127
878.57	-0.005334772233115619
878.82	-0.004623824282812314
879.07	-0.005548737164339575
879.31	-0.005294902245108507
879.56	-0.006048255213039422
879.81	-0.005114339181348786
880.06	-0.0054086696411253105
880.3	-0.004912553964554381
880.55	-0.005580317423895677
880.8	-0.005375453621719997
881.04	-0.006218377400934769
881.29	-0.0070780991736696525
881.54	-0.007547350825195226
881.79	-0.0072510071873252355
882.03	-0.00614388845015322
882.28	-0.006451433304899626
882.53	-0.006530235731143592
882.77	-0.006310578084859374
883.02	-0.005211150525773402
883.27	-0.005107128944732774
883.51	-0.005282025692859273
883.76	-0.005601884791966834
884.01	-0.006347346895382605
884.26	-0.005919350557278373
884.5	-0.00616880286261854
884.75	-0.005124265446201884
885.0	-0.005604996424594007
885.24	-0.0059229510258765605
885.49	-0.0062573836360918025
885.74	-0.005966180617243251
885.98	-0.005057466174513546
886.23	-0.005023908002435483
886.48	-0.005695244936329016
886.73	-0.006780206633565974
886.97	-0.006929819176676635
887.22	-0.006335561881032459
887.47	-0.005949998151375389
887.71	-0.00565093019945568
887.96	-0.006221914731161016
888.21	-0.006052354939005036
888.45	-0.0068197580552219125
888.7	-0.006604507978391454
888.95	-0.006576563158730807
889.19	-0.005827709253793875
889.44	-0.005996526298395227
889.69	-0.005846654499623384
889.93	-0.006171674128719044
890.18	-0.005508097114927432
890.43	-0.006190091117302975
890.67	-0.00620990892802261
890.92	-0.006464273588180761
891.17	-0.006501459826771257
891.42	-0.006895071266071792
891.66	-0.007208670946421379
891.91	-0.007399924149445472
892.16	-0.00682926066095902
892.4	-0.007223876447475824
892.65	-0.006774642134710011
892.9	-0.0069753992974011594
893.14	-0.006420858428679031
893.39	-0.00629133593908885
893.64	-0.005895623929690029
893.88	-0.005621232621142093
894.13	-0.005544047195364381
894.38	-0.006282886415549305
894.62	-0.006582702605196868
894.87	-0.007144041366978965
895.12	-0.006522048278364445
895.36	-0.006368249854724582
895.61	-0.005130121268007111
895.86	-0.004940878519968495
896.1	-0.0049017720927019
896.35	-0.005415651075008611
896.6	-0.0057555626282750905
896.84	-0.0062678599063182225
897.09	-0.0067756962745695384
897.33	-0.007215068178193215
897.58	-0.007099096254616161
897.83	-0.0068056636473904294
898.07	-0.006498564659654156
898.32	-0.006634871500265378
898.57	-0.007141117698597946
898.81	-0.006913422061077999
899.06	-0.006716222737216664
899.31	-0.007468058642325463
899.55	-0.007363185374919638
899.8	-0.007288113855880449
900.05	-0.0060573531060784044
900.29	-0.006289778471055364
900.54	-0.006301889611044165
900.79	-0.006250282926834813
901.03	-0.006480033251272596
901.28	-0.006576657044305455
901.52	-0.0073922205104556896
901.77	-0.008157353832251302
902.02	-0.008459390335353888
902.26	-0.008231957323395905
902.51	-0.008067473415867658
902.76	-0.008055982287192016
903.0	-0.00819268645388993
903.25	-0.008092867268816438
903.5	-0.008260911223289709
903.74	-0.00957523688798103
903.99	-0.010153133191931785
904.23	-0.010373297481162093
904.48	-0.008957379650198341
904.73	-0.008683991602630545
904.97	-0.00821026624320216
905.22	-0.008736618628367637
905.47	-0.008274579474716708
905.71	-0.007987631329762962
905.96	-0.007128985226290553
906.2	-0.006747314899522544
906.45	-0.007094976476697698
906.7	-0.007477939312138644
906.94	-0.007069267671553553
907.19	-0.0067679666703888836
907.44	-0.005369419991428218
907.68	-0.005468229242083303
907.93	-0.004612837001443354
908.17	-0.0049872093225659525
908.42	-0.00577404974439702
908.67	-0.006565885362920458
908.91	-0.007595225896193117
909.16	-0.007405987597107547
909.4	-0.0076217787057581005
909.65	-0.007204372865542076
909.9	-0.007064398543277568
910.14	-0.006763135257963175
910.39	-0.006358634679677011
910.63	-0.00567756387984248
910.88	-0.006443252953635306
911.13	-0.0071597716612955276
911.37	-0.007337922652394739
911.62	-0.006981776366865131
911.86	-0.006738128443604691
912.11	-0.007090885347260739
912.36	-0.006940277568357536
912.6	-0.006902484877797904
912.85	-0.007027900044311419
913.09	-0.007622096178778438
913.34	-0.008068979416562476
913.59	-0.007989875462614676
913.83	-0.0082332052037324
914.08	-0.007679713512917727
914.32	-0.008100732413419992
914.57	-0.0077729711925793935
914.82	-0.007924256800626604
915.06	-0.00771468849123258
915.31	-0.007469918012132606
915.55	-0.00802651584540122
915.8	-0.008174833596068083
916.05	-0.008409010046996332
916.29	-0.0073140456058173944
916.54	-0.007328584770975595
916.78	-0.007090732345125715
917.03	-0.008082365913275602
917.27	-0.007764154281849851
917.52	-0.007622456763837285
917.77	-0.007614528078217796
918.01	-0.008042741520408278
918.26	-0.007955462007418396
918.5	-0.007673383074612919
918.75	-0.007119788348976301
919.0	-0.0071061863789783145
919.24	-0.006496921630714997
919.49	-0.0066475582500746255
919.73	-0.006875179399987573
919.98	-0.007930257529865821
920.22	-0.00793181048662521
920.47	-0.007933334456832523
920.72	-0.007213386522959393
920.96	-0.007540916048327177
921.21	-0.007097055971088985
921.45	-0.007780475099260824
921.7	-0.007581741160067726
921.94	-0.008347785965337112
922.19	-0.007899043968806634
922.43	-0.008025485197941537
922.68	-0.007739872274179431
922.93	-0.008220013522463293
923.17	-0.007644004928078922
923.42	-0.007456995694250311
923.66	-0.007012153249876772
923.91	-0.007684352163765604
924.15	-0.007999981845246903
924.4	-0.009045751803667554
924.64	-0.008738365913289137
924.89	-0.0091883142016079
925.14	-0.00900297529118084
925.38	-0.0096493999726903
925.63	-0.010389647192172904
925.87	-0.011623025575454728
926.12	-0.013297228988714785
926.36	-0.014095354038457103
926.61	-0.013670246690686595
926.85	-0.01565165612477995
927.1	-0.014117760968066509
927.35	-0.01321093392729436
927.59	-0.010027675197443596
927.84	-0.009837664384582764
928.08	-0.009458418830533069
928.33	-0.008888346528214686
928.57	-0.008207897947808532
928.82	-0.00830399123358034
929.06	-0.0079650821862206
929.31	-0.008033632096297962
929.55	-0.00782974697768607
929.8	-0.009183053693036389
930.04	-0.009372240352107222
930.29	-0.009606628112463877
930.54	-0.00800340254036791
930.78	-0.008019974391942228
931.03	-0.007076686623280558
931.27	-0.007719157677650905
931.52	-0.007496244838140785
931.76	-0.007846367298604877
932.01	-0.006924626613147342
932.25	-0.007102440613725926
932.5	-0.007265124340610621
932.74	-0.007974065682998424
932.99	-0.008198762696547304
933.23	-0.007825678665112516
933.48	-0.00763526275119665
933.72	-0.007743685031105146
933.97	-0.0076364241980066555
934.21	-0.008147576644822345
934.46	-0.008305490351387418
934.7	-0.009043133095220722
934.95	-0.008060250491495662
935.19	-0.007180875961341211
935.44	-0.007098507656695063
935.68	-0.007717262861468753
935.93	-0.008190931173451016
936.18	-0.008227222877280858
936.42	-0.008145582501959042
936.67	-0.008646209161913193
936.91	-0.009030320863647488
937.16	-0.010170589350999959
937.4	-0.009819796804598553
937.65	-0.010302146390819528
937.89	-0.009683681359502844
938.14	-0.011298825967021489
938.38	-0.012596575094131326
938.63	-0.016089295868449427
938.87	-0.017419191891382572
939.12	-0.0180352797743263
939.36	-0.01796580305776252
939.61	-0.01711095917021501
939.85	-0.015709364284178663
940.1	-0.0128966280208299
940.34	-0.011619804775179515
940.59	-0.01112473791378707
940.83	-0.010026260589111623
941.08	-0.010032903920707922
941.32	-0.009454905676298808
941.57	-0.01004813985417237
941.81	-0.009202225672484347
942.06	-0.009190974819368404
942.3	-0.008951125684911965
942.55	-0.009138369644921679
942.79	-0.007919951195167696
943.03	-0.007880894672893123
943.28	-0.008081105358509227
943.52	-0.009548728198960625
943.77	-0.009090745279096521
944.01	-0.009214475699429812
944.26	-0.008382214266376857
944.5	-0.008518948916634426
944.75	-0.008332543684398487
944.99	-0.009483495206384814
945.24	-0.00994300623372376
945.48	-0.01092756891406365
945.73	-0.011901652236248714
945.97	-0.011871756026052296
946.22	-0.010569040733818112
946.46	-0.00938474003382761
946.71	-0.009393831603889888
946.95	-0.009766591091420695
947.2	-0.009114040561645533
947.44	-0.008996147504240132
947.69	-0.009137246991020462
947.93	-0.00894883237263238
948.17	-0.008578024296058126
948.42	-0.008231222079039105
948.66	-0.008498762221717207
948.91	-0.008846169723810332
949.15	-0.008456170381208238
949.4	-0.00841696447606391
949.64	-0.00868167443027363
949.89	-0.009522691801899116
950.13	-0.009346658118078902
950.38	-0.00969876714783173
950.62	-0.009265997256008657
950.87	-0.009668807276053973
951.11	-0.0094513287297074
951.35	-0.009545899012927864
951.6	-0.009929634635997511
951.84	-0.009673568778607776
952.09	-0.009229800687390335
952.33	-0.008723326525190471
952.58	-0.008920444429490353
952.82	-0.009075243898900444
953.07	-0.008810007485821648
953.31	-0.008822124491014487
953.56	-0.008948768411667349
953.8	-0.00950309928093375
954.04	-0.008446659171847781
954.29	-0.008195583903808382
954.53	-0.0075087643551721775
954.78	-0.008410865790443513
955.02	-0.007786601635267135
955.27	-0.008188128325485239
955.51	-0.007892285406151944
955.76	-0.008595126665103897
956.0	-0.008268953589986049
956.24	-0.008248859376685805
956.49	-0.00860243280429817
956.73	-0.008964226383556921
956.98	-0.009047298000196054
957.22	-0.009190132286327209
957.47	-0.009165040205337281
957.71	-0.008863077631924426
957.95	-0.00856431268731335
958.2	-0.008446768728813732
958.44	-0.007866590609907846
958.69	-0.008042336784173675
958.93	-0.00832557113310143
959.18	-0.009062298921421796
959.42	-0.00906514829529266
959.66	-0.008495518751635234
959.91	-0.007895086195213855
960.15	-0.00791486320527051
960.4	-0.008199314961185498
960.64	-0.008765267526524678
960.89	-0.008373618585766462
961.13	-0.011903890404712764
961.37	-0.011657955003647927
961.62	-0.011965821963254172
961.86	-0.008394497541792521
962.11	-0.009084876123766752
962.35	-0.008286162229863066
962.59	-0.008334151143281524
962.84	-0.007175582498573731
963.08	-0.007981508153616507
963.33	-0.007548602159304793
963.57	-0.008026700666590302
963.81	-0.007660207101597684
964.06	-0.008243907360486705
964.3	-0.008871488198095759
964.55	-0.008644600983697383
964.79	-0.008365021748471417
