274.84	-0.02548403415802559
275.1	-0.025952301818691077
275.37	-0.0257030165123861
275.64	-0.023712001369929955
275.9	-0.021899956453023037
276.17	-0.021385578655638914
276.43	-0.022546040616237967
276.7	-0.022445128467676725
276.97	-0.022537429731874413
277.23	-0.023248809211542865
277.5	-0.023672330281438704
277.77	-0.022719591146424776
278.03	-0.019443202505512028
278.3	-0.020355965689154664
278.57	-0.02021675671877263
278.83	-0.021415569130442787
279.1	-0.022057590548829442
279.37	-0.02195315098308028
279.63	-0.022147908614758786
279.9	-0.023494981764943
280.16	-0.025775541010741768
280.43	-0.027015276664711985
280.7	-0.025096571635033094
280.96	-0.026427406326766746
281.23	-0.025941808407388744
281.5	-0.02535498655885638
281.76	-0.02327458932257835
282.03	-0.023634013672357353
282.29	-0.02488017385981265
282.56	-0.025222435112762683
282.83	-0.02399307338015757
283.09	-0.022074285052889168
283.36	-0.022263006403335825
283.63	-0.02284326629976301
283.89	-0.024014920881727395
284.16	-0.02438656025218114
284.42	-0.024632592651053276
284.69	-0.024571174827251477
284.96	-0.02359905792529591
285.22	-0.02314204567152795
285.49	-0.023470113146654127
285.76	-0.02431951088209714
286.02	-0.026643653045954972
286.29	-0.02765843909464319
286.55	-0.027271738665321642
286.82	-0.02470187654481904
287.09	-0.02264250937021656
287.35	-0.023704050868967444
287.62	-0.02328986296336562
287.88	-0.02417304804966388
288.15	-0.021481573612962178
288.42	-0.02111893136291632
288.68	-0.022481018679276505
288.95	-0.02399239281218437
289.22	-0.025455414083721276
289.48	-0.024798895374107607
289.75	-0.024746745412373622
290.01	-0.024742576717405478
290.28	-0.022678304064551902
290.55	-0.023628910662238316
290.81	-0.022024212394048545
291.08	-0.023798832364203153
291.34	-0.024281545746211268
291.61	-0.02640378765038731
291.88	-0.026025104381975167
292.14	-0.023849208772520267
292.41	-0.022816158308060865
292.67	-0.02501554425042983
292.94	-0.026783424319565693
293.21	-0.027143449388582187
293.47	-0.025509975824649145
293.74	-0.02610337543504819
294.0	-0.02414417406703273
294.27	-0.02248829939929584
294.54	-0.0202945548493745
294.8	-0.021967806038648688
295.07	-0.02413469935872284
295.33	-0.023261677116293296
295.6	-0.023528094036039268
295.86	-0.02234181957506539
296.13	-0.022504640887677743
296.4	-0.020705006389023384
296.66	-0.02099367824628348
296.93	-0.024655663800122928
297.19	-0.026407388731549263
297.46	-0.025712462532771374
297.73	-0.023252045658969815
297.99	-0.02219798812777811
298.26	-0.020494647977972305
298.52	-0.01832316654653017
298.79	-0.018126759493651362
299.05	-0.01685236716804966
299.32	-0.019730713151747688
299.59	-0.021262005157190858
299.85	-0.02304901513986026
300.12	-0.021117769234178803
300.38	-0.01867934204444565
300.65	-0.017315001794869334
300.92	-0.0174613600548889
301.18	-0.017182966314255317
301.45	-0.01896584307775135
301.71	-0.01676209034184177
301.98	-0.01784671494186857
302.24	-0.01821138895983665
302.51	-0.0195094983926268
302.78	-0.018836963738961494
303.04	-0.017031048042735197
303.31	-0.016994499915712592
303.57	-0.01716433656820167
303.84	-0.016208280109474567
304.1	-0.014497082700536915
304.37	-0.013254099403036443
304.63	-0.013967833623805659
304.9	-0.015227053869041551
305.17	-0.015623383267241886
305.43	-0.014017995675165526
305.7	-0.01434781179017116
305.96	-0.013381110297404991
306.23	-0.012980799058450912
306.49	-0.01181496799149824
306.76	-0.011208591226742524
307.03	-0.01149621327178229
307.29	-0.010237915530634661
307.56	-0.010674505425986212
307.82	-0.010890591644925153
308.09	-0.010984703810987012
308.35	-0.009859353649915532
308.62	-0.009937939716367639
308.88	-0.008422231156106977
309.15	-0.008791462711152463
309.42	-0.007434911383799064
309.68	-0.007272433717571691
309.95	-0.005755633641377211
310.21	-0.0037618918122066317
310.48	-0.00329605488382239
310.74	-0.0029357755009236652
311.01	-0.004572713920824069
311.27	-0.0028884555866727363
311.54	-0.0015017108044442784
311.8	6.54423109639965e-05
312.07	-0.002575891035058439
312.34	-0.0038313450016850548
312.6	-0.0020174354238207265
312.87	-0.0010371467548479715
313.13	-0.0018237232232598335
313.4	-0.0024131010959966143
313.66	-0.002848448686850802
313.93	-0.001028363669009942
314.19	-0.003656718108789453
314.46	-0.002353626254313304
314.72	-0.0032988043140379855
314.99	-0.002046453541624964
315.25	-0.0015995313219303864
315.52	-4.889943886084852e-05
315.78	0.0003762794975230091
316.05	0.00036663972160871916
316.32	-0.0008193927483313573
316.58	-0.0008068599983751534
316.85	-0.0026976654617884427
317.11	-0.0024379875053426384
317.38	-0.0018158271974825085
317.64	-0.0007025504730588938
317.91	5.781056683347441e-05
318.17	-7.924776416632501e-05
318.44	0.00024731677843663896
318.7	0.0011953391162243324
318.97	0.0004652423047879842
319.23	-0.0011799998329128855
319.5	-0.0017376140366812814
319.76	-0.0002952005451302489
320.03	0.002917435580511378
320.29	0.002648245774760548
320.56	0.0024212273350244437
320.82	0.0013752574359412115
321.09	0.0018273038888063156
321.36	0.0008886196485840409
321.62	0.002305930188229964
321.89	0.0040935395124106905
322.15	0.006897240743262943
322.42	0.008207957522604135
322.68	0.007785534193414774
322.95	0.007308766267474356
323.21	0.007450239867199948
323.48	0.0110129078365504
323.74	0.014668542429927996
324.01	0.01810404557136517
324.27	0.022334412379453272
324.54	0.02654739833982008
324.8	0.03135686533309728
325.07	0.035588753006370384
325.33	0.03956475576484537
325.6	0.04193056913233578
325.86	0.03864781002090381
326.13	0.03422672141307863
326.39	0.02843133839310478
326.66	0.026508136246614952
326.92	0.025928295875964062
327.19	0.028393721785102577
327.45	0.032834491235949954
327.72	0.03825771983733156
327.98	0.042883750675546776
328.25	0.04217504597346151
328.51	0.0403882442974674
328.78	0.03608097255692484
329.04	0.033122920495460735
329.31	0.030719997513838457
329.57	0.029930728326937814
329.84	0.029052330505918822
330.1	0.026779765693554884
330.37	0.02399605899119866
330.63	0.024252639037338944
330.9	0.025545956527657274
331.16	0.02684788820180551
331.43	0.027387250304407362
331.69	0.026057048945562183
331.96	0.024527200441034125
332.22	0.022671975821686965
332.49	0.02087118781258275
332.75	0.020285323589778845
333.01	0.020495561023329056
333.28	0.021154327819112383
333.54	0.02180207892711611
333.81	0.01948975255210532
334.07	0.01944134100744639
334.34	0.02037050430005738
334.6	0.02139099202698002
334.87	0.020802273407381278
335.13	0.017975357786475923
335.4	0.019399280847230346
335.66	0.020723595894141772
335.93	0.023135854173887194
336.19	0.02314885554837983
336.46	0.023290958071270018
336.72	0.025401874085959626
336.99	0.026256211141643462
337.25	0.026751114533174192
337.52	0.02544791961385348
337.78	0.024171553763609924
338.05	0.025522647423117634
338.31	0.025161842185044914
338.57	0.02536862530219461
338.84	0.026119397250111198
339.1	0.026407983770421375
339.37	0.027494890097447454
339.63	0.026137791876169214
339.9	0.02588668234427055
340.16	0.026588969615345473
340.43	0.027605255372014748
340.69	0.027557564611478874
340.96	0.02900316137029084
341.22	0.027993772758580213
341.49	0.028704677256411598
341.75	0.02780455515147233
342.01	0.029196970825094655
342.28	0.03056098357729435
342.54	0.029689793736325812
342.81	0.030373410398931766
343.07	0.03216871989444485
343.34	0.0371567809959588
343.6	0.040092530896213924
343.87	0.04472553940615613
344.13	0.04590580379713977
344.4	0.04640647916046729
344.66	0.047008526831599215
344.92	0.04725886533942286
345.19	0.05201073359351345
345.45	0.05404418099793981
345.72	0.05564127227392632
345.98	0.054370983487768976
346.25	0.05292302026310766
346.51	0.05204854943349714
346.78	0.0516914137284305
347.04	0.05049403879452391
347.3	0.05243121761735681
347.57	0.05279782740911007
347.83	0.05504723072411283
348.1	0.05532569008936
348.36	0.05540765317860204
348.63	0.05416349487817984
348.89	0.054469159115212024
349.15	0.05449041260585358
349.42	0.05577873194279463
349.68	0.056123758562418705
349.95	0.05666478747996641
350.21	0.0557287477305109
350.48	0.05508176230311862
350.74	0.05518091176021725
351.01	0.057216034991581705
351.27	0.05891622661382387
351.53	0.061119377417064955
351.8	0.06332678642902066
352.06	0.06411572943820612
352.33	0.06566173140348168
352.59	0.06710269028784623
352.86	0.06828700371132183
353.12	0.06762197629624328
353.38	0.06295302291011765
353.65	0.06266352246863266
353.91	0.061127180656387975
354.18	0.05942648028209714
354.44	0.052737924485406484
354.7	0.051793199499309744
354.97	0.05334908776712134
355.23	0.055259846938117044
355.5	0.05529640685573578
355.76	0.05406316474518362
356.03	0.05505509209687874
356.29	0.052462979983523214
356.55	0.05261279411104133
356.82	0.052519208594315664
357.08	0.054417116242124725
357.35	0.0548525651576989
357.61	0.05330665536752538
357.87	0.05308632213245722
358.14	0.054648532226209925
358.4	0.05836598418269666
358.67	0.06007934343536367
358.93	0.06235265032982637
359.2	0.06382488062251186
359.46	0.0668345763330184
359.72	0.06937828200798635
359.99	0.07274682466321894
360.25	0.07390873124211558
360.52	0.07542120574846434
360.78	0.07452855602479423
361.04	0.07412453147484693
361.31	0.07363831454117126
361.57	0.07481948529547862
361.84	0.07424935828979184
362.1	0.07292302692427308
362.36	0.07154678362447456
362.63	0.07024771779068767
362.89	0.06890584709675933
363.16	0.06643846926843425
363.42	0.0644524833305185
363.68	0.06302374316314566
363.95	0.06136978722247807
364.21	0.06273417945879485
364.47	0.061105845258105834
364.74	0.061119685819091746
365.0	0.05981722066411915
365.27	0.062100137268845335
365.53	0.06180814028106704
365.79	0.060649287298060794
366.06	0.05797183663516112
366.32	0.05647462550148043
366.59	0.05936724768603574
366.85	0.059742906058243866
367.11	0.0608420675071593
367.38	0.05758753369108488
367.64	0.056601510336061145
367.91	0.05592597966351487
368.17	0.05754687683249354
368.43	0.05921057095673295
368.7	0.058490442457527866
368.96	0.058687358031851586
369.22	0.0562482528751124
369.49	0.05667939909418496
369.75	0.0558129585942672
370.02	0.05508423065575577
370.28	0.054564238748992036
370.54	0.05238472029130967
370.81	0.05333660273624735
371.07	0.05351923558885126
371.33	0.04932503208484185
371.6	0.051080565467219716
371.86	0.0507105912347498
372.13	0.05403968649431874
372.39	0.05199984944595311
372.65	0.050600060282716505
372.92	0.05094159846786597
373.18	0.04882754201989191
373.44	0.05054099928605087
373.71	0.05278611827917307
373.97	0.05574562006586395
374.23	0.05493314195711896
374.5	0.050960438974126374
374.76	0.04967793196275763
375.03	0.04858592409826841
375.29	0.049032167182634714
375.55	0.047733774055097294
375.82	0.04840802718852255
376.08	0.04891059677955298
376.34	0.046236993015008984
376.61	0.04718039026982651
376.87	0.04867143083326769
377.13	0.05340535074345101
377.4	0.052742621949093224
377.66	0.04982057596267561
377.92	0.046817665458749574
378.19	0.04443437332766069
378.45	0.04386777981454704
378.72	0.046176509710664254
378.98	0.04709389972916331
379.24	0.05034686773225264
379.51	0.05039840586023396
379.77	0.05229676077773329
380.03	0.055610769176266145
380.3	0.05356029720749553
380.56	0.053801286677729265
380.82	0.05027532416602723
381.09	0.05248162903996485
381.35	0.05080352441409877
381.61	0.05235554373262208
381.88	0.0509884495101173
382.14	0.05108508170965696
382.4	0.049091293885502124
382.67	0.05053417483641334
382.93	0.05244342347553302
383.19	0.054486446768238606
383.46	0.05408723954922137
383.72	0.05246826815801406
383.98	0.052403670314644976
384.25	0.05067472046338094
384.51	0.050241008975556306
384.77	0.049765246592068824
385.04	0.05018292032098251
385.3	0.052318009468464266
385.56	0.05070730786684273
385.83	0.0497471971866453
386.09	0.04853679739466854
386.35	0.04940787554472208
386.62	0.05163356928325702
386.88	0.05094294902867444
387.14	0.050674171525458944
387.41	0.0514840498900771
387.67	0.05110652362922338
387.93	0.05121590278268209
388.2	0.05115772647256761
388.46	0.05256476253698525
388.72	0.052708961189159256
388.99	0.05283508183115315
389.25	0.05320936599160955
389.51	0.0547590869686425
389.78	0.05486314039642304
390.04	0.054290253437813296
390.3	0.05310393653702847
390.56	0.05352928610730118
390.83	0.054821296669389646
391.09	0.054106639774678195
391.35	0.05351085196673855
391.62	0.051827503440128
391.88	0.05124987839260832
392.14	0.04935245282559317
392.41	0.04865946204644593
392.67	0.05093364595003676
392.93	0.05165706469067523
393.2	0.05470167233848888
393.46	0.0542055164939135
393.72	0.056569290116822754
393.99	0.056651993682518664
394.25	0.055111383346765144
394.51	0.05501300009382551
394.77	0.051959222108801745
395.04	0.052843412732455144
395.3	0.05074125916216429
395.56	0.05110860773340392
395.83	0.05162394685329451
396.09	0.05267379109541151
396.35	0.052519768962726796
396.62	0.05457641096994564
396.88	0.053608588949442953
397.14	0.05737251067680341
397.4	0.05307526010829797
397.67	0.05398228001983013
397.93	0.05377840482601312
398.19	0.05666949122007711
398.46	0.05730623525812792
398.72	0.05710028747352325
398.98	0.05774212762083952
399.24	0.058432389173887794
399.51	0.0584422335006049
399.77	0.05778693300519552
400.03	0.057055186134076175
400.3	0.055723877495838736
400.56	0.051835222337626524
400.82	0.053938051661072295
401.08	0.0579374449799582
401.35	0.06327891699196808
401.61	0.06258410525178029
401.87	0.06299516638466132
402.14	0.0625072588881396
402.4	0.06263194082403123
402.66	0.061102970977805066
402.92	0.06448491497545547
403.19	0.06522945139015321
403.45	0.061891625615050655
403.71	0.05749342671073396
403.98	0.054811984809538444
404.24	0.05504476141890305
404.5	0.05570465271843125
404.76	0.05578878365140266
405.03	0.05727882725576544
405.29	0.05789965439080702
405.55	0.061702566374362916
405.81	0.06269754314163384
406.08	0.06614073487589622
406.34	0.06717088195344378
406.6	0.07113153898252583
406.87	0.07257194033578399
407.13	0.0724909881776426
407.39	0.06996412085443332
407.65	0.06538126287226248
407.92	0.061475159368229976
408.18	0.05857440045475776
408.44	0.05638887712430729
408.7	0.0550181723014993
408.97	0.05252827302525451
409.23	0.05093439125601981
409.49	0.04997575467103357
409.75	0.05031921571374581
410.02	0.04992685197552374
410.28	0.049597424497860226
410.54	0.04835895590346065
410.8	0.04819235061611163
411.07	0.04768200038699685
411.33	0.047569643779871024
411.59	0.05058724037098411
411.85	0.04954624125237819
412.12	0.0490103513556816
412.38	0.04761059478609056
412.64	0.05077306823874908
412.9	0.05409475711582254
413.17	0.05432628002694426
413.43	0.05394551048051144
413.69	0.05149734614253981
413.95	0.05127365744698004
414.22	0.05055580270673099
414.48	0.05398677611770622
414.74	0.05590599633361032
415.0	0.05648717334084129
415.27	0.055364034915960494
415.53	0.0522167014217971
415.79	0.05195922364350131
416.05	0.05032324643941588
416.32	0.0506103908765482
416.58	0.047897638803993225
416.84	0.04724280456275681
417.1	0.048956302292528786
417.37	0.0502422045114492
417.63	0.050128500725030445
417.89	0.047994732258125866
418.15	0.04936643784302072
418.41	0.051263378956193456
418.68	0.05183967985427668
418.94	0.04967250285946073
419.2	0.048387098751800334
419.46	0.04509758935824687
419.73	0.04431061300461686
419.99	0.04247958116769668
420.25	0.04444766287893914
420.51	0.04061729131601144
420.78	0.04081537404644092
421.04	0.0429742079701009
421.3	0.05032834348908491
421.56	0.0504877491220993
421.82	0.04939982098561985
422.09	0.04653434587550748
422.35	0.04777753094474588
422.61	0.04754143769330779
422.87	0.03983447163734402
423.14	0.042615660187951654
423.4	0.04311557453609852
423.66	0.05355489379189271
423.92	0.04999251159156318
424.18	0.04996947068263499
424.45	0.05046669913868351
424.71	0.05251259203122988
424.97	0.053424624372034185
425.23	0.055731048856414445
425.49	0.05894256765885619
425.76	0.060828591814294175
426.02	0.06120226011719582
426.28	0.06330111417881507
426.54	0.06650344048327658
426.81	0.06890162536108124
427.07	0.07059577713515652
427.33	0.07335801687076213
427.59	0.07581411601291829
427.85	0.08000186058697104
428.12	0.08252037153576133
428.38	0.08144903502474946
428.64	0.07596227609696224
428.9	0.06949082600609416
429.16	0.06476969300629382
429.43	0.062193438856119734
429.69	0.060605291678006296
429.95	0.059344107005973784
430.21	0.05651366642095104
430.47	0.05349079649330965
430.74	0.05385723754068608
431.0	0.0549410517048457
431.26	0.058557199186894934
431.52	0.05862519352107312
431.78	0.057547629114254456
432.05	0.054116380476971176
432.31	0.05007549435245057
432.57	0.05087336392415889
432.83	0.052740462126549176
433.09	0.054898577943929217
433.35	0.054982885884949595
433.62	0.0558408392617063
433.88	0.05738605112192831
434.14	0.05728160944189448
434.4	0.057723256643001014
434.66	0.05712426079272162
434.93	0.05711524129899376
435.19	0.055179045927670145
435.45	0.05471696475009005
435.71	0.05124131112081787
435.97	0.05139879327464622
436.23	0.05285312103762599
436.5	0.05683720742043388
436.76	0.059365699363095215
437.02	0.060408831180638806
437.28	0.06285603503889287
437.54	0.061742639572852226
437.81	0.06299608447587968
438.07	0.06402967869640766
438.33	0.0672950548140665
438.59	0.06981776067064639
438.85	0.06797422983907381
439.11	0.06616380707317973
439.38	0.060391052392130135
439.64	0.059874137152614915
439.9	0.05766490024190002
440.16	0.059216042700682675
440.42	0.05913464785511385
440.68	0.05851069169544107
440.95	0.058588248283632405
441.21	0.056635621110548595
441.47	0.05499435000341993
441.73	0.05440344326105093
441.99	0.05414175739442051
442.25	0.05515317932163344
442.52	0.05307575594346636
442.78	0.05271365234007169
443.04	0.05207924877584255
443.3	0.05190710253130204
443.56	0.04990603019588122
443.82	0.04903534064047377
444.08	0.047727343834440106
444.35	0.048743956407307304
444.61	0.04876193073101953
444.87	0.05096513043139966
445.13	0.04854707518361309
445.39	0.0491398992353142
445.65	0.047433647198390105
445.92	0.05262239670777988
446.18	0.05304231111022381
446.44	0.054079668876599235
446.7	0.05202682704489811
446.96	0.05170957476592508
447.22	0.050993033989700176
447.48	0.051053819890106905
447.75	0.051066987445607476
448.01	0.05155127343207788
448.27	0.05433979677196277
448.53	0.05682451877249678
448.79	0.05803796007831466
449.05	0.05735837954224923
449.31	0.05868520626357568
449.58	0.061297183790951226
449.84	0.06368080703617274
450.1	0.06366531369181863
450.36	0.06660493340730239
450.62	0.06768012128955633
450.88	0.07021484783947965
451.14	0.07229367264781328
451.41	0.0763412155605248
451.67	0.07795426039188136
451.93	0.0742717553567162
452.19	0.06809419511072812
452.45	0.0638600859798441
452.71	0.06440389751194184
452.97	0.06865504615099124
453.23	0.06959076303710568
453.5	0.07161359558761793
453.76	0.07165768388926572
454.02	0.07422051727679663
454.28	0.07392662274694131
454.54	0.074296792045986
454.8	0.07245858519996698
455.06	0.07009714481856164
455.32	0.06620110774694374
455.59	0.06562344760242614
455.85	0.06424561937531686
456.11	0.06464228600258506
456.37	0.06319545013205072
456.63	0.06372768117293375
456.89	0.06316710624492453
457.15	0.06308621263244538
457.41	0.0666085960143516
457.68	0.06981766734925476
457.94	0.0757111717540419
458.2	0.07768829906087743
458.46	0.07951980126912261
458.72	0.08075157156860213
458.98	0.08402816666871632
459.24	0.08833914713798924
459.5	0.08822953353597912
459.76	0.08425585852301112
460.03	0.08026599849098337
460.29	0.07528470713961014
460.55	0.07093984539961862
460.81	0.06598402070524365
461.07	0.06462397034578399
461.33	0.06248674455048672
461.59	0.05961427470192582
461.85	0.06054792539966203
462.11	0.061650776880299296
462.37	0.06286355475932862
462.64	0.06092789763270792
462.9	0.061158868748400624
463.16	0.06323297732621252
463.42	0.06351954620001005
463.68	0.06627926891773706
463.94	0.07161205899969697
464.2	0.08005597629504166
464.46	0.08732712485994329
464.72	0.09160285605300375
464.98	0.09565715947130829
465.24	0.09903207278645848
465.51	0.10777218583529818
465.77	0.11599357007667704
466.03	0.11827115585769757
466.29	0.10896154352310017
466.55	0.09961319077330325
466.81	0.09353372416506853
467.07	0.09239766730913002
467.33	0.09053790877436974
467.59	0.08726292902137159
467.85	0.08767742705061002
468.11	0.08774387349224222
468.38	0.09027834013532937
468.64	0.08681243708694067
468.9	0.08660473485963777
469.16	0.08548183961097247
469.42	0.08790120920518715
469.68	0.08798731216699304
469.94	0.08703260794715531
470.2	0.08670408831259638
470.46	0.08731430410574018
470.72	0.08886559649029205
470.98	0.09060584815760897
471.24	0.08811043907692956
471.5	0.08547468493583324
471.77	0.08038779904736679
472.03	0.07823489638344075
472.29	0.07900629961492617
472.55	0.07797697583964726
472.81	0.07652344512258566
473.07	0.07514371539275982
473.33	0.07774317983074272
473.59	0.07787544271235212
473.85	0.07758147093982606
474.11	0.07704843385279422
474.37	0.07871191828040949
474.63	0.08005361658856269
474.89	0.07825480247001666
475.15	0.07740558830154431
475.41	0.07613539313137771
475.68	0.07898109310129844
475.94	0.08336759778922273
476.2	0.08674297026468689
476.46	0.08825897158975185
476.72	0.08950826207685195
476.98	0.09044334379502364
477.24	0.09302610312667847
477.5	0.09414125909033619
477.76	0.0965895747208744
478.02	0.09798086405930465
478.28	0.09875938865109421
478.54	0.0996823825817989
478.8	0.10018277462453926
479.06	0.10081228446156348
479.32	0.09904554519456821
479.58	0.10110825085277284
479.84	0.10578628916784155
480.1	0.11153811527271285
480.36	0.11130140790069853
480.63	0.10725201564186479
480.89	0.10601992655776493
481.15	0.10361674329050971
481.41	0.10523277266893141
481.67	0.10475033044275434
481.93	0.10826487510954277
482.19	0.10999097169427499
482.45	0.11145355275858543
482.71	0.11318246657911185
482.97	0.1143185661623354
483.23	0.11549888206828476
483.49	0.11680247074612665
483.75	0.1166471152163118
484.01	0.11772983133274631
484.27	0.11929362359789639
484.53	0.12084584364772652
484.79	0.11681458002030981
485.05	0.11770515158736886
485.31	0.12041665039390576
485.57	0.1299273626125239
485.83	0.13264055410841413
486.09	0.13689931320074336
486.35	0.139163200216236
486.61	0.14314490254375845
486.87	0.14666747816186287
487.13	0.1483044525764688
487.39	0.14977066001278466
487.65	0.1461859742103574
487.91	0.1466046750989411
488.17	0.14797533174579974
488.43	0.1542864937936549
488.7	0.15656240884576486
488.96	0.1589490648889252
489.22	0.1617583452569043
489.48	0.16760258227289115
489.74	0.17127377367825586
490.0	0.17422125059331592
490.26	0.17866304738813388
490.52	0.18021691698586118
490.78	0.18588809511114648
491.04	0.18917462408303048
491.3	0.1972447597193582
491.56	0.20056672347571003
491.82	0.20578344854105526
492.08	0.21127588119571078
492.34	0.21483898117529593
492.6	0.21784444218427781
492.86	0.22089148193746222
493.12	0.2230340024590472
493.38	0.22197270632572064
493.64	0.21861509898134768
493.9	0.21987023133297748
494.16	0.2248171955062992
494.42	0.2280251778014906
494.68	0.2289571033229193
494.94	0.22681860790828942
495.2	0.22505142508792642
495.46	0.22719978126927387
495.72	0.22954468507173806
495.98	0.23375670322560085
496.24	0.23636419802504371
496.5	0.2370662736350583
496.76	0.23547930020688557
497.02	0.23184743503065722
497.28	0.23017488693252466
497.54	0.22755734070802267
497.8	0.2259547305646695
498.06	0.2247170908854979
498.32	0.22276669233056456
498.58	0.21817956065127522
498.84	0.20917329277049074
499.1	0.20114853014769413
499.36	0.19027583312622454
499.62	0.1841916254631048
499.88	0.1777223176923704
500.14	0.17345121309697414
500.4	0.16892658973848568
500.66	0.1616950879941455
500.92	0.15248699840424973
501.18	0.14765918612604012
501.44	0.1534811681224637
501.69	0.1701439519305113
501.95	0.18742238486179225
502.21	0.2061030555808699
502.47	0.22052207919824318
502.73	0.2317656774291573
502.99	0.23569571761605387
503.25	0.23760533832665126
503.51	0.24082229464061586
503.77	0.24540603991494186
504.03	0.25017267625369205
504.29	0.24872688281404484
504.55	0.24657137989420616
504.81	0.24348138611436004
505.07	0.24304371942407502
505.33	0.24287388208328217
505.59	0.24430429777835735
505.85	0.24628721259215747
506.11	0.24984050665437055
506.37	0.25262561061009664
506.63	0.2573773038205745
506.89	0.26123280547306676
507.15	0.26340131661647903
507.41	0.2646011188687263
507.67	0.26441152071855556
507.93	0.26740010043196477
508.19	0.2704055281939107
508.45	0.26982120341836524
508.71	0.2689741240159792
508.97	0.27502948465139276
509.23	0.2941520977687884
509.49	0.3167635862344866
509.74	0.3386312736247353
510.0	0.35668937759827996
510.26	0.3661258843461548
510.52	0.3707620752174067
510.78	0.3910776338979211
511.04	0.43232450259711414
511.3	0.430277160680525
511.56	0.38173540850244425
511.82	0.3136348506734765
512.08	0.2866018362113416
512.34	0.28140468706957533
512.6	0.2813224700488549
512.86	0.2827636433619549
513.12	0.29146168282257034
513.38	0.30523431181318733
513.64	0.3308482336639993
513.9	0.369324006197016
514.16	0.4163732300472652
514.42	0.46508386251489764
514.67	0.5080571931608726
514.93	0.5365718983378371
515.19	0.5486324646080065
515.45	0.5619417644557929
515.71	0.604463174771853
515.97	0.604472793492618
516.23	0.5371039768971679
516.49	0.4220699581923279
516.75	0.34344921107934956
517.01	0.3141140381323274
517.27	0.29728321935996616
517.53	0.28231264193925654
517.79	0.2703342474940832
518.05	0.2596909672877167
518.31	0.25286051703049406
518.56	0.24891196724513637
518.82	0.2509013776303252
519.08	0.26049838766477407
519.34	0.27585453218846656
519.6	0.29487623316239864
519.86	0.319178009771244
520.12	0.360892606316129
520.38	0.4290353362903659
520.64	0.5158927397183859
520.9	0.599534450440012
521.16	0.6696972404097592
521.42	0.7126602464366025
521.68	0.737846467668379
521.93	0.7603673049495681
522.19	0.8307614967933808
522.45	0.8517786700387205
522.71	0.7533965193765002
522.97	0.5671490457223867
523.23	0.4215590073637444
523.49	0.3665332894982467
523.75	0.3423869106896341
524.01	0.31620286412903564
524.27	0.29545715801533756
524.53	0.2728161077111408
524.79	0.25490944636564494
525.04	0.23920745473238256
525.3	0.23093279362886382
525.56	0.22500132650949412
525.82	0.22130861649766798
526.08	0.213413385830926
526.34	0.20738760788021737
526.6	0.19886176012418938
526.86	0.19661112218989513
527.12	0.19239037659879954
527.38	0.1933192523504979
527.63	0.1940845279987147
527.89	0.19854590585117124
528.15	0.20467463443491635
528.41	0.21159965160415403
528.67	0.21700382547530697
528.93	0.2201661253841391
529.19	0.22357120231597125
529.45	0.2281781037292873
529.71	0.23880129471267653
529.97	0.23977269566069612
530.22	0.2309537307911016
530.48	0.21171479699373208
530.74	0.19784394024222912
531.0	0.1910472044680016
531.26	0.18544137820548265
531.52	0.18144126203644384
531.78	0.17874515031664148
532.04	0.17579342521203212
532.3	0.17421994765600207
532.55	0.16748453011671607
532.81	0.16477809937119692
533.07	0.16290597842113339
533.33	0.16395041121155463
533.59	0.16503596886662633
533.85	0.16433733016787688
534.11	0.16245210128692633
534.37	0.16134177490878684
534.62	0.16151657307720008
534.88	0.1675875574884203
535.14	0.17155630672011193
535.4	0.17418776881874765
535.66	0.17419367476031067
535.92	0.1749735743780197
536.18	0.17448271396406215
536.44	0.17372448945390412
536.69	0.1722991986582706
536.95	0.1703498754235878
537.21	0.16830960108107912
537.47	0.1662221491598127
537.73	0.1648114973410267
537.99	0.16627469109326837
538.25	0.16852550798828608
538.51	0.17142429294803768
538.76	0.17142962889404126
539.02	0.17103372321527324
539.28	0.16966570761894326
539.54	0.17165832660493247
539.8	0.17260021804507752
540.06	0.17290346020766612
540.32	0.16766065610885003
540.57	0.1638114315952143
540.83	0.16048511083193182
541.09	0.16215861678371157
541.35	0.16222927771960566
541.61	0.16214752574787092
541.87	0.16071604577991905
542.13	0.15727702404388777
542.38	0.15467311674311343
542.64	0.15435233464519368
542.9	0.15542457563316334
543.16	0.15801097205671227
543.42	0.15641803711839322
543.68	0.15659775285998723
543.94	0.15516632168646188
544.19	0.1522493706436725
544.45	0.14887614916998895
544.71	0.1474550921389943
544.97	0.14671873859443907
545.23	0.14710343123119624
545.49	0.14630637097333582
545.74	0.1486409074642965
546.0	0.1466584167272293
546.26	0.14811647623028115
546.52	0.1425496130389654
546.78	0.14202032561290587
547.04	0.14033491474408247
547.29	0.14223759801910804
547.55	0.14334012272355848
547.81	0.14309751755917896
548.07	0.1430252236898788
548.33	0.14371567887685693
548.59	0.14289781334715365
548.84	0.1437262826562668
549.1	0.14192526949807757
549.36	0.14284188782420348
549.62	0.14177084685030766
549.88	0.1422883482307837
550.14	0.1406696310785343
550.39	0.1401330285437666
550.65	0.13862199077398624
550.91	0.13791221379967472
551.17	0.13869136085063674
551.43	0.13943410516985527
551.69	0.13901695009092835
551.94	0.13702033284621756
552.2	0.13583171158903462
552.46	0.13686171872821115
552.72	0.13885066103241658
552.98	0.1416517723226114
553.24	0.14277839917686908
553.49	0.14462731403231882
553.75	0.14428134181873356
554.01	0.14514132499897633
554.27	0.14368983778597533
554.53	0.14138898050652124
554.78	0.1389875429538391
555.04	0.13947032379505406
555.3	0.1408541450571993
555.56	0.14309332865963315
555.82	0.14173099954478366
556.07	0.14157610957259426
556.33	0.13940775016175613
556.59	0.13933731675309333
556.85	0.1369786287943514
557.11	0.13527169646868442
557.37	0.1330311908506433
557.62	0.1346183285703119
557.88	0.13575845906082123
558.14	0.13445356428382488
558.4	0.13473387156254935
558.66	0.1340983025191765
558.91	0.13652457584505984
559.17	0.13479231802446776
559.43	0.13391802608463538
559.69	0.1342111998503732
559.95	0.13577087018340397
560.2	0.13668909541284902
560.46	0.13408654228400504
560.72	0.13282543030729366
560.98	0.13064047121671982
561.24	0.13455004438839188
561.49	0.13534238670700144
561.75	0.1380620973954836
562.01	0.13686248799281395
562.27	0.13633379382157967
562.52	0.1371946774000594
562.78	0.1376359815183395
563.04	0.13914611096814264
563.3	0.14027257158647363
563.56	0.14102704569595506
563.81	0.1395857137992482
564.07	0.1384435673125189
564.33	0.1360010628895127
564.59	0.1385110370116181
564.85	0.1392585177027734
565.1	0.1394121466390047
565.36	0.1384759119210502
565.62	0.13424470844472894
565.88	0.13523340631811098
566.13	0.13197159713575174
566.39	0.13042916154768694
566.65	0.1252516568311646
566.91	0.11920053833750649
567.17	0.1160973865562144
567.42	0.11129927554205885
567.68	0.11214786397189774
567.94	0.11206616333749195
568.2	0.11385524030779953
568.45	0.11236865327258067
568.71	0.11540623850981
568.97	0.12365086493609564
569.23	0.13143546753104113
569.49	0.1392096887628999
569.74	0.1436784486910301
570.0	0.15147538017455145
570.26	0.1571124801286079
570.52	0.16463293560212378
570.77	0.16104002984811436
571.03	0.14942415600606898
571.29	0.13549571812055605
571.55	0.12943598622381317
571.8	0.1309705297867513
572.06	0.13152752648064514
572.32	0.13213145510085933
572.58	0.12620722587465724
572.83	0.12287929731896374
573.09	0.1226634337806706
573.35	0.1246421197081845
573.61	0.12593668501121996
573.86	0.1256864104227986
574.12	0.12707126110318812
574.38	0.12560617741136818
574.64	0.12491230823314384
574.89	0.12261724967361712
575.15	0.11957403955488585
575.41	0.11812606555495622
575.67	0.11957980644041677
575.92	0.1226953826197664
576.18	0.12324730396789418
576.44	0.12624059034489016
576.7	0.13449981368551855
576.95	0.15187321553544228
577.21	0.17067249005032326
577.47	0.18637484757742645
577.73	0.19526165934702072
577.98	0.20076451282749483
578.24	0.2050587235893976
578.5	0.22069417147186607
578.76	0.23667991921601814
579.01	0.22731953793782347
579.27	0.19484779156885207
579.53	0.1547526414719357
579.79	0.14000654343854946
580.04	0.13332685808863845
580.3	0.13115787808100937
580.56	0.12740717560175185
580.81	0.12302821456555582
581.07	0.11942679486218444
581.33	0.11716918034326915
581.59	0.11570559226894772
581.84	0.11326782112781594
582.1	0.11129861738126778
582.36	0.11098731342875004
582.62	0.11202946434593056
582.87	0.11158137874961518
583.13	0.10971951917582307
583.39	0.10990435720301092
583.64	0.10976521730609626
583.9	0.11291398673044309
584.16	0.11309424011826824
584.42	0.11506411864219349
584.67	0.11513966094604008
584.93	0.11500704893807528
585.19	0.1148182548178443
585.45	0.11491439456373109
585.7	0.11635155417852924
585.96	0.11516388864894711
586.22	0.11429883399374602
586.47	0.113554245666771
586.73	0.11194952078493031
586.99	0.11237539945807065
587.25	0.1100182116363885
587.5	0.11240447092079708
587.76	0.11228814271324852
588.02	0.11436880706154992
588.27	0.11522826785547796
588.53	0.11442774422921384
588.79	0.1157541321292837
589.04	0.11719885410772637
589.3	0.11851898530959071
589.56	0.1199658253886888
589.82	0.11827463065429902
590.07	0.11778176283018107
590.33	0.11462867920260358
590.59	0.11443901101809514
590.84	0.11288482357661217
591.1	0.111894216071321
591.36	0.10980486245747845
591.61	0.1081158495317153
591.87	0.1063168991130505
592.13	0.10570624185257421
592.39	0.10509547714929662
592.64	0.10430446307375221
592.9	0.10348714271785472
593.16	0.10232268846362094
593.41	0.10060589647685725
593.67	0.09868347147455092
593.93	0.09811813341156642
594.18	0.09682427625880805
594.44	0.09606224065162253
594.7	0.09639404873257165
594.95	0.09780200739600728
595.21	0.09891713131781626
595.47	0.1009365078827488
595.73	0.10393961973294102
595.98	0.10607817024437927
596.24	0.10676858200752493
596.5	0.10851908954753026
596.75	0.10892563741819908
597.01	0.10864756281634028
597.27	0.10778670319052794
597.52	0.10757694440846233
597.78	0.10801238863508225
598.04	0.106883385673116
598.29	0.10756751062063252
598.55	0.10602206838743394
598.81	0.10676760973786908
599.06	0.10615022739896782
599.32	0.10741053389308888
599.58	0.10448954556570761
599.83	0.10496794344482913
600.09	0.10423632385869036
600.35	0.10614981175890692
600.6	0.10494583405512756
600.86	0.10390459520915984
601.12	0.10347129404767261
601.37	0.10297809745468217
601.63	0.10417716751415312
601.89	0.10483827514615644
602.14	0.10464520594349486
602.4	0.10414308304368844
602.66	0.10327860214038025
602.91	0.10478490787616951
603.17	0.10264341748623576
603.43	0.10098997125534087
603.68	0.09781484914148564
603.94	0.09929464821467177
604.2	0.0999404597894108
604.45	0.10167866418457194
604.71	0.10110424275827827
604.97	0.10099931243898982
605.22	0.10052121621506568
605.48	0.10057685376024159
605.74	0.09960040386357816
605.99	0.09968270763074183
606.25	0.0997307785174846
606.51	0.10103255291592574
606.76	0.102194416441171
607.02	0.10044930298375813
607.27	0.10062993635970344
607.53	0.09903870263992676
607.79	0.09925473790745859
608.04	0.1002231200024311
608.3	0.10045639839668222
608.56	0.10195823604597798
608.81	0.09898501828228712
609.07	0.09902279330450323
609.33	0.09497767876593213
609.58	0.09343732027913956
609.84	0.09172643008853767
610.1	0.0940930559544072
610.35	0.09779794886967413
610.61	0.09913513823355533
610.86	0.10069603610026238
611.12	0.09998683104278958
611.38	0.10058212700693789
611.63	0.10077847470313281
611.89	0.10013958461972432
612.15	0.0988222259101603
612.4	0.09884439139709048
612.66	0.10063180125321627
612.92	0.10238399237565304
613.17	0.09936891485400162
613.43	0.0966655809402977
613.68	0.09556213510948527
613.94	0.09802105597162278
614.2	0.09928851388457374
614.45	0.1006214785824942
614.71	0.09961974541816657
614.97	0.10081003627797591
615.22	0.1006237908755403
615.48	0.10093552431493502
615.73	0.0996642946351605
615.99	0.09825238393425095
616.25	0.09736718015073803
616.5	0.09597348257494567
616.76	0.09631626365130252
617.01	0.09652552466403999
617.27	0.09858516610408041
617.53	0.09778768271349772
617.78	0.09668898166814258
618.04	0.09514180652675577
618.3	0.09449902706516972
618.55	0.09704913342366794
618.81	0.09696555528190887
619.06	0.09955551158690926
619.32	0.09889120667607287
619.58	0.0995212305972194
619.83	0.09863092680381794
620.09	0.10041886291242938
620.34	0.10102849775359082
620.6	0.10129907927782242
620.86	0.10147731862562004
621.11	0.10209701610794936
621.37	0.10156267473366587
621.62	0.10146280745266373
621.88	0.10349604099191315
622.14	0.10577586572124706
622.39	0.10459171047942997
622.65	0.10298532633336951
622.9	0.10201429154665959
623.16	0.10109717815220022
623.42	0.10030244552176548
623.67	0.10136877023022633
623.93	0.1010993753301197
624.18	0.10103279389117074
624.44	0.09803494551957964
624.7	0.09629860134073878
624.95	0.09581267088949097
625.21	0.09663177461320357
625.46	0.10056381945795435
625.72	0.1005693727379942
625.98	0.10253429094923076
626.23	0.10105223002261995
626.49	0.10400627470816967
626.74	0.10268064860253484
627.0	0.10223943509686903
627.25	0.10060310180241205
627.51	0.09961727069534826
627.77	0.10057209200299255
628.02	0.10109713639356803
628.28	0.1006977048564929
628.53	0.09949590018542126
628.79	0.09715546043388665
629.04	0.09715294342064483
629.3	0.09708953685544178
629.56	0.09589429591151308
629.81	0.09713832939224792
630.07	0.09655934171612046
630.32	0.09706965701299346
630.58	0.09358806722202223
630.83	0.09381518466788759
631.09	0.09425210392233947
631.35	0.0968304829175103
631.6	0.09576187858457313
631.86	0.09322988893307403
632.11	0.09179248487056453
632.37	0.09364138038385914
632.62	0.0949023284232291
632.88	0.09546069477642727
633.14	0.09427625212354043
633.39	0.09494776373941358
633.65	0.09181270411906683
633.9	0.0905691430341096
634.16	0.0906564682539274
634.41	0.09199076138431134
634.67	0.09068338545541785
634.93	0.08774638638472498
635.18	0.08736337425524449
635.44	0.08876328336843142
635.69	0.09046995851492629
635.95	0.08947399079172291
636.2	0.08734441640509868
636.46	0.08717880849414521
636.71	0.08745255558951026
636.97	0.08729986011739721
637.22	0.08670695561848865
637.48	0.08680122300598947
637.74	0.08760445883052334
637.99	0.08677656091470135
638.25	0.08600424521469138
638.5	0.08585468964092555
638.76	0.08454568669906498
639.01	0.08596161415806228
639.27	0.08600304648851179
639.52	0.08737873240659128
639.78	0.086082607325484
640.03	0.0873228689644712
640.29	0.08856235765959486
640.55	0.08885985189288595
640.8	0.0878282836845973
641.06	0.08678427997197971
641.31	0.08481114337164876
641.57	0.08544081295745608
641.82	0.08470771663827396
642.08	0.08534565179334158
642.33	0.08424875243040626
642.59	0.08308027968305792
642.84	0.08268988086026671
643.1	0.08356252392559776
643.35	0.08486299977246459
643.61	0.08556277872619461
643.87	0.08510051507235679
644.12	0.08517192887737968
644.38	0.08639392691161729
644.63	0.08510280512970864
644.89	0.08352007702579538
645.14	0.08247604661681984
645.4	0.08249556795537605
645.65	0.08272257267453206
645.91	0.08308723771227505
646.16	0.08314105410701206
646.42	0.08338056193955229
646.67	0.08395668582958651
646.93	0.08524170805915382
647.18	0.08599616042518227
647.44	0.08614861126842935
647.69	0.08725491366014224
647.95	0.08844000344142186
648.2	0.0882241463871263
648.46	0.08689922267608566
648.71	0.08637500909534787
648.97	0.08624476197388509
649.22	0.08625229986993047
649.48	0.08741963219244428
649.73	0.08777581611878799
649.99	0.08856887857989176
650.24	0.0870361470773301
650.5	0.08646043153233757
650.75	0.08599070163883529
651.01	0.0869378745497987
651.26	0.08870679112474578
651.52	0.09027834191036718
651.77	0.09197201609654049
652.03	0.09118318760086383
652.28	0.0929392065077917
652.54	0.09101496175277807
652.79	0.09100753561478919
653.05	0.08980183435720662
653.3	0.09203675768340522
653.56	0.0965872009039683
653.81	0.0985277693716754
654.07	0.10110695034964287
654.32	0.10316995905613979
654.58	0.10895046839546874
654.83	0.11307753647171548
655.09	0.11985340868766281
655.34	0.12662631355774603
655.6	0.13562728640725139
655.85	0.14155294210700017
656.11	0.1435285953535378
656.36	0.14489778184628038
656.62	0.14652681568925727
656.87	0.14689300018732868
657.13	0.14593030414161182
657.38	0.1386803946384624
657.64	0.13070143697092085
657.89	0.12199545861249239
658.15	0.11879977687210685
658.4	0.11622287216932839
658.66	0.11136097185057298
658.91	0.10650537229548451
659.17	0.10263347606224907
659.42	0.0987657491106918
659.68	0.09382642181046241
659.93	0.09234109270159457
660.19	0.0911136860460377
660.44	0.08824685194871579
660.7	0.08364935245391994
660.95	0.08217524185841771
661.2	0.0831263720558498
661.46	0.08261103457800809
661.71	0.0818816593067977
661.97	0.08191210813403982
662.22	0.0814135921577642
662.48	0.081006601642825
662.73	0.07989963843038847
662.99	0.07936244564417186
663.24	0.07833296483240515
663.5	0.07917859829368609
663.75	0.07876253046721042
664.01	0.08073561982069492
664.26	0.07745711230811606
664.52	0.07835960515017001
664.77	0.07522612329149667
665.02	0.07470215721315841
665.28	0.07286799134850916
665.53	0.07355791903465754
665.79	0.07380127584492477
666.04	0.07381973713092974
666.3	0.074880473374548
666.55	0.07466065313649616
666.81	0.07631143269584872
667.06	0.07443799206923515
667.32	0.07407445519664073
667.57	0.07257377064872145
667.82	0.07208086964424792
668.08	0.07076437305805564
668.33	0.06939056538342694
668.59	0.06951516347503
668.84	0.06781970647283836
669.1	0.06778501891314465
669.35	0.06089733332971756
669.61	0.06370136582918765
669.86	0.06220128155188259
670.11	0.06840280360172431
670.37	0.0657605989673434
670.62	0.06538727460496488
670.88	0.0636191256868271
671.13	0.06559032717500704
671.39	0.06698291314836918
671.64	0.06811072435993362
671.9	0.06576701130384408
672.15	0.06512757795660831
672.4	0.06505193335892775
672.66	0.06834336092460772
672.91	0.06900410061562685
673.17	0.07101940964091832
673.42	0.07105355756993922
673.68	0.07258980907704937
673.93	0.07301006878283486
674.18	0.07217792498114663
674.44	0.07351015289893018
674.69	0.07259255870378833
674.95	0.07109238326717006
675.2	0.06880231656956745
675.46	0.0663802208722023
675.71	0.06670483760564583
675.96	0.0640230427668427
676.22	0.06454184325068979
676.47	0.06291154906784127
676.73	0.06233795470329569
676.98	0.06155863669920339
677.23	0.06063235582967766
677.49	0.05885310198572623
677.74	0.05624077425350496
678.0	0.056668705934478536
678.25	0.05721678633247801
678.51	0.05606534354321943
678.76	0.05674873813967787
679.01	0.056472144117027834
679.27	0.0584110099362327
679.52	0.05784834222110202
679.78	0.05786573936407308
680.03	0.055913610716420314
680.28	0.054748737085797694
680.54	0.054661225428621646
680.79	0.056375003912926824
681.05	0.05562491723018148
681.3	0.05575333630303668
681.55	0.05497441175508369
681.81	0.05507440745447542
682.06	0.05271485674564065
682.32	0.05068933107469123
682.57	0.04869512178301444
682.82	0.04926344743330559
683.08	0.050926273741191824
683.33	0.05376776793155874
683.59	0.05296113393100996
683.84	0.05277075175385573
684.09	0.05088117754358716
684.35	0.051142267230085955
684.6	0.049202880422298034
684.86	0.04864941222918023
685.11	0.046630734546825564
685.36	0.04705145175087061
685.62	0.045763426541552216
685.87	0.048891849023342954
686.13	0.04951862183209994
686.38	0.051880978650452075
686.63	0.050006322836534126
686.89	0.04838332106983238
687.14	0.0453410429594229
687.4	0.045761382439019865
687.65	0.04533753289596956
687.9	0.04796618909763782
688.16	0.04843259709692582
688.41	0.0501379637507513
688.66	0.049880068894651935
688.92	0.05030063936570271
689.17	0.05150824700796161
689.43	0.052711080271348104
689.68	0.05240897402894046
689.93	0.051879534338515346
690.19	0.05169088350242476
690.44	0.053157875784528394
690.69	0.05375412026794428
690.95	0.05429808579628824
691.2	0.05327743009646044
691.46	0.053582326409214565
691.71	0.051783972115762675
691.96	0.04968055134429654
692.22	0.04899329259336263
692.47	0.04888997319295163
692.72	0.05020706750639467
692.98	0.04979669920941657
693.23	0.04866573960791423
693.49	0.04625499288166471
693.74	0.04432678084926628
693.99	0.043123166291658244
694.25	0.04365561365078874
694.5	0.04369410704360739
694.75	0.04365531456674307
695.01	0.04540272102681951
695.26	0.04408826908985866
695.51	0.044213916501901734
695.77	0.043968730305311704
696.02	0.044133945850377915
696.27	0.0442091772046586
696.53	0.042003636987299864
696.78	0.04112201108060176
697.04	0.04021250689932168
697.29	0.041266583654215455
697.54	0.042422641282967175
697.8	0.04340553190482005
698.05	0.04178941562696051
698.3	0.04201292137717286
698.56	0.04182815615978036
698.81	0.042176523342377925
699.06	0.04132886479481454
699.32	0.04097781750756867
699.57	0.040933412460661095
699.82	0.038643366298639154
700.08	0.039486585262872104
700.33	0.03966801429524773
700.58	0.04216057462183169
700.84	0.041193687353341474
701.09	0.0419350835272992
701.34	0.04131013897969968
701.6	0.04005846372390719
701.85	0.03926068707164215
702.1	0.03816336193815237
702.36	0.03774871945959728
702.61	0.038084423103485615
702.86	0.03939383457978629
703.12	0.04168096072549746
703.37	0.04031341834735655
703.62	0.040536811730111866
703.88	0.04012830861763868
704.13	0.04174173495292831
704.38	0.041298579897788845
704.64	0.038147790591045644
704.89	0.036176618169587144
705.14	0.03330417105359862
705.4	0.03363123989222329
705.65	0.03353394023033124
705.9	0.03532834945032541
706.16	0.037463575996421805
706.41	0.03653863510295344
706.66	0.03635384219656569
706.92	0.03532506707885952
707.17	0.034538869980090564
707.42	0.0311047703799585
707.68	0.03217314719344719
707.93	0.03330155077074512
708.18	0.03451265359894479
708.44	0.03136363169576997
708.69	0.029924483863118023
708.94	0.030621729583280716
709.19	0.03129802935037909
709.45	0.03025476769670872
709.7	0.031949731894238914
709.95	0.03207587843333086
710.21	0.03493450359041225
710.46	0.03447806703296795
710.71	0.03265746014059823
710.97	0.03265274072869137
711.22	0.03136950946119427
711.47	0.03381864664479979
711.73	0.032256260089697175
711.98	0.032971267925812786
712.23	0.03186341035005252
712.48	0.03252371665311066
712.74	0.032028237777806265
712.99	0.03308968641203257
713.24	0.03410491767928896
713.5	0.034121403711917256
713.75	0.031077444510206095
714.0	0.02921632266565928
714.26	0.029851409380775087
714.51	0.03241015074930409
714.76	0.033496322059841224
715.01	0.03525457639954818
715.27	0.03438747903176359
715.52	0.03507611328085278
715.77	0.033907104127373716
716.03	0.03629514596857571
716.28	0.03639633937835823
716.53	0.03523238687724374
716.78	0.034791946824081155
717.04	0.03403090628646213
717.29	0.033022585199958765
717.54	0.030332256302145727
717.8	0.03023523209911716
718.05	0.031313878345097135
718.3	0.03255854603290467
718.55	0.031553159808457326
718.81	0.030780183595203417
719.06	0.028954246225038796
719.31	0.02900325855209776
719.57	0.029999216641685644
719.82	0.03051304317543202
720.07	0.029211769621012768
720.32	0.02797386943967936
720.58	0.02693509219090369
720.83	0.027020520659660624
721.08	0.026314784911036074
721.33	0.026229122470600275
721.59	0.024748137851779553
721.84	0.0235210842868247
722.09	0.022060341152200527
722.35	0.02220187796255821
722.6	0.022741645691153334
722.85	0.02333871951489705
723.1	0.024512959467017675
723.36	0.02416366357556464
723.61	0.025320119325886528
723.86	0.0239276171618997
724.11	0.02258184950730044
724.37	0.023047915824639678
724.62	0.0227351755877839
724.87	0.02421727820320045
725.12	0.02384765637654679
725.38	0.024454805101144395
725.63	0.023952694748498066
725.88	0.023869108115148238
726.13	0.023618533292412675
726.39	0.0250798847887842
726.64	0.02311522426026169
726.89	0.02323292203728264
727.14	0.022768743617015155
727.4	0.023534243154211182
727.65	0.023023960675295302
727.9	0.020962202075464037
728.15	0.019631322188006076
728.41	0.020939165768804197
728.66	0.02095940959159706
728.91	0.023238245176901304
729.16	0.021760797620273775
729.42	0.02176534285450825
729.67	0.020793686974590275
729.92	0.022453863452882944
730.17	0.02302226691254941
730.43	0.02190750581767041
730.68	0.020171566244397282
730.93	0.019877312678858616
731.18	0.019598276774498935
731.44	0.01925766171506102
731.69	0.019779396471108088
731.94	0.019592971914571697
732.19	0.018907639827355036
732.45	0.017505361619102294
732.7	0.01629836143578542
732.95	0.017961628057589565
733.2	0.01942132598226179
733.45	0.01979489865806154
733.71	0.018350198241917193
733.96	0.018826599903835492
734.21	0.018788965922093254
734.46	0.019295140739686883
734.72	0.017800840871501245
734.97	0.0183280618217085
735.22	0.018737579503534565
735.47	0.018677488170911527
735.72	0.01945973666420095
735.98	0.019290519467968892
736.23	0.01937681811482675
736.48	0.019063355129411694
736.73	0.018755432522721854
736.99	0.019894678625915818
737.24	0.019701168522626253
737.49	0.019408509879951186
737.74	0.01876095596456856
737.99	0.01699072053585468
738.25	0.01775790191535756
738.5	0.017740283359629447
738.75	0.0210256218890114
739.0	0.020352671342724254
739.25	0.019393076147987937
739.51	0.019613917053468377
739.76	0.019008038892213974
740.01	0.01939606141160609
740.26	0.018636193423838307
740.52	0.018498876259855968
740.77	0.016922478844027644
741.02	0.016283379800553444
741.27	0.019662828736328186
741.52	0.02417506865613145
741.78	0.028056069495733
742.03	0.030532879891792902
742.28	0.032127360703303035
742.53	0.032614291617862834
742.78	0.03103660446129232
743.04	0.030361643583517256
743.29	0.032168214245217874
743.54	0.03692919744759929
743.79	0.043617273730010966
744.04	0.04792153793632786
744.3	0.048578407264958295
744.55	0.048609349762802206
744.8	0.0452179693866258
745.05	0.04377041414146178
745.3	0.03959943023963533
745.55	0.03956428458321025
745.81	0.03888037081988155
746.06	0.04468832787666899
746.31	0.050043883164376496
746.56	0.05620453108363427
746.81	0.05672167950335119
747.07	0.05801121092465367
747.32	0.05701990149654315
747.57	0.053339701195082245
747.82	0.048057559977387365
748.07	0.0424947778183741
748.32	0.04098510746174333
748.58	0.03851923312552105
748.83	0.037095171355764095
749.08	0.03316515985430392
749.33	0.029733547851174394
749.58	0.026282629749245723
749.84	0.024883633109219996
750.09	0.024573682832873228
750.34	0.024003563429685307
750.59	0.020894525214860363
750.84	0.020122410388880782
751.09	0.017019105390596923
751.35	0.01635450593482067
751.6	0.015517914133135469
751.85	0.017946997615861715
752.1	0.01982987093292815
752.35	0.01696636112333552
752.6	0.015403558419532226
752.86	0.01429718149790489
753.11	0.016424425835339138
753.36	0.017341492872044006
753.61	0.017069993048680898
753.86	0.017200817299112228
754.11	0.016822351349828596
754.37	0.0180964622274956
754.62	0.01761031917432282
754.87	0.017284685742334105
755.12	0.014452193314654402
755.37	0.013529557076820034
755.62	0.012396632068106497
755.87	0.014765975139608395
756.13	0.015526488196403093
756.38	0.01621990295420754
756.63	0.014148092540249319
756.88	0.011210937393938816
757.13	0.011563928813571697
757.38	0.010560569659848557
757.64	0.012951194816938613
757.89	0.011973203736038315
758.14	0.01103670362303344
758.39	0.010913703399605748
758.64	0.00843880584045259
758.89	0.009542037915925533
759.14	0.007419347473709453
759.4	0.008023769882606654
759.65	0.007602190649658558
759.9	0.008244617090469003
760.15	0.009484799487435983
760.4	0.01162087357908842
760.65	0.011286605491223449
760.9	0.010547299595936935
761.15	0.009311385529934393
761.41	0.008773447570065873
761.66	0.009481989232517335
761.91	0.008585739112010049
762.16	0.009762275271330903
762.41	0.007795027920001724
762.66	0.008819700113594744
762.91	0.008141372614137998
763.17	0.0090224298085341
763.42	0.00803413559985515
763.67	0.007523995271670678
763.92	0.0072259963481923345
764.17	0.007247647031301138
764.42	0.008358038352414485
764.67	0.007858944085140054
764.92	0.006688344611065794
765.18	0.0065158681332407875
765.43	0.008730357329971322
765.68	0.008403305715699305
765.93	0.007049851412705518
766.18	0.0060623772617474925
766.43	0.00667149458633122
766.68	0.007078542769230575
766.93	0.007307090637059616
767.18	0.008683811864006977
767.44	0.0077262926689010275
767.69	0.008010060181319084
767.94	0.005428898528441195
768.19	0.0062778579344079655
768.44	0.005477980173284644
768.69	0.006354680495229761
768.94	0.005636602133470281
769.19	0.005934086477438941
769.44	0.0057246918055608165
769.7	0.007516500387238542
769.95	0.0068196196082904725
770.2	0.00662989417313907
770.45	0.004902245758744622
770.7	0.0047057653093604546
770.95	0.005593861137812364
771.2	0.00726714843274838
771.45	0.006411528384642512
771.7	0.006412748563283041
771.95	0.006521198835347283
772.21	0.0067030463350143815
772.46	0.006339307627519525
772.71	0.006059567384134962
772.96	0.007578427463945964
773.21	0.008696204644196862
773.46	0.007725354011167654
773.71	0.00791840548593463
773.96	0.009611936371108049
774.21	0.01129886837258505
774.46	0.012080069694632295
774.72	0.01163803653717281
774.97	0.013575701566195364
775.22	0.015110285631638659
775.47	0.014312936442258811
775.72	0.009407098745896375
775.97	0.0024233097458981057
776.22	0.003128074352323401
776.47	0.014197801214501926
776.72	0.03653383671576946
776.97	0.05610368579835004
777.22	0.07045341347880049
777.47	0.07328595916157038
777.73	0.06745359299632572
777.98	0.0539488932775527
778.23	0.04444278102555199
778.48	0.04114151918938211
778.73	0.04164242266018384
778.98	0.03783531298024945
779.23	0.03162328718645428
779.48	0.02589638130218122
779.73	0.023554012710601063
779.98	0.022228102710549563
780.23	0.02010184005736966
780.48	0.017183761680458737
780.73	0.013304055978490908
780.98	0.011165562662776934
781.24	0.009575809412371558
781.49	0.010858621004243937
781.74	0.011524488479999928
781.99	0.011623821606781742
782.24	0.01001761735091955
782.49	0.009087101917494941
782.74	0.008545568007378046
782.99	0.007545939952559255
783.24	0.0067662139689696615
783.49	0.005347215854485526
783.74	0.005440597729505781
783.99	0.0032568759238438827
784.24	0.004042574686580147
784.49	0.003735327049811832
784.74	0.004053202237041725
784.99	0.002084808307883518
785.24	0.0034791331298784367
785.49	0.005538477536995351
785.75	0.003348245069882294
786.0	-0.0006339044057313559
786.25	-0.001352961254333429
786.5	0.0005031150005913448
786.75	0.0034739846247992257
787.0	0.0013340412297039583
787.25	0.0020088698469029193
787.5	0.0008744634479590369
787.75	0.0023033753045595268
788.0	-0.000194138813850539
788.25	0.0020125513552667895
788.5	0.0023819107820028385
788.75	0.004653188361613811
789.0	0.00411695665358653
789.25	0.005435367269650028
789.5	0.006292143514292657
789.75	0.005675749867651778
790.0	0.0037530796266179514
790.25	0.0033938649966146345
790.5	1.1349211968478268e-05
790.75	-0.0017942277825340608
791.0	-0.0020277412069488188
791.25	-0.0013466501009481296
791.5	0.001847226572356031
791.75	0.0036530448017894346
792.01	0.0063711932708909735
792.26	0.011840563449222172
792.51	0.018206999356507728
792.76	0.027783870577899966
793.01	0.02952390769376345
793.26	0.030368366608989728
793.51	0.02657863355467449
793.76	0.02803287465789689
794.01	0.02846806611357791
794.26	0.02981611349934496
794.51	0.026211395468504817
794.76	0.02274505652370483
795.01	0.017829642142412783
795.26	0.014665799234756041
795.51	0.011082426719811023
795.76	0.009608406650237072
796.01	0.006419783720696778
796.26	0.004563392744503847
796.51	0.00375399182303697
796.76	0.0043246680058651454
797.01	0.004797280511851132
797.26	0.0026697211888261074
797.51	0.002382895288850953
797.76	0.00015477336093717986
798.01	6.373644461196704e-06
798.26	-0.002884517029637601
798.51	-0.0028952958758117764
798.76	-0.0018609827328844308
799.01	-0.0015455898709717045
799.26	-0.0006893844729212104
799.51	-0.0019556457457279297
799.76	-0.0017909523395132285
800.01	-0.004453707204001109
800.26	-0.004153007278356373
800.51	-0.00481502213184104
800.76	-0.00359819251932509
801.01	-0.004049807934587146
801.26	-0.003489201227100114
801.51	-0.0036565049052467435
801.76	-0.003971612367200859
802.01	-0.004125746171256113
802.26	-0.0051042417956412706
802.51	-0.007222404998986159
802.76	-0.008293163120923527
803.01	-0.007999505979833656
803.26	-0.005676930526296642
803.51	-0.004527931638102667
803.76	-0.004980842340385899
804.01	-0.006296388301269766
804.26	-0.005436676044302577
804.51	-0.004402790388902726
804.76	-0.0031297021780137754
805.01	-0.003829168709521928
805.26	-0.0035478867151959997
805.51	-0.0038783470250443666
805.76	-0.003205910833955279
806.01	-0.007126901905459726
806.26	-0.00806958741129795
806.51	-0.008622204650016875
806.76	-0.0038643285351503895
807.01	-0.0020342218833076173
807.26	-0.0015353025847217386
807.51	-0.0002977792618960237
807.76	0.0018962836907027159
808.01	0.0061209852603673134
808.26	0.013223088955256493
808.5	0.024426536622753556
808.75	0.03390693684140286
809.0	0.03569723092741892
809.25	0.030741575796225218
809.5	0.02602258212522956
809.75	0.028431218777303494
810.0	0.02965138044434277
810.25	0.02757933311849166
810.5	0.017450964245252464
810.75	0.00960599202131894
811.0	0.0030039331045383366
811.25	0.00015602964523951657
811.5	-0.00371030456028644
811.75	-0.005139130363845071
812.0	-0.005244950404177898
812.25	-0.004428285297621799
812.5	-0.0020510135666860912
812.75	-0.0023407842749101834
813.0	-0.0019051297100373538
813.25	-0.0035143742364942138
813.5	-0.003913425324975073
813.75	-0.004046015282007279
814.0	-0.005058812364982568
814.25	-0.005459386248171397
814.5	-0.007883866285150018
814.74	-0.00728876251404284
814.99	-0.008919579894227717
815.24	-0.006365707673976331
815.49	-0.006718686813917817
815.74	-0.005650398809384387
815.99	-0.007773271727858126
816.24	-0.008992532075801356
816.49	-0.009103771796588861
816.74	-0.010384177419868967
816.99	-0.010085629775655316
817.24	-0.011787908952050674
817.49	-0.008632273980607341
817.74	-0.00781767004396286
817.99	-0.0005838003940035474
818.24	0.005557253314201177
818.49	0.010465341351131807
818.74	0.010027353328226171
818.98	0.00631799634202411
819.23	0.004909027688352399
819.48	0.0017449700798548295
819.73	0.002192456878211846
819.98	-0.0009467168242921764
820.23	-0.0012216496182862746
820.48	-0.005878531192953396
820.73	-0.005332454374975676
820.98	-0.0014327654711158433
821.23	0.00787658484550674
821.48	0.015849892829798234
821.73	0.020092844426355727
821.98	0.018871201349080602
822.23	0.017513487715352966
822.47	0.012150974405553266
822.72	0.009313789333641881
822.97	0.005322153237062033
823.22	0.0038395329053983462
823.47	0.004431932017572193
823.72	0.004800816387546938
823.97	0.005220728022315824
824.22	0.0030761508910494284
824.47	0.002575976863524121
824.72	0.0019058332028627917
824.97	0.0017989128789210607
825.22	0.0002242952172978735
825.46	-0.0015606345493945906
825.71	-0.002722929297004531
825.96	-0.003684814466385647
826.21	-0.0036073977020911058
826.46	-0.0037004357613334357
826.71	-0.004719557744943578
826.96	-0.008062395307689416
827.21	-0.00842620595394146
827.46	-0.00905588602754294
827.71	-0.006890521065315215
827.96	-0.008015023870690037
828.2	-0.008707891455339296
828.45	-0.010039380026931957
828.7	-0.01034994540426954
828.95	-0.009781663462139024
829.2	-0.009315927881626315
829.45	-0.009896621792735524
829.7	-0.010274097708897596
829.95	-0.010164920350328385
830.2	-0.010083706850754215
830.45	-0.011655314352081295
830.69	-0.012261281983925183
830.94	-0.012813202957892886
831.19	-0.012394914769156079
831.44	-0.01142998975825911
831.69	-0.011784593265091722
831.94	-0.011267128344432123
832.19	-0.012896421457253116
832.44	-0.01187788899214038
832.69	-0.012118922749001011
832.93	-0.011679588148420197
833.18	-0.013447683158077317
833.43	-0.013319747728042848
833.68	-0.012478832513492528
833.93	-0.012362064917982904
834.18	-0.01308065611912753
834.43	-0.014656685251578802
834.68	-0.014020454898848032
834.92	-0.012531461535784418
835.17	-0.012126723292427137
835.42	-0.013073304113741434
835.67	-0.015679868452442597
835.92	-0.01496664490500118
836.17	-0.013734013135540304
836.42	-0.011711668168943881
836.67	-0.009974978965991865
836.91	-0.011557956439126112
837.16	-0.012390940108947313
837.41	-0.012541095276785465
837.66	-0.013968336739743376
837.91	-0.01511963385134648
838.16	-0.0174733005782281
838.41	-0.016310906103299216
838.66	-0.013776129278510664
838.9	-0.014339412299399314
839.15	-0.013335284410376458
839.4	-0.014256754078815097
839.65	-0.01276927854579274
839.9	-0.012228228333415365
840.15	-0.013482681514803599
840.4	-0.012182013399971402
840.64	-0.013443264602107846
840.89	-0.01124005556734814
841.14	-0.013566467187129519
841.39	-0.012538428852706292
841.64	-0.012887211318064168
841.89	-0.013101043182903789
842.14	-0.01163600148227148
842.38	-0.01451321974082849
842.63	-0.015144408574414243
842.88	-0.01657350976191213
843.13	-0.015504202766912112
843.38	-0.018047642975051507
843.63	-0.021069385214416828
843.87	-0.021832789757228785
844.12	-0.014680054402882697
844.37	-0.008292114802022424
844.62	-0.0037318736905670724
844.87	-0.006752034521762887
845.12	-0.010331355630706446
845.37	-0.01110313637723609
845.61	-0.009399857741555828
845.86	-0.007691359480185789
846.11	-0.007951170055341163
846.36	-0.008285132452444971
846.61	-0.009461579613412152
846.86	-0.011434060542447819
847.1	-0.013003415559643058
847.35	-0.01595932179654322
847.6	-0.016002026473989364
847.85	-0.016341852636706955
848.1	-0.013952646001147033
848.35	-0.014338609989578525
848.59	-0.014808321525319183
848.84	-0.014279086195837468
849.09	-0.015322128531029884
849.34	-0.014815296758883496
849.59	-0.015405785954820138
849.84	-0.012571613491638559
850.08	-0.01384947855808287
850.33	-0.013196269494759293
850.58	-0.014661432126217538
850.83	-0.014765021698437915
851.08	-0.014355875087669459
851.32	-0.013902913094732211
851.57	-0.012994853272063824
851.82	-0.016143793649540883
852.07	-0.01654130246353286
852.32	-0.01862469488451869
852.57	-0.016162674918650158
852.81	-0.018146719838883635
853.06	-0.015548689334880711
853.31	-0.016989042158034956
853.56	-0.014998366850711611
853.81	-0.015454308276659931
854.05	-0.01578692911521297
854.3	-0.015391817896303742
854.55	-0.015047336994038471
854.8	-0.014150180270527078
855.05	-0.017533348674926286
855.29	-0.0184340171820101
855.54	-0.01901822457051327
855.79	-0.017319333629037738
856.04	-0.01660708941947156
856.29	-0.01585628925586617
856.53	-0.015418410919428374
856.78	-0.014704169594951404
857.03	-0.013749163621840574
857.28	-0.013172259645918102
857.53	-0.01371038104606042
857.77	-0.015936273414959137
858.02	-0.015907032526677134
858.27	-0.016976748162808683
858.52	-0.016347763822167113
858.77	-0.014936937224090972
859.01	-0.012778254560769371
859.26	-0.011153138504664331
859.51	-0.012286277812270367
859.76	-0.011710119611617595
860.01	-0.011542579867973975
860.25	-0.010733387847017335
860.5	-0.013174473012395917
860.75	-0.013720221963473715
861.0	-0.015555108632251485
861.25	-0.015113656060858148
861.49	-0.01644231951492734
861.74	-0.017602058746972654
861.99	-0.018099483754013518
862.24	-0.017947001694847114
862.48	-0.014808955760180126
862.73	-0.011259027162255311
862.98	-0.008794598511892106
863.23	-0.010884205450497501
863.48	-0.013368508077788638
863.72	-0.01554255771819689
863.97	-0.015443869585517772
864.22	-0.015615187398827786
864.47	-0.014305096330331751
864.71	-0.013126837994933957
864.96	-0.014115644157052173
865.21	-0.013341862708671187
865.46	-0.01263715022529642
865.7	-0.010776874902273054
865.95	-0.010503162172445242
866.2	-0.011369257506647204
866.45	-0.014886921009508503
866.7	-0.02097314725027094
866.94	-0.029718982997581078
867.19	-0.03532044684915281
867.44	-0.03691077978116372
867.69	-0.030712668806163468
867.93	-0.020322485104351223
868.18	-0.014375826932355673
868.43	-0.013909929796254883
868.68	-0.017520996878039374
868.92	-0.018230271323123215
869.17	-0.016443748392578367
869.42	-0.01686844296495177
869.67	-0.015208347193091401
869.91	-0.013457825673281049
870.16	-0.01139207581560936
870.41	-0.0131717824406168
870.66	-0.014772710978197448
870.9	-0.015233766925630582
871.15	-0.013995965238640579
871.4	-0.012019959021609378
871.65	-0.010214525590477641
871.89	-0.011073916724228292
872.14	-0.012287834291994718
872.39	-0.012999300403632265
872.64	-0.011967413134639011
872.88	-0.012171006889598046
873.13	-0.012085253486372405
873.38	-0.011962046653236982
873.63	-0.014400064442589636
873.87	-0.015604306341329907
874.12	-0.014444846745316535
874.37	-0.011826232606539491
874.62	-0.011840281391493679
874.86	-0.012529464168312687
875.11	-0.014100828001643924
875.36	-0.014658025864167194
875.6	-0.015514597423527308
875.85	-0.016310805573574304
876.1	-0.01709771264943076
876.35	-0.018288444669092928
876.59	-0.017683421840194107
876.84	-0.017030489475834472
877.09	-0.017953566082505465
877.34	-0.018802318792078603
877.58	-0.018984251041985603
877.83	-0.01833302864893569
878.08	-0.01763756256026012
878.32	-0.017120329689539165
878.57	-0.01608943013193067
878.82	-0.01673329584240192
879.07	-0.017353901647854462
879.31	-0.017763291477995463
879.56	-0.017719555924556887
879.81	-0.017226106553502617
880.06	-0.017025663561990957
880.3	-0.015866490531112443
880.55	-0.01848485564306135
880.8	-0.019027515077348657
881.04	-0.020065173440436603
881.29	-0.021220427968351357
881.54	-0.022235285302406343
881.79	-0.02168252591295601
882.03	-0.017600221253490193
882.28	-0.01842354211244287
882.53	-0.019103933749155685
882.77	-0.020268580423888273
883.02	-0.018082027465789664
883.27	-0.018177690737178002
883.51	-0.017483494400823946
883.76	-0.01830501352243815
884.01	-0.01965543449570189
884.26	-0.019037563537551497
884.5	-0.01905453501665949
884.75	-0.016285015801135054
885.0	-0.017202359493646832
885.24	-0.017784484772682137
885.49	-0.01851552011913387
885.74	-0.019663371925956824
885.98	-0.016817070003362078
886.23	-0.01656394858573146
886.48	-0.016392057397834593
886.73	-0.019939141265466066
886.97	-0.020897444625181075
887.22	-0.01963994481589755
887.47	-0.01756880069087169
887.71	-0.016466637041459592
887.96	-0.016675078560034647
888.21	-0.017598840376958177
888.45	-0.018863055303565975
888.7	-0.02039100391565901
888.95	-0.019177926625098887
889.19	-0.01822842402734385
889.44	-0.017260809876654827
889.69	-0.018202860349491
889.93	-0.01683387175767862
890.18	-0.017432956428674956
890.43	-0.01815628739883754
890.67	-0.020384551178246835
890.92	-0.01862477617302425
891.17	-0.019832109549845184
891.42	-0.020852477594286142
891.66	-0.023148971174898905
891.91	-0.022439829935234676
892.16	-0.021443529596993485
892.4	-0.021890805096688525
892.65	-0.021085664789212998
892.9	-0.020387854395458115
893.14	-0.01915403066304551
893.39	-0.01862603711136762
893.64	-0.018011931845116493
893.88	-0.015987858230207305
894.13	-0.017708757196653463
894.38	-0.019303013111639483
894.62	-0.020168408145526416
894.87	-0.018433735620434114
895.12	-0.016852481626639763
895.36	-0.01720135632980119
895.61	-0.016626611087540124
895.86	-0.016780231370570504
896.1	-0.01639910518196938
896.35	-0.01637852937400575
896.6	-0.015571084690126618
896.84	-0.015831917842228097
897.09	-0.016936054205260398
897.33	-0.018896262036587876
897.58	-0.018855012524788918
897.83	-0.018479919452893963
898.07	-0.017741754776604196
898.32	-0.01834865102237382
898.57	-0.01923454590166506
898.81	-0.01980254156613489
899.06	-0.020639087401085138
899.31	-0.022950146684758067
899.55	-0.022784266527721538
899.8	-0.02091020536636061
900.05	-0.01743499811768682
900.29	-0.017017526238581264
900.54	-0.019081538211636308
900.79	-0.01903783672449911
901.03	-0.019152980571594806
901.28	-0.018354336062965618
901.52	-0.020382588633179433
901.77	-0.022387134552231756
902.02	-0.02347801560929306
902.26	-0.021310245170253345
902.51	-0.019882584633288465
902.76	-0.017394916742869186
903.0	-0.019286280430790323
903.25	-0.018637059251377555
903.5	-0.02009846930165511
903.74	-0.020328720199929276
903.99	-0.020832705119714905
904.23	-0.021011400725671606
904.48	-0.019812708772591572
904.73	-0.021028560689281092
904.97	-0.020772039217052327
905.22	-0.021674636970766804
905.47	-0.020171130340467802
905.71	-0.02003585399955693
905.96	-0.018895579059730938
906.2	-0.019277165447586293
906.45	-0.019768911803103174
906.7	-0.020199464318727052
906.94	-0.019760969301951113
907.19	-0.018888089147090448
907.44	-0.017089913688497986
907.68	-0.01594493417936449
907.93	-0.015362589377545095
908.17	-0.014507070398080385
908.42	-0.016431738053260897
908.67	-0.01631702182353563
908.91	-0.019791337366723366
909.16	-0.020434348910015283
909.4	-0.020741351051977282
909.65	-0.018963519555715923
909.9	-0.01807220058310008
910.14	-0.018251116995098342
910.39	-0.017275022673874603
910.63	-0.017149345613497798
910.88	-0.018801671301748424
911.13	-0.02188073719161801
911.37	-0.02175849792845222
911.62	-0.020424048955006102
911.86	-0.018550402190459586
912.11	-0.01889325930115391
912.36	-0.019589986918028914
912.6	-0.019580422857210768
912.85	-0.020408015539138666
913.09	-0.020851596664068398
913.34	-0.022701918273142684
913.59	-0.020557319799252863
913.83	-0.021389811924518595
914.08	-0.019451684924811065
914.32	-0.021609841185798645
914.57	-0.02086196214876146
914.82	-0.022147708375232236
915.06	-0.02131782086383028
915.31	-0.020796359291584764
915.55	-0.021103576011669636
915.8	-0.022214678538209263
916.05	-0.021390041655866478
916.29	-0.01898776092780225
916.54	-0.01756695298170048
916.78	-0.01916197597502966
917.03	-0.02165992902963148
917.27	-0.021652866155434186
917.52	-0.01986690339892567
917.77	-0.019375719094076545
918.01	-0.020083612805351828
918.26	-0.020109533574457314
918.5	-0.019023971805751494
918.75	-0.018209851314746554
919.0	-0.018409826682602867
919.24	-0.018081418753866665
919.49	-0.01728564888152322
919.73	-0.018339298712447986
919.98	-0.019071432610627853
920.22	-0.02015895833389446
920.47	-0.019264413783588685
920.72	-0.018359227711260157
920.96	-0.018294555582293832
921.21	-0.018210952429382615
921.45	-0.019378014769485485
921.7	-0.018745963639528004
921.94	-0.019988465557879802
922.19	-0.02031919266560795
922.43	-0.020595824565811563
922.68	-0.022106648206092358
922.93	-0.022538198058100818
923.17	-0.022177684585902996
923.42	-0.019051144233739457
923.66	-0.018388663732797357
923.91	-0.018940177046509132
924.15	-0.02012565553181133
924.4	-0.020932894385237204
924.64	-0.02052372788913246
924.89	-0.02054867863983459
925.14	-0.020964115825711626
925.38	-0.0217662368032676
925.63	-0.024000122187863966
925.87	-0.02489918105572076
926.12	-0.027672693111578932
926.36	-0.026765575111630593
926.61	-0.025745070747065342
926.85	-0.032326232615703374
927.1	-0.030609057137047035
927.35	-0.029279177563052643
927.59	-0.021132256281928795
927.84	-0.020703973883862685
928.08	-0.02158355195170049
928.33	-0.020235620618778608
928.57	-0.020344842551448868
928.82	-0.020710311895216105
929.06	-0.02088377792262617
929.31	-0.021116238876982968
929.55	-0.020289765624295783
929.8	-0.021354215466381457
930.04	-0.021385974253851144
930.29	-0.021129825561409243
930.54	-0.019978264030533613
930.78	-0.01977369213464277
931.03	-0.01840326499482031
931.27	-0.019328782203089506
931.52	-0.019296367027771606
931.76	-0.020055431894696933
932.01	-0.01762443974361674
932.25	-0.017174338292225047
932.5	-0.018961414143825177
932.74	-0.020225456963888222
932.99	-0.02267692796792494
933.23	-0.02057291731917006
933.48	-0.021319805569667748
933.72	-0.020167844464571538
933.97	-0.01989236463041117
934.21	-0.02215981913763687
934.46	-0.023456897115968364
934.7	-0.02582063669258173
934.95	-0.02291561453441096
935.19	-0.01956933052523213
935.44	-0.018167152255357564
935.68	-0.018450052486731684
935.93	-0.020395927893276416
936.18	-0.020749448715012837
936.42	-0.020762164882091323
936.67	-0.020473031168620457
936.91	-0.02173223140228415
937.16	-0.024613442915345965
937.4	-0.024111133629953985
937.65	-0.02243347023886494
937.89	-0.02027312255564075
938.14	-0.02172738796170612
938.38	-0.024035934944243033
938.63	-0.027932197586899826
938.87	-0.029447276786673304
939.12	-0.030539129898352342
939.36	-0.03188802106936307
939.61	-0.03138567475745016
939.85	-0.029122900886870168
940.1	-0.023539773127455907
940.34	-0.022685336853092895
940.59	-0.022448497743217145
940.83	-0.02123657399135615
941.08	-0.021745937981742056
941.32	-0.022186153831781963
941.57	-0.024370020917787692
941.81	-0.02195049706300416
942.06	-0.021059782321642115
942.3	-0.020397401735926645
942.55	-0.021409784666404662
942.79	-0.01956552124010742
943.03	-0.01974098672102457
943.28	-0.020723832616242947
943.52	-0.024846728285374882
943.77	-0.02327541491167051
944.01	-0.02164177623697605
944.26	-0.018204775859143082
944.5	-0.018184629313744725
944.75	-0.02041455405748729
944.99	-0.0231412221418017
945.24	-0.024303819939194657
945.48	-0.02527624202327161
945.73	-0.03006301925444982
945.97	-0.029298017359885034
946.22	-0.02667734545801201
946.46	-0.02086681161646995
946.71	-0.0224943115004027
946.95	-0.022805882797499295
947.2	-0.021409670601980138
947.44	-0.020039025328861475
947.69	-0.020755894845709482
947.93	-0.020914250539806615
948.17	-0.020388117558603598
948.42	-0.01871652071203941
948.66	-0.019779506365095834
948.91	-0.019462118951180222
949.15	-0.018939287190985078
949.4	-0.01791554045855384
949.64	-0.01990472681315895
949.89	-0.0212795697217313
950.13	-0.02163892237197249
950.38	-0.020473831517151073
950.62	-0.020841952387479424
950.87	-0.02144396873285461
951.11	-0.023397542952550067
951.35	-0.022370552710228114
951.6	-0.02297802793178226
951.84	-0.021096530825817
952.09	-0.021205503803437317
952.33	-0.02020364156732962
952.58	-0.021579503722447404
952.82	-0.020503369757597954
953.07	-0.01995377328144349
953.31	-0.019687028412090544
953.56	-0.021108187000360643
953.8	-0.021879921121667124
954.04	-0.01895383254008017
954.29	-0.017046179146211454
954.53	-0.015752082660256947
954.78	-0.01717566907865352
955.02	-0.01784410977157124
955.27	-0.01848794636040232
955.51	-0.018991245203995036
955.76	-0.01976126177149843
956.0	-0.02013133234049825
956.24	-0.019543281183251878
956.49	-0.020438830404972415
956.73	-0.02096464447171222
956.98	-0.0216070005331073
957.22	-0.023125240595054518
957.47	-0.023961149470164762
957.71	-0.022936292930346585
957.95	-0.02223034631167783
958.2	-0.021821327776906083
958.44	-0.023155494036480512
958.69	-0.021549310511889488
958.93	-0.021533784104800092
959.18	-0.021190551640021177
959.42	-0.02294416333825625
959.66	-0.02148790871901479
959.91	-0.020197396487181194
960.15	-0.01809943114304021
960.4	-0.01865804714468976
960.64	-0.01974606875045754
960.89	-0.020981483441948102
961.13	-0.03237829827942777
961.37	-0.033379837211353874
961.62	-0.03387393389510159
961.86	-0.023153615698100014
962.11	-0.023655081324112308
962.35	-0.02115636100686668
962.59	-0.020820111228302494
962.84	-0.017569166127845565
963.08	-0.019789467126600947
963.33	-0.019540079278998906
963.57	-0.020806188862388462
963.81	-0.01952875714899196
964.06	-0.01968138090980547
964.3	-0.021536996217616865
964.55	-0.019931257983372183
964.79	-0.022340029873101186
