300	274.84	-0.00872855406511798
301	275.1	-0.009177616431485597
302	275.37	-0.009135163085499692
303	275.64	-0.008337521684054543
304	275.9	-0.00783274093199407
305	276.17	-0.007633757139819744
306	276.43	-0.008022410174605414
307	276.7	-0.0076530376932578345
308	276.97	-0.008292365883534422
309	277.23	-0.008245675342968675
310	277.5	-0.00864292930428296
311	277.77	-0.007956798838990656
312	278.03	-0.00747667532315667
313	278.3	-0.007083467651402005
314	278.57	-0.006956030876880494
315	278.83	-0.007435384577549713
316	279.1	-0.007974713942142858
317	279.37	-0.00794795447540976
318	279.63	-0.008096153986822174
319	279.9	-0.008969385112052808
320	280.16	-0.009772673002036804
321	280.43	-0.00938639308151918
322	280.7	-0.008296336633023704
323	280.96	-0.008299014470235073
324	281.23	-0.008450684619584078
325	281.5	-0.008470305214671896
326	281.76	-0.008189684213769297
327	282.03	-0.008338971744992922
328	282.29	-0.009024516061618665
329	282.56	-0.009034465029962135
330	282.83	-0.00886833029402892
331	283.09	-0.008014553852252304
332	283.36	-0.007998119953653793
333	283.63	-0.007759293012245032
334	283.89	-0.00792974691202019
335	284.16	-0.007936250144846516
336	284.42	-0.00808406247668244
337	284.69	-0.007777074828968805
338	284.96	-0.0075112448734196285
339	285.22	-0.00739572680941538
340	285.49	-0.00751997587174915
341	285.76	-0.008067200632552327
342	286.02	-0.008631246915977067
343	286.29	-0.008982144883101152
344	286.55	-0.009023644876116954
345	286.82	-0.00838086443225592
346	287.09	-0.008183357424328179
347	287.35	-0.007773055192171183
348	287.62	-0.008242963074983053
349	287.88	-0.008242154168558585
350	288.15	-0.00781704038546261
351	288.42	-0.007440884994875233
352	288.68	-0.008077595462796495
353	288.95	-0.008719382371179828
354	289.22	-0.009208131496310522
355	289.48	-0.008902752113702991
356	289.75	-0.008982346199307392
357	290.01	-0.008206518413936457
358	290.28	-0.007710891910543791
359	290.55	-0.007488444465754508
360	290.81	-0.007619825019255837
361	291.08	-0.007530258885762496
362	291.34	-0.007516841009404189
363	291.61	-0.00791508891593487
364	291.88	-0.007798478219667941
365	292.14	-0.00814082258624936
366	292.41	-0.007496798537296061
367	292.67	-0.008194966824980894
368	292.94	-0.008439395417044929
369	293.21	-0.00907346942580338
370	293.47	-0.008501823291218687
371	293.74	-0.00866699910126674
372	294.0	-0.00800763881326872
373	294.27	-0.007810859913475077
374	294.54	-0.006927098813989972
375	294.8	-0.007110250020856038
376	295.07	-0.007359500152689019
377	295.33	-0.006715917705712032
378	295.6	-0.006913118442708664
379	295.86	-0.00795251157592037
380	296.13	-0.008569410048200624
381	296.4	-0.00788671275123489
382	296.66	-0.006630488375458404
383	296.93	-0.006715949558449716
384	297.19	-0.007041198146584118
385	297.46	-0.006673259909648968
386	297.73	-0.00638938825742575
387	297.99	-0.006509773619737293
388	298.26	-0.00627811731588445
389	298.52	-0.004747630604920665
390	298.79	-0.004204594173901233
391	299.05	-0.0033433518335824475
392	299.32	-0.0048097310924780645
393	299.59	-0.005011357407225525
394	299.85	-0.005261488177267883
395	300.12	-0.00432387369298471
396	300.38	-0.0033801015853390376
397	300.65	-0.002676140631623705
398	300.92	-0.0026303821638833796
399	301.18	-0.0017450893274477755
400	301.45	-0.002178102902563407
401	301.71	-0.0010303766349062868
402	301.98	-0.0018038973503755537
403	302.24	-0.001394814414549292
404	302.51	-0.0014490441661525397
405	302.78	-0.0005081729088940237
406	303.04	-0.0002513412673287238
407	303.31	0.0002527915382970966
408	303.57	0.00047312297660242336
409	303.84	0.0009335728769126819
410	304.1	0.0010352890658627614
411	304.37	0.001711342263865455
412	304.63	0.0019643123992366673
413	304.9	0.0019664787869208486
414	305.17	0.0015783020260250746
415	305.43	0.0024124010848341204
416	305.7	0.0027169968711900847
417	305.96	0.0031916742736158923
418	306.23	0.00326392593365514
419	306.49	0.00392608450321618
420	306.76	0.004088971816743378
421	307.03	0.003844087587150803
422	307.29	0.003745239494591983
423	307.56	0.004595645068598712
424	307.82	0.004620606826446529
425	308.09	0.005131453354849706
426	308.35	0.005288478989592754
427	308.62	0.006399401430511126
428	308.88	0.006848421561529212
429	309.15	0.006780540685958597
430	309.42	0.006680164596279944
431	309.68	0.007499185998323707
432	309.95	0.00815674945515818
433	310.21	0.009000538417761113
434	310.48	0.008754511704057256
435	310.74	0.008880934640831242
436	311.01	0.009015973034258044
437	311.27	0.010134284533885957
438	311.54	0.010850855083915673
439	311.8	0.011831135579528355
440	312.07	0.01191403261659553
441	312.34	0.013614210849930794
442	312.6	0.015826630185451107
443	312.87	0.017969898514245665
444	313.13	0.017768892221021744
445	313.4	0.01676560804579645
446	313.66	0.014312255167048607
447	313.93	0.01326580919516556
448	314.19	0.011260345724363768
449	314.46	0.011730494986276555
450	314.72	0.011150088603167227
451	314.99	0.010959506378089262
452	315.25	0.010112452712269376
453	315.52	0.01044375411921375
454	315.78	0.010625734927267809
455	316.05	0.011026105400321784
456	316.32	0.01035410869464802
457	316.58	0.010501576589016098
458	316.85	0.009391819754687503
459	317.11	0.009749637118781233
460	317.38	0.01003139068310438
461	317.64	0.01114083176004732
462	317.91	0.011302788461918366
463	318.17	0.010812614818936354
464	318.44	0.011103875828291816
465	318.7	0.011871259826536702
466	318.97	0.012290899890085118
467	319.23	0.012189045984189108
468	319.5	0.011739134561612047
469	319.76	0.012788878474971864
470	320.03	0.013649540701388484
471	320.29	0.01477827505327236
472	320.56	0.014878579578741231
473	320.82	0.015194743691233477
474	321.09	0.015119841483335804
475	321.36	0.015309516601361595
476	321.62	0.015090901639415004
477	321.89	0.015571120972067407
478	322.15	0.015515078337705789
479	322.42	0.01633860340696986
480	322.68	0.015955074272460436
481	322.95	0.017149930829154433
482	323.21	0.016915623404206048
483	323.48	0.01790491716178444
484	323.74	0.017271591621682757
485	324.01	0.01763207096352886
486	324.27	0.017531172816924484
487	324.54	0.016911025032894704
488	324.8	0.0163785941591331
489	325.07	0.0157536765142054
490	325.33	0.015960226448181132
491	325.6	0.016280541403444315
492	325.86	0.016430979506385585
493	326.13	0.017031845893963393
494	326.39	0.016877379289041046
495	326.66	0.01757981537440652
496	326.92	0.017831119337939315
497	327.19	0.018904793402176143
498	327.45	0.019315747514728067
499	327.72	0.019916303297886212
500	327.98	0.02000466555612316
501	328.25	0.019697560074817065
502	328.51	0.019975430282616752
503	328.78	0.02034998786427407
504	329.04	0.020785362756949623
505	329.31	0.020966931897847374
506	329.57	0.020633094990183745
507	329.84	0.020496672896010426
508	330.1	0.019685987720709584
509	330.37	0.020063121774439953
510	330.63	0.020505034577989134
511	330.9	0.021454674191799403
512	331.16	0.021390730515781255
513	331.43	0.022215952900499034
514	331.69	0.022297973932229112
515	331.96	0.022657698590811515
516	332.22	0.022652696528634178
517	332.49	0.02308264971472479
518	332.75	0.023250227733962722
519	333.01	0.0238335750529379
520	333.28	0.024233608376049508
521	333.54	0.025702365216593248
522	333.81	0.025751429038041146
523	334.07	0.026330718667161176
524	334.34	0.026337192548615038
525	334.6	0.026868059712123048
526	334.87	0.026987387746599728
527	335.13	0.027141795615093472
528	335.4	0.027707799126644853
529	335.66	0.028492573698325183
530	335.93	0.029289105894858114
531	336.19	0.02985832324615608
532	336.46	0.03075755387621526
533	336.72	0.03188795719047605
534	336.99	0.03212109271251015
535	337.25	0.03197669105903657
536	337.52	0.03127958832267819
537	337.78	0.03182890757588221
538	338.05	0.03233005452501678
539	338.31	0.03319588792048399
540	338.57	0.033294280129274004
541	338.84	0.03444223916123729
542	339.1	0.03460378344900608
543	339.37	0.03523843316763193
544	339.63	0.03504038088734773
545	339.9	0.0348776612255865
546	340.16	0.035291464228706396
547	340.43	0.03535240618980706
548	340.69	0.03558091265780286
549	340.96	0.03616743061561058
550	341.22	0.035932606791484786
551	341.49	0.03461945193534416
552	341.75	0.03443710352345826
553	342.01	0.03557229790725442
554	342.28	0.038094514230030255
555	342.54	0.03907323835916543
556	342.81	0.04010035124143836
557	343.07	0.04252876392247022
558	343.34	0.044759966641611026
559	343.6	0.0474432309018154
560	343.87	0.048990843274896556
561	344.13	0.05014841435313742
562	344.4	0.050302526059386704
563	344.66	0.05172541218891551
564	344.92	0.052378922616380275
565	345.19	0.05428974029763815
566	345.45	0.05450528756460715
567	345.72	0.055036981812468855
568	345.98	0.054463723455353025
569	346.25	0.05394231893681731
570	346.51	0.053805742451871155
571	346.78	0.05398523254497886
572	347.04	0.05375343082589165
573	347.3	0.05420776045492798
574	347.57	0.05398380563101646
575	347.83	0.05475759716792611
576	348.1	0.054953037308019426
577	348.36	0.05547197894866866
578	348.63	0.05506440856846709
579	348.89	0.055514483226579675
580	349.15	0.05572088324833402
581	349.42	0.05741855950638934
582	349.68	0.05824554411267814
583	349.95	0.05982985559890401
584	350.21	0.06042382257301032
585	350.48	0.061010387003579664
586	350.74	0.06133288964198308
587	351.01	0.06208015431807681
588	351.27	0.06191850878365221
589	351.53	0.062456938054856734
590	351.8	0.06325270707078089
591	352.06	0.06452807491453103
592	352.33	0.06563041826592404
593	352.59	0.0671130012371486
594	352.86	0.06848949678739218
595	353.12	0.07050857145411915
596	353.38	0.07087454676745342
597	353.65	0.0733538288374897
598	353.91	0.07496767388891648
599	354.18	0.07735344953496053
600	354.44	0.07749870301890119
601	354.7	0.08017930705169571
602	354.97	0.08316564268559594
603	355.23	0.08724312368700406
604	355.5	0.09062513454020843
605	355.76	0.09509417699844198
606	356.03	0.09965093274665417
607	356.29	0.10220219088245507
608	356.55	0.10243307344739325
609	356.82	0.10123451661013175
610	357.08	0.09949225125213834
611	357.35	0.09830376177576278
612	357.61	0.097645351413614
613	357.87	0.09854395745263113
614	358.14	0.10018152179921107
615	358.4	0.10375034145087529
616	358.67	0.10781265570120471
617	358.93	0.11413410088194542
618	359.2	0.1195933529770407
619	359.46	0.12205948993361321
620	359.72	0.11870895398156325
621	359.99	0.11098652163067929
622	360.25	0.10228360851742177
623	360.52	0.09763517771854296
624	360.78	0.09566304071204461
625	361.04	0.09725943313270147
626	361.31	0.09832173010481288
627	361.57	0.10066303723115567
628	361.84	0.10026184095203089
629	362.1	0.09952010677314554
630	362.36	0.0981679548199238
631	362.63	0.09798991773260521
632	362.89	0.0976886680352808
633	363.16	0.09724997226256918
634	363.42	0.09689215333205212
635	363.68	0.09696922855605633
636	363.95	0.09654492648626739
637	364.21	0.0967111825115599
638	364.47	0.09415257017390649
639	364.74	0.09175586904426158
640	365.0	0.08778897318310888
641	365.27	0.08665081088879747
642	365.53	0.08419950251160091
643	365.79	0.08221647862634274
644	366.06	0.07917287767348566
645	366.32	0.07765516069520019
646	366.59	0.07734136997186222
647	366.85	0.07681804798775838
648	367.11	0.07596021322152942
649	367.38	0.0741232484322851
650	367.64	0.07290670017014725
651	367.91	0.07212718840300492
652	368.17	0.07192564710553292
653	368.43	0.07193835033295652
654	368.7	0.07043781894874958
655	368.96	0.0705028937617269
656	369.22	0.06998162177246323
657	369.49	0.07170624354765684
658	369.75	0.07216148617958056
659	370.02	0.07232604510095172
660	370.28	0.07202357299894736
661	370.54	0.07110282202639501
662	370.81	0.07155783733104237
663	371.07	0.0727211538351853
664	371.33	0.07192032509658328
665	371.6	0.07332031824993969
666	371.86	0.07285005844904616
667	372.13	0.0733237261336236
668	372.39	0.07156071818573574
669	372.65	0.07071465617529947
670	372.92	0.07085627996494431
671	373.18	0.07007750310200529
672	373.44	0.06996786700572895
673	373.71	0.07051296447312558
674	373.97	0.0708826791756007
675	374.23	0.07076429792799283
676	374.5	0.06953392772870083
677	374.76	0.06952610375468163
678	375.03	0.06893554757751784
679	375.29	0.06889524437962542
680	375.55	0.06835549963669124
681	375.82	0.0691176301144979
682	376.08	0.06975916529899204
683	376.34	0.0699366267827216
684	376.61	0.07037738198454549
685	376.87	0.07131278849571202
686	377.13	0.07292066099727607
687	377.4	0.07427336740992514
688	377.66	0.07422166499276964
689	377.92	0.07455768420478803
690	378.19	0.0738874787624637
691	378.45	0.07439398830672378
692	378.72	0.07548904854731833
693	378.98	0.07671995525088399
694	379.24	0.07870045886339189
695	379.51	0.08027241607603704
696	379.77	0.0820054279455
697	380.03	0.0839203988268554
698	380.3	0.08365922852333585
699	380.56	0.08469677616492793
700	380.82	0.08551802252559232
701	381.09	0.08835743704055042
702	381.35	0.08791641784703044
703	381.61	0.08686964727299906
704	381.88	0.08397996723275875
705	382.14	0.08328971450558555
706	382.4	0.08115757310227295
707	382.67	0.0819915331137426
708	382.93	0.08253599184117205
709	383.19	0.08458307183683456
710	383.46	0.08380602195439255
711	383.72	0.08269988663476219
712	383.98	0.0817935717710666
713	384.25	0.0804753753497565
714	384.51	0.07957355306977218
715	384.77	0.07859062731515229
716	385.04	0.07811752028004834
717	385.3	0.07915373973350881
718	385.56	0.07961552364829837
719	385.83	0.08046104752475558
720	386.09	0.08066033759097671
721	386.35	0.08202577022473732
722	386.62	0.08392322413223222
723	386.88	0.08538207458616692
724	387.14	0.08618405295746806
725	387.41	0.08820997377195139
726	387.67	0.08974091004682297
727	387.93	0.09277140848429483
728	388.2	0.09517821535488016
729	388.46	0.09752150430728446
730	388.72	0.09780055074637757
731	388.99	0.09782918087381079
732	389.25	0.09741081689957384
733	389.51	0.09866400651726363
734	389.78	0.0995020993612219
735	390.04	0.10240028724969788
736	390.3	0.10618481139671546
737	390.56	0.11007890892254754
738	390.83	0.10864716037310682
739	391.09	0.10155425088352604
740	391.35	0.09284856881143205
741	391.62	0.08719110764916861
742	391.88	0.08409777890037055
743	392.14	0.08224471261310906
744	392.41	0.080082395132075
745	392.67	0.07904352410893249
746	392.93	0.07736087138054958
747	393.2	0.07760754899574923
748	393.46	0.07726557035290554
749	393.72	0.07774905084715054
750	393.99	0.0766483301192642
751	394.25	0.07474907516258163
752	394.51	0.07250606355456538
753	394.77	0.06979738028356636
754	395.04	0.06862506792188643
755	395.3	0.06807276426218897
756	395.56	0.06836712718576388
757	395.83	0.06862736872403773
758	396.09	0.06889758859223793
759	396.35	0.06948209904501186
760	396.62	0.07089614832221328
761	396.88	0.07176939920512257
762	397.14	0.07352238269263053
763	397.4	0.07332106576027905
764	397.67	0.07388259993523977
765	397.93	0.07378377903397221
766	398.19	0.07414862564627578
767	398.46	0.07401570423011311
768	398.72	0.0733127599016313
769	398.98	0.073014900685645
770	399.24	0.0717966663826741
771	399.51	0.07118670706702734
772	399.77	0.06953123979214992
773	400.03	0.06769298565667772
774	400.3	0.06396875070856747
775	400.56	0.06196705863196267
776	400.82	0.06401511233193183
777	401.08	0.0678264226954734
778	401.35	0.069833269142588
779	401.61	0.06920140858690904
780	401.87	0.06980473842050106
781	402.14	0.07075989379507033
782	402.4	0.06998964140304426
783	402.66	0.06693180773686125
784	402.92	0.06421888884990143
785	403.19	0.06272641149009794
786	403.45	0.061420022994084
787	403.71	0.06081870181199156
788	403.98	0.060258866373845005
789	404.24	0.06096686762425582
790	404.5	0.06234813480927631
791	404.76	0.0657303153241556
792	405.03	0.06958023467337568
793	405.29	0.07402455188708434
794	405.55	0.0791837838308588
795	405.81	0.08470705896359085
796	406.08	0.08944624136435494
797	406.34	0.09151616149553327
798	406.6	0.09341497869323279
799	406.87	0.09751604181647827
800	407.13	0.10295282094565353
801	407.39	0.10291326100623174
802	407.65	0.09381617211847385
803	407.92	0.08180871912848706
804	408.18	0.07342394629699589
805	408.44	0.07114951530355576
806	408.7	0.07014086059888669
807	408.97	0.07004390772515401
808	409.23	0.06928018455252694
809	409.49	0.06791336966178624
810	409.75	0.06558567798913831
811	410.02	0.06239021933650138
812	410.28	0.059305408276905947
813	410.54	0.05655033055090572
814	410.8	0.05579419981011305
815	411.07	0.056154515708006975
816	411.33	0.05652407122748698
817	411.59	0.057573131071467915
818	411.85	0.057532808157868875
819	412.12	0.05777218893233288
820	412.38	0.057671787347601144
821	412.64	0.0592143818623998
822	412.9	0.060830210814111774
823	413.17	0.0617865798354168
824	413.43	0.06157443521744818
825	413.69	0.060637511362511415
826	413.95	0.05969790584059842
827	414.22	0.058538858700559415
828	414.48	0.05924684178836084
829	414.74	0.059643737188812274
830	415.0	0.05990644182671541
831	415.27	0.05912913228606588
832	415.53	0.05761357313987525
833	415.79	0.05705029783747756
834	416.05	0.05599187247010823
835	416.32	0.05583374528070745
836	416.58	0.05468191467264802
837	416.84	0.055021078272250445
838	417.1	0.054910964871074386
839	417.37	0.055170671148649486
840	417.63	0.053991285568387504
841	417.89	0.053473169382314806
842	418.15	0.05299381199495831
843	418.41	0.053290388301066555
844	418.68	0.05306791729956259
845	418.94	0.05311093803897207
846	419.2	0.05276437365336767
847	419.46	0.051529223431284465
848	419.73	0.05017813021903286
849	419.99	0.04962576270362448
850	420.25	0.04985844055372368
851	420.51	0.04960294397806825
852	420.78	0.049267351689821076
853	421.04	0.050116669462643704
854	421.3	0.05211293659042285
855	421.56	0.05268984971693849
856	421.82	0.052200169711399125
857	422.09	0.05122462837655459
858	422.35	0.05100033622899189
859	422.61	0.05121367423538378
860	422.87	0.048857491746348236
861	423.14	0.05049954088841668
862	423.4	0.050481235292998805
863	423.66	0.05313972464880465
864	423.92	0.050699916817322555
865	424.18	0.0502400881636752
866	424.45	0.050145947488477643
867	424.71	0.05070427699335986
868	424.97	0.050845901896756335
869	425.23	0.0519136862673637
870	425.49	0.053053139955572176
871	425.76	0.053794092438712304
872	426.02	0.053244203655539946
873	426.28	0.05413380527735412
874	426.54	0.054311104248957576
875	426.81	0.05515896368523959
876	427.07	0.055072278155089915
877	427.33	0.05622312539261748
878	427.59	0.05669388604385625
879	427.85	0.05743021700264714
880	428.12	0.056828713909508444
881	428.38	0.05689242625789223
882	428.64	0.05634929904964733
883	428.9	0.05699965781214966
884	429.16	0.05674277101655842
885	429.43	0.05739306250132985
886	429.69	0.057589292218343274
887	429.95	0.058875478331704534
888	430.21	0.05945204219581596
889	430.47	0.061319949594927536
890	430.74	0.06249944240857583
891	431.0	0.06448277514791109
892	431.26	0.06592331306218012
893	431.52	0.0680741470750034
894	431.78	0.06878040553860165
895	432.05	0.07088588912448093
896	432.31	0.07052319956669506
897	432.57	0.0699521822278504
898	432.83	0.06608346666928569
899	433.09	0.06269567840762669
900	433.35	0.060855697479653414
901	433.62	0.0605821742880753
902	433.88	0.06067847813632958
903	434.14	0.05995981395223274
904	434.4	0.05946838049320516
905	434.66	0.05914025604495432
906	434.93	0.05836513869152671
907	435.19	0.05741890696961699
908	435.45	0.056159334367239966
909	435.71	0.05475962846291063
910	435.97	0.05460200254078615
911	436.23	0.0554802784315267
912	436.5	0.05694508878426971
913	436.76	0.05801315364055751
914	437.02	0.05836425832309408
915	437.28	0.059048211612500096
916	437.54	0.05777946652630597
917	437.81	0.05752526011221579
918	438.07	0.05697575830729798
919	438.33	0.05750612321034343
920	438.59	0.05777273043820648
921	438.85	0.05797937475023743
922	439.11	0.05784873531962298
923	439.38	0.0574933289900853
924	439.64	0.057102764799382116
925	439.9	0.056219992120232265
926	440.16	0.0559735448363651
927	440.42	0.05611251751512475
928	440.68	0.056134046778027746
929	440.95	0.05616611205098232
930	441.21	0.05580143858979558
931	441.47	0.0553721727847403
932	441.73	0.05496674826717762
933	441.99	0.05440423924966112
934	442.25	0.05478226216707774
935	442.52	0.0557492260984247
936	442.78	0.05663982537767273
937	443.04	0.058153725142984725
938	443.3	0.05801274817070304
939	443.56	0.05801133743808701
940	443.82	0.057697497999155745
941	444.08	0.05859074386269497
942	444.35	0.060559299306073816
943	444.61	0.061364368028833216
944	444.87	0.06009837936587714
945	445.13	0.057208637867061235
946	445.39	0.05530470275581584
947	445.65	0.055191512098691
948	445.92	0.05689287481840344
949	446.18	0.058520127145982315
950	446.44	0.059727852702732814
951	446.7	0.0604604735000743
952	446.96	0.06146397927637284
953	447.22	0.06296391575708479
954	447.48	0.06486562547851735
955	447.75	0.06696662946169138
956	448.01	0.06885685705551695
957	448.27	0.07055919029762267
958	448.53	0.0715737650885224
959	448.79	0.07264560208595314
960	449.05	0.0730798991349979
961	449.31	0.07592944503005133
962	449.58	0.07804842100231052
963	449.84	0.07720333847137895
964	450.1	0.07130767097777871
965	450.36	0.06606275163948197
966	450.62	0.06213379529622584
967	450.88	0.06031123881557776
968	451.14	0.057354256964223665
969	451.41	0.05600269560039638
970	451.67	0.054397520849956554
971	451.93	0.05337096230654555
972	452.19	0.05159932901300404
973	452.45	0.05137589159885894
974	452.71	0.0513341185762875
975	452.97	0.05248420358856887
976	453.23	0.05233227597891721
977	453.5	0.05326914811006464
978	453.76	0.053293308186683874
979	454.02	0.05475203223811062
980	454.28	0.0545371334233829
981	454.54	0.05539057912706935
982	454.8	0.05507020785088518
983	455.06	0.05629549955694499
984	455.32	0.056554307881816146
985	455.59	0.05812085113515972
986	455.85	0.058405593148306345
987	456.11	0.05975716276522364
988	456.37	0.059349261671429426
989	456.63	0.06050723452063338
990	456.89	0.05892019456057804
991	457.15	0.059308601631424485
992	457.41	0.05984573806184973
993	457.68	0.06191499666881384
994	457.94	0.06276867222156263
995	458.2	0.0629286831916705
996	458.46	0.06298223893773497
997	458.72	0.06384419192663046
998	458.98	0.06432419234763395
999	459.24	0.06538462229872272
1000	459.5	0.06521496856586342
1001	459.76	0.06643528718097808
1002	460.03	0.0680734764803047
1003	460.29	0.06862100557370054
1004	460.55	0.06753292296891422
1005	460.81	0.06568765525566247
1006	461.07	0.06557920967350478
1007	461.33	0.06700082792189394
1008	461.59	0.06687438440700294
1009	461.85	0.06621068374244876
1010	462.11	0.06290188729160756
1011	462.37	0.06106032953848323
1012	462.64	0.058052557144750605
1013	462.9	0.05636646148471511
1014	463.16	0.05463865786661451
1015	463.42	0.0531566159732588
1016	463.68	0.0502827965535928
1017	463.94	0.048623614023505374
1018	464.2	0.0488355075469834
1019	464.46	0.05051431968648171
1020	464.72	0.05214015297209548
1021	464.98	0.05249414084821649
1022	465.24	0.053390692847117144
1023	465.51	0.05485067326800028
1024	465.77	0.0576716971426518
1025	466.03	0.06094947951850194
1026	466.29	0.06216113920835589
1027	466.55	0.06380292316422012
1028	466.81	0.06394576189419487
1029	467.07	0.06537989286043902
1030	467.33	0.06559274463850337
1031	467.59	0.06541453694028096
1032	467.85	0.06506072776057867
1033	468.11	0.06481203649618678
1034	468.38	0.06527090541564295
1035	468.64	0.0652926295461006
1036	468.9	0.06570947087031331
1037	469.16	0.06555327242517797
1038	469.42	0.06518715653590454
1039	469.68	0.06469202587704548
1040	469.94	0.06366387944028568
1041	470.2	0.06314714008437361
1042	470.46	0.06285604968184522
1043	470.72	0.06368022280789898
1044	470.98	0.06462089136644716
1045	471.24	0.06508077235494447
1046	471.5	0.06585533984607639
1047	471.77	0.06628278292028578
1048	472.03	0.0674809833118474
1049	472.29	0.0687866379152797
1050	472.55	0.06891726075480904
1051	472.81	0.06960364481291326
1052	473.07	0.06976015913401437
1053	473.33	0.07197750764835192
1054	473.59	0.07188196729540143
1055	473.85	0.07249191810349273
1056	474.11	0.07318119030994105
1057	474.37	0.07525661447969534
1058	474.63	0.07684173233723363
1059	474.89	0.07733616870568692
1060	475.15	0.07756723638098742
1061	475.41	0.07843181380141712
1062	475.68	0.08041403050506313
1063	475.94	0.08386360464638612
1064	476.2	0.08596185584593638
1065	476.46	0.0883982911083728
1066	476.72	0.0897347726133815
1067	476.98	0.09254518549686117
1068	477.24	0.09568415528132057
1069	477.5	0.10129595423104679
1070	477.76	0.1114473383809417
1071	478.02	0.1256950340283335
1072	478.28	0.13980401722330082
1073	478.54	0.15122822094165211
1074	478.8	0.16031902933392073
1075	479.06	0.16736312671477133
1076	479.32	0.17200450951738971
1077	479.58	0.18205898438379245
1078	479.84	0.20039220164781565
1079	480.1	0.2079770442257065
1080	480.36	0.19630610304293636
1081	480.63	0.1700483748783766
1082	480.89	0.1523479478661432
1083	481.15	0.14227961792742583
1084	481.41	0.13798793528320125
1085	481.67	0.1351244321873789
1086	481.93	0.1324690256910049
1087	482.19	0.12690129930407118
1088	482.45	0.12050331750951351
1089	482.71	0.1159580060248794
1090	482.97	0.11274065148440682
1091	483.23	0.11047559861625353
1092	483.49	0.10862624739716709
1093	483.75	0.10721672678057242
1094	484.01	0.10595280404341417
1095	484.27	0.10538582622472065
1096	484.53	0.10508395743570506
1097	484.79	0.10298122504461166
1098	485.05	0.10224352211435186
1099	485.31	0.10249603972054375
1100	485.57	0.10448469347564249
1101	485.83	0.10492704890196733
1102	486.09	0.10521882230808519
1103	486.35	0.10584727552060325
1104	486.61	0.10628775377525532
1105	486.87	0.10742541510064135
1106	487.13	0.10687279460451451
1107	487.39	0.10816330832184265
1108	487.65	0.10741338582777629
1109	487.91	0.10975247053882725
1110	488.17	0.11108950219530486
1111	488.43	0.11467964214852089
1112	488.7	0.1162521269286858
1113	488.96	0.11859669405284187
1114	489.22	0.11990419697728011
1115	489.48	0.12327002998926379
1116	489.74	0.12462270636694822
1117	490.0	0.12669811829243213
1118	490.26	0.12775459195049393
1119	490.52	0.12876456862868774
1120	490.78	0.13139482581270648
1121	491.04	0.13256565128552988
1122	491.3	0.1341848674345367
1123	491.56	0.13246673259337333
1124	491.82	0.1319889123942843
1125	492.08	0.13304115074398554
1126	492.34	0.1337473139722276
1127	492.6	0.13566118352378373
1128	492.86	0.13687876761396045
1129	493.12	0.1392982421091905
1130	493.38	0.13956061424845057
1131	493.64	0.13973084196646268
1132	493.9	0.1410151759689596
1133	494.16	0.14467573211965568
1134	494.42	0.14778250886762787
1135	494.68	0.15040584703991827
1136	494.94	0.15167743864410574
1137	495.2	0.15313098774587297
1138	495.46	0.1559796116635247
1139	495.72	0.15837587943510575
1140	495.98	0.16105310778125595
1141	496.24	0.16383913523292526
1142	496.5	0.16576376917220717
1143	496.76	0.16668689778674345
1144	497.02	0.16523589849102457
1145	497.28	0.1649824504274888
1146	497.54	0.1641674107400327
1147	497.8	0.16355181322477544
1148	498.06	0.16206498399150465
1149	498.32	0.1584623625038662
1150	498.58	0.1531874763742024
1151	498.84	0.14397209519119442
1152	499.1	0.13481563108233685
1153	499.36	0.12434452585588673
1154	499.62	0.11746114889523346
1155	499.88	0.11168010812819923
1156	500.14	0.10635646039253194
1157	500.4	0.09976263449722977
1158	500.66	0.09092276351722306
1159	500.92	0.08156419885509547
1160	501.18	0.07720551804166287
1161	501.44	0.08278610896127292
1162	501.69	0.098373675997116
1163	501.95	0.11524886141457075
1164	502.21	0.13043680523211187
1165	502.47	0.14175788141256596
1166	502.73	0.15033722491212878
1167	502.99	0.15606131705053974
1168	503.25	0.1592748696324992
1169	503.51	0.16345080330599518
1170	503.77	0.16624126676702217
1171	504.03	0.16960648695914177
1172	504.29	0.17016694799995205
1173	504.55	0.17161385425750245
1174	504.81	0.17167870030245502
1175	505.07	0.17182469100794714
1176	505.33	0.1716937993629483
1177	505.59	0.1733105436207066
1178	505.85	0.17585087502933167
1179	506.11	0.1780885286944828
1180	506.37	0.17797433033962878
1181	506.63	0.17790686395748517
1182	506.89	0.17920428275624356
1183	507.15	0.1805558234274503
1184	507.41	0.17921896730902284
1185	507.67	0.17633414820118018
1186	507.93	0.17410345987641734
1187	508.19	0.17380661747366044
1188	508.45	0.17330149320989638
1189	508.71	0.17294739346440108
1190	508.97	0.17384438824646017
1191	509.23	0.17442231374236172
1192	509.49	0.17440912722738466
1193	509.74	0.17368847362323103
1194	510.0	0.1750401310623126
1195	510.26	0.17634875293864502
1196	510.52	0.17709612472348296
1197	510.78	0.17731320348523888
1198	511.04	0.17797581583361616
1199	511.3	0.1790003590184317
1200	511.56	0.17896720546202274
1201	511.82	0.1796303699932575
1202	512.08	0.18013660312983593
1203	512.34	0.18058787572035992
1204	512.6	0.1813217405621393
1205	512.86	0.18352543216710107
1206	513.12	0.18671908788631628
1207	513.38	0.19094489330878556
1208	513.64	0.1955859554441768
1209	513.9	0.19913002372070507
1210	514.16	0.20146605182549465
1211	514.42	0.20333062062952315
1212	514.67	0.20582070421770274
1213	514.93	0.20741741598228788
1214	515.19	0.20719835669015607
1215	515.45	0.20399207065648428
1216	515.71	0.19910829249184828
1217	515.97	0.19248112669034834
1218	516.23	0.18670984522908185
1219	516.49	0.18095757741335255
1220	516.75	0.175779123059935
1221	517.01	0.17154064558230334
1222	517.27	0.16825853014294437
1223	517.53	0.16482912451141693
1224	517.79	0.16141429324933101
1225	518.05	0.15839439805982436
1226	518.31	0.15717951410882744
1227	518.56	0.1562711036961909
1228	518.82	0.15676123490051613
1229	519.08	0.15853815613194397
1230	519.34	0.16111963726874504
1231	519.6	0.1633470502195387
1232	519.86	0.1642136490517638
1233	520.12	0.16565675419381487
1234	520.38	0.1674742728132943
1235	520.64	0.16895788527529393
1236	520.9	0.17026694363438355
1237	521.16	0.1736400155344194
1238	521.42	0.17940895068435228
1239	521.68	0.19048088777776073
1240	521.93	0.2031507998422193
1241	522.19	0.219143165030865
1242	522.45	0.23303971518173114
1243	522.71	0.2432780164131466
1244	522.97	0.24822417001185235
1245	523.23	0.25314720507077804
1246	523.49	0.26602791677681503
1247	523.75	0.2809742630266796
1248	524.01	0.27650569832704175
1249	524.27	0.25590260548508553
1250	524.53	0.22930191182377008
1251	524.79	0.21615187151046072
1252	525.04	0.2070904947562607
1253	525.3	0.20095180168242033
1254	525.56	0.19497102304677122
1255	525.82	0.1920728654967202
1256	526.08	0.18870108942013786
1257	526.34	0.18720039052005005
1258	526.6	0.1850301849589689
1259	526.86	0.1842768802284293
1260	527.12	0.1820636520866291
1261	527.38	0.18006554192765617
1262	527.63	0.17780452558165985
1263	527.89	0.17619860095453735
1264	528.15	0.17477284222141987
1265	528.41	0.1732697477068896
1266	528.67	0.17125038147097307
1267	528.93	0.1700408440768328
1268	529.19	0.16983947157760101
1269	529.45	0.1707175692889009
1270	529.71	0.1717620649083526
1271	529.97	0.17170165809759572
1272	530.22	0.17252155462725488
1273	530.48	0.17345132896949855
1274	530.74	0.1736602993099814
1275	531.0	0.17550576086289366
1276	531.26	0.17611031072955194
1277	531.52	0.17843113592352777
1278	531.78	0.1786191067563219
1279	532.04	0.17906293175598448
1280	532.3	0.17903770578062117
1281	532.55	0.17706833251663942
1282	532.81	0.17525165287428968
1283	533.07	0.1739331049589237
1284	533.33	0.1732494471910312
1285	533.59	0.17287406312888862
1286	533.85	0.1707584215438987
1287	534.11	0.16953905135563202
1288	534.37	0.1681797218993694
1289	534.62	0.16824118224913548
1290	534.88	0.16889846762558675
1291	535.14	0.17003631197577904
1292	535.4	0.17088004351902075
1293	535.66	0.17152253730551892
1294	535.92	0.1717101824806574
1295	536.18	0.17223825630715164
1296	536.44	0.17297956909639622
1297	536.69	0.17453024130776906
1298	536.95	0.17561653464890445
1299	537.21	0.17687771238148386
1300	537.47	0.17759887814540903
1301	537.73	0.17754392162524282
1302	537.99	0.17724888902546926
1303	538.25	0.17712208848852556
1304	538.51	0.17754752877229096
1305	538.76	0.178007610590576
1306	539.02	0.17807225695731602
1307	539.28	0.17779960163344946
1308	539.54	0.17719840365455725
1309	539.8	0.1761698674550749
1310	540.06	0.17592957703844664
1311	540.32	0.1754669721211408
1312	540.57	0.17565430576202715
1313	540.83	0.17552749767497353
1314	541.09	0.1757847638466073
1315	541.35	0.17557600599265832
1316	541.61	0.17497157787313197
1317	541.87	0.17544111885102404
1318	542.13	0.17462656523247366
1319	542.38	0.17370633211005757
1320	542.64	0.1724771137893402
1321	542.9	0.17232305799834988
1322	543.16	0.17161290046486483
1323	543.42	0.1700694676922692
1324	543.68	0.16771821846714452
1325	543.94	0.1664504847949736
1326	544.19	0.16362407893847208
1327	544.45	0.16267154654957908
1328	544.71	0.16180202562362136
1329	544.97	0.16203368931616857
1330	545.23	0.16161707361891742
1331	545.49	0.16118518489560785
1332	545.74	0.16145452391406626
1333	546.0	0.1603783003115642
1334	546.26	0.15971014068785847
1335	546.52	0.15737145764563232
1336	546.78	0.1566652245851591
1337	547.04	0.15685921915109072
1338	547.29	0.1572271580440048
1339	547.55	0.157695378888649
1340	547.81	0.15685463426251525
1341	548.07	0.15669521377456247
1342	548.33	0.15619685957899426
1343	548.59	0.15598375493056635
1344	548.84	0.1564231342228844
1345	549.1	0.15600528575989273
1346	549.36	0.15636897743228212
1347	549.62	0.15629254629743228
1348	549.88	0.15731985931569034
1349	550.14	0.1575818931687441
1350	550.39	0.15729471420093835
1351	550.65	0.1577512242838423
1352	550.91	0.15802704159289027
1353	551.17	0.15975571907156663
1354	551.43	0.160045909728124
1355	551.69	0.15952509210520072
1356	551.94	0.1580810708754496
1357	552.2	0.15700269469499611
1358	552.46	0.15687820794223387
1359	552.72	0.15691525870471637
1360	552.98	0.15701608284087443
1361	553.24	0.15670076885853435
1362	553.49	0.15663421676882994
1363	553.75	0.15575927015021643
1364	554.01	0.15527830442114568
1365	554.27	0.1548509265810747
1366	554.53	0.15526104258400827
1367	554.78	0.1572721703493629
1368	555.04	0.1602298581560941
1369	555.3	0.16418065781829133
1370	555.56	0.16782148562959726
1371	555.82	0.17064227213060687
1372	556.07	0.1731283060766226
1373	556.33	0.17486990170630665
1374	556.59	0.17717685671035407
1375	556.85	0.17850672587001715
1376	557.11	0.18068303108852313
1377	557.37	0.18165742427849002
1378	557.62	0.18328185917892068
1379	557.88	0.1841927376622185
1380	558.14	0.18475903495419027
1381	558.4	0.18661599813282181
1382	558.66	0.1873828656062144
1383	558.91	0.18865325356805968
1384	559.17	0.18707592290465638
1385	559.43	0.18613103784205742
1386	559.69	0.1846650540107274
1387	559.95	0.18429010967965306
1388	560.2	0.18236406117695747
1389	560.46	0.18004119325530935
1390	560.72	0.1777581892306448
1391	560.98	0.17552085864925268
1392	561.24	0.17486419602963707
1393	561.49	0.17391851568841243
1394	561.75	0.1732694676216984
1395	562.01	0.17210826973990803
1396	562.27	0.17002415243075208
1397	562.52	0.169949031268281
1398	562.78	0.16967515104755548
1399	563.04	0.17177442129709633
1400	563.3	0.17259771974309698
1401	563.56	0.1742090945504551
1402	563.81	0.17411674687466253
1403	564.07	0.1768572051563468
1404	564.33	0.17929198272489327
1405	564.59	0.1847374396643237
1406	564.85	0.18788375758626433
1407	565.1	0.19097913548177925
1408	565.36	0.1914840729891315
1409	565.62	0.1896358703268162
1410	565.88	0.18755107217822875
1411	566.13	0.18671701992938855
1412	566.39	0.1834745540816821
1413	566.65	0.17686170917028235
1414	566.91	0.16544489775599697
1415	567.17	0.1563373665077323
1416	567.42	0.1490747331730656
1417	567.68	0.14539969073155157
1418	567.94	0.14349799715260916
1419	568.2	0.1418378751814226
1420	568.45	0.13873342562879737
1421	568.71	0.13771730685867042
1422	568.97	0.14004686258395385
1423	569.23	0.14545006500748747
1424	569.49	0.1506524378529529
1425	569.74	0.15485230565829602
1426	570.0	0.15868601946608182
1427	570.26	0.16210926891084665
1428	570.52	0.1643708818575373
1429	570.77	0.1657455931131767
1430	571.03	0.1658382073106681
1431	571.29	0.1664708771631221
1432	571.55	0.1668141510663926
1433	571.8	0.16821194102456757
1434	572.06	0.16905949955537775
1435	572.32	0.1705022753571626
1436	572.58	0.16957777226269757
1437	572.83	0.1694036676797382
1438	573.09	0.1692373027973527
1439	573.35	0.17007751670469295
1440	573.61	0.16920092699067074
1441	573.86	0.16878422658470538
1442	574.12	0.16793299305883364
1443	574.38	0.168469051086678
1444	574.64	0.16805668848433317
1445	574.89	0.16854747810763906
1446	575.15	0.16798815970015138
1447	575.41	0.16824818435608177
1448	575.67	0.1692308294032785
1449	575.92	0.1708377611558538
1450	576.18	0.17123920034682777
1451	576.44	0.17106182467846937
1452	576.7	0.17074245182197645
1453	576.95	0.17135495768810458
1454	577.21	0.17101324451241323
1455	577.47	0.17033553503876542
1456	577.73	0.16832473261739556
1457	577.98	0.16746114661631958
1458	578.24	0.16655389941512275
1459	578.5	0.16556158972315557
1460	578.76	0.16310548197019012
1461	579.01	0.16201716286126697
1462	579.27	0.16105446452969585
1463	579.53	0.15874191767511867
1464	579.79	0.15585705584965626
1465	580.04	0.15351403621969947
1466	580.3	0.1526756793615414
1467	580.56	0.15101735038975989
1468	580.81	0.14906384607708342
1469	581.07	0.1485681727494348
1470	581.33	0.1485740416483139
1471	581.59	0.14910077171231417
1472	581.84	0.14879260716304113
1473	582.1	0.151060749274002
1474	582.36	0.15575356424557255
1475	582.62	0.1646551473452833
1476	582.87	0.17210575053798485
1477	583.13	0.17993740082441909
1478	583.39	0.1846032953447692
1479	583.64	0.18865445125934033
1480	583.9	0.1913509934483381
1481	584.16	0.19803209533041483
1482	584.42	0.2050225699960399
1483	584.67	0.20536252763172588
1484	584.93	0.1967416920611005
1485	585.19	0.18577757924796037
1486	585.45	0.17953411534684555
1487	585.7	0.1767114267666343
1488	585.96	0.17355339528316552
1489	586.22	0.17070395619133888
1490	586.47	0.16819240739218838
1491	586.73	0.1673824561666892
1492	586.99	0.16879442065968706
1493	587.25	0.16824088521003255
1494	587.5	0.16787969494064692
1495	587.76	0.16564396368657427
1496	588.02	0.16572267470003457
1497	588.27	0.16733828912569682
1498	588.53	0.1682579309495961
1499	588.79	0.16943424037433483
1500	589.04	0.1685556582677918
1501	589.3	0.1694498341840372
1502	589.56	0.17045217907247576
1503	589.82	0.17024064394126126
1504	590.07	0.16788866384603818
1505	590.33	0.16418468883894274
1506	590.59	0.16205305483573254
1507	590.84	0.15972804844723468
1508	591.1	0.15734108811037562
1509	591.36	0.15514928473548728
1510	591.61	0.1522943551082413
1511	591.87	0.1509355289056274
1512	592.13	0.14917640543312413
1513	592.39	0.148429402203404
1514	592.64	0.14653996808982755
1515	592.9	0.14426675479764886
1516	593.16	0.14161339634445044
1517	593.41	0.1392539529665539
1518	593.67	0.13701846252249344
1519	593.93	0.13611900489725567
1520	594.18	0.13571304576068613
1521	594.44	0.13771162514206184
1522	594.7	0.14023724265674545
1523	594.95	0.14407479556263952
1524	595.21	0.1475199192431803
1525	595.47	0.15134872979338243
1526	595.73	0.15424367355881552
1527	595.98	0.15621254985430158
1528	596.24	0.15767225637300827
1529	596.5	0.15851619233768974
1530	596.75	0.15703358686525784
1531	597.01	0.1532659905332443
1532	597.27	0.14754330516690858
1533	597.52	0.14251241940067436
1534	597.78	0.13837673805848466
1535	598.04	0.1352430641840535
1536	598.29	0.1315748596576266
1537	598.55	0.12848148535161225
1538	598.81	0.12591889942583384
1539	599.06	0.12493495026427001
1540	599.32	0.12322200900743535
1541	599.58	0.12090678183367806
1542	599.83	0.11920782082954451
1543	600.09	0.11860750898924535
1544	600.35	0.11831684179923171
1545	600.6	0.11663838408531399
1546	600.86	0.11492337231178118
1547	601.12	0.11420670972769678
1548	601.37	0.11387446915350682
1549	601.63	0.11353698111509664
1550	601.89	0.11263224964776282
1551	602.14	0.11191743513532837
1552	602.4	0.1108972861026675
1553	602.66	0.11015231330831525
1554	602.91	0.10998037227032759
1555	603.17	0.10877553432140677
1556	603.43	0.10791736218866538
1557	603.68	0.10637178237632547
1558	603.94	0.10644840341376
1559	604.2	0.10604572910075172
1560	604.45	0.10645124723921326
1561	604.71	0.1062526424082333
1562	604.97	0.10621253637697772
1563	605.22	0.10635481839449168
1564	605.48	0.10652058747825763
1565	605.74	0.1068444589072493
1566	605.99	0.10660877974176092
1567	606.25	0.10645363466902064
1568	606.51	0.10649909526501557
1569	606.76	0.10689571601124367
1570	607.02	0.10583063898760915
1571	607.27	0.10483796080387789
1572	607.53	0.10351081825223732
1573	607.79	0.1033159779897867
1574	608.04	0.10311719302362483
1575	608.3	0.1024778797292194
1576	608.56	0.10204607073536687
1577	608.81	0.10086625520278006
1578	609.07	0.10026046384108303
1579	609.33	0.09836930338870156
1580	609.58	0.09755281302311264
1581	609.84	0.0967353893431804
1582	610.1	0.09669888672225804
1583	610.35	0.09716222200895658
1584	610.61	0.09695023149666424
1585	610.86	0.09741961723566005
1586	611.12	0.09626163753629102
1587	611.38	0.09631969934161025
1588	611.63	0.09622105982516146
1589	611.89	0.09634597669686253
1590	612.15	0.09582382340518542
1591	612.4	0.09550881056945651
1592	612.66	0.09575601962278238
1593	612.92	0.09561002886614048
1594	613.17	0.09466932012508472
1595	613.43	0.09367191594965041
1596	613.68	0.09304469236700824
1597	613.94	0.09332041672645616
1598	614.2	0.09297135382643962
1599	614.45	0.09319956905933743
1600	614.71	0.09314974303419468
1601	614.97	0.0935829924012091
1602	615.22	0.09327060828143621
1603	615.48	0.09226781735331147
1604	615.73	0.09149414737961448
1605	615.99	0.0909713982167864
1606	616.25	0.0902827355277234
1607	616.5	0.08968026363292708
1608	616.76	0.08919628952166023
1609	617.01	0.08984293365844878
1610	617.27	0.08982294796702803
1611	617.53	0.08959326820748009
1612	617.78	0.08913882643219811
1613	618.04	0.08907634878182294
1614	618.3	0.08869116134747237
1615	618.55	0.08907367885642614
1616	618.81	0.08866926253418239
1617	619.06	0.08981438741202721
1618	619.32	0.08931291546529271
1619	619.58	0.0894710948730548
1620	619.83	0.08902581696878048
1621	620.09	0.09018434883360404
1622	620.34	0.0907002951272308
1623	620.6	0.09116589278391565
1624	620.86	0.09121254008063429
1625	621.11	0.09164096458601292
1626	621.37	0.09152984372217668
1627	621.62	0.09158053166300839
1628	621.88	0.09175686316334777
1629	622.14	0.09161749980121081
1630	622.39	0.09050943653229487
1631	622.65	0.09049892449890692
1632	622.9	0.0905493765221651
1633	623.16	0.09107998964841467
1634	623.42	0.09091009382421641
1635	623.67	0.09183476652721287
1636	623.93	0.09177479814162828
1637	624.18	0.0918323117093195
1638	624.44	0.09094934050864195
1639	624.7	0.09024482814662835
1640	624.95	0.08973904311988307
1641	625.21	0.09046818564843007
1642	625.46	0.0922905125762838
1643	625.72	0.09353542613426057
1644	625.98	0.09430140164271252
1645	626.23	0.0954782890938036
1646	626.49	0.09951230259678323
1647	626.74	0.10341558902890965
1648	627.0	0.10619441662554205
1649	627.25	0.10766357707324894
1650	627.51	0.10839974938445832
1651	627.77	0.10989681824793346
1652	628.02	0.11104969319772086
1653	628.28	0.11363417040399296
1654	628.53	0.11520514010674715
1655	628.79	0.11340909402972138
1656	629.04	0.10912214185479029
1657	629.3	0.10599671201362557
1658	629.56	0.10443541050436109
1659	629.81	0.10484430803147404
1660	630.07	0.10386659834707038
1661	630.32	0.10313696051451283
1662	630.58	0.10204243668109123
1663	630.83	0.10186665141868138
1664	631.09	0.10132394693047066
1665	631.35	0.10166535287363683
1666	631.6	0.09949257940014866
1667	631.86	0.09813684490490822
1668	632.11	0.09599799911606148
1669	632.37	0.09630240542687662
1670	632.62	0.09509991362267539
1671	632.88	0.09438441395575634
1672	633.14	0.09308879055251401
1673	633.39	0.09320958476280591
1674	633.65	0.09176103458327473
1675	633.9	0.09199974826468615
1676	634.16	0.09151274818287519
1677	634.41	0.09098527423913311
1678	634.67	0.08879526889803538
1679	634.93	0.08748884138640897
1680	635.18	0.08727098546882786
1681	635.44	0.08744654705793445
1682	635.69	0.08771559492715245
1683	635.95	0.08731159276424408
1684	636.2	0.0870319897189685
1685	636.46	0.08726301475429028
1686	636.71	0.08744897130544962
1687	636.97	0.08691036756702192
1688	637.22	0.08674338438792523
1689	637.48	0.08650085494960857
1690	637.74	0.08741336535487168
1691	637.99	0.08792716080556967
1692	638.25	0.08830130392850793
1693	638.5	0.0883511498472146
1694	638.76	0.08718634164866679
1695	639.01	0.08786374279344064
1696	639.27	0.08740316769023163
1697	639.52	0.08829985319826453
1698	639.78	0.08762413068113184
1699	640.03	0.0890322038301446
1700	640.29	0.0896050402571052
1701	640.55	0.09076080021625632
1702	640.8	0.09036614361575043
1703	641.06	0.09018065668244549
1704	641.31	0.08945687668056927
1705	641.57	0.09068183625990113
1706	641.82	0.09177472257706047
1707	642.08	0.09316930421429945
1708	642.33	0.09351049928131229
1709	642.59	0.09407742649100093
1710	642.84	0.09418429034847431
1711	643.1	0.09500835954769729
1712	643.35	0.09478364480169851
1713	643.61	0.09506526277852578
1714	643.87	0.0949588847917519
1715	644.12	0.09508160064167884
1716	644.38	0.09456708474227885
1717	644.63	0.09245693779526806
1718	644.89	0.09071402493840224
1719	645.14	0.08945473332751233
1720	645.4	0.08833409538146861
1721	645.65	0.08781948411082721
1722	645.91	0.08668529014131979
1723	646.16	0.08677139443870621
1724	646.42	0.0857994955400179
1725	646.67	0.08525903179934058
1726	646.93	0.08464035896335731
1727	647.18	0.0844093072527613
1728	647.44	0.08422386181703756
1729	647.69	0.08463903736486345
1730	647.95	0.08420984795814046
1731	648.2	0.08420882257911125
1732	648.46	0.08325147270395081
1733	648.71	0.0843913529827999
1734	648.97	0.08478720554874136
1735	649.22	0.08554851107370146
1736	649.48	0.08701185942061937
1737	649.73	0.08798761405438046
1738	649.99	0.0889789513203239
1739	650.24	0.08893493325047741
1740	650.5	0.0893319370400387
1741	650.75	0.08959421268097967
1742	651.01	0.09003747782710972
1743	651.26	0.09193096142956186
1744	651.52	0.09285146878625217
1745	651.77	0.09408019131965606
1746	652.03	0.0936703824102467
1747	652.28	0.09553653814914567
1748	652.54	0.09520376507621284
1749	652.79	0.09635997487415796
1750	653.05	0.0964916515316594
1751	653.3	0.09828013571252103
1752	653.56	0.10089085618965604
1753	653.81	0.10265653105576883
1754	654.07	0.10478882773476839
1755	654.32	0.10720397974939075
1756	654.58	0.11203302212128868
1757	654.83	0.11683317670515314
1758	655.09	0.1225044012602865
1759	655.34	0.12857467613072857
1760	655.6	0.13522151279712866
1761	655.85	0.1406835457009035
1762	656.11	0.14375616711109152
1763	656.36	0.1455465263086541
1764	656.62	0.14591881304038293
1765	656.87	0.14528931362543937
1766	657.13	0.1434719410546695
1767	657.38	0.13881061172753725
1768	657.64	0.13283415576974117
1769	657.89	0.12676438980151017
1770	658.15	0.12195438867714031
1771	658.4	0.11766680043522448
1772	658.66	0.11231832913270878
1773	658.91	0.1082240541728465
1774	659.17	0.10435269331953392
1775	659.42	0.10023532306293534
1776	659.68	0.09556126481711386
1777	659.93	0.09297350542453098
1778	660.19	0.09067554502934475
1779	660.44	0.08824446960319371
1780	660.7	0.08460491302761697
1781	660.95	0.08270615923193236
1782	661.2	0.08238711759172299
1783	661.46	0.08133129053031435
1784	661.71	0.08150189759572293
1785	661.97	0.08056980772405614
1786	662.22	0.08013934670458794
1787	662.48	0.07907735421524154
1788	662.73	0.07838599345005118
1789	662.99	0.0782242966219967
1790	663.24	0.07780147634020898
1791	663.5	0.07849092914670658
1792	663.75	0.07846193454828816
1793	664.01	0.0790356076532963
1794	664.26	0.07783588509709627
1795	664.52	0.07872591959566524
1796	664.77	0.07754723880700104
1797	665.02	0.07760344761352374
1798	665.28	0.07648456411312171
1799	665.53	0.07699991591810158
1800	665.79	0.07744745917805457
1801	666.04	0.07782012052727871
1802	666.3	0.07824816967229273
1803	666.55	0.0782762332114927
1804	666.81	0.07887807194944724
1805	667.06	0.07869631542264138
1806	667.32	0.07835363433531607
1807	667.57	0.07741436566293755
1808	667.82	0.07689528295075293
1809	668.08	0.07626454584395514
1810	668.33	0.07560504581889185
1811	668.59	0.07534133978883364
1812	668.84	0.07439751264772743
1813	669.1	0.0743449886230654
1814	669.35	0.07209878105798803
1815	669.61	0.07244973387153769
1816	669.86	0.07231271854147003
1817	670.11	0.07407269750239252
1818	670.37	0.07337132417271408
1819	670.62	0.0730224539219266
1820	670.88	0.07234030318581053
1821	671.13	0.07252063035649411
1822	671.39	0.07197549410639903
1823	671.64	0.07175776580824864
1824	671.9	0.06981801361382145
1825	672.15	0.06910591413643785
1826	672.4	0.067241314688467
1827	672.66	0.06784262377646141
1828	672.91	0.0665275113059919
1829	673.17	0.0666172951321285
1830	673.42	0.06560816148257217
1831	673.68	0.06553215124686768
1832	673.93	0.06456191215619952
1833	674.18	0.06352677887613974
1834	674.44	0.06316170211738395
1835	674.69	0.06285833711758845
1836	674.95	0.06207318180675804
1837	675.2	0.06201340208433159
1838	675.46	0.060987940887764575
1839	675.71	0.06148106839447495
1840	675.96	0.060556148210110905
1841	676.22	0.06168216834642129
1842	676.47	0.06176019569417951
1843	676.73	0.06203998073125787
1844	676.98	0.06198457904299348
1845	677.23	0.062067446465045084
1846	677.49	0.061421843420649117
1847	677.74	0.061277486021611594
1848	678.0	0.06104756579946907
1849	678.25	0.06169287463941889
1850	678.51	0.06051878020146034
1851	678.76	0.06140942765474591
1852	679.01	0.061407129772947905
1853	679.27	0.06245028769331605
1854	679.52	0.06192754876796508
1855	679.78	0.06145142467961112
1856	680.03	0.059758129758196665
1857	680.28	0.058599338553937314
1858	680.54	0.05766754465549473
1859	680.79	0.05779110257246503
1860	681.05	0.056456464791330624
1861	681.3	0.055945635346493064
1862	681.55	0.0556567881152224
1863	681.81	0.05586808811363281
1864	682.06	0.05490080459314155
1865	682.32	0.053772005672347634
1866	682.57	0.05284270050247902
1867	682.82	0.05289420287461634
1868	683.08	0.053722813026750416
1869	683.33	0.05505195128360091
1870	683.59	0.05491870601223586
1871	683.84	0.054322864559957856
1872	684.09	0.0531103058700461
1873	684.35	0.05332327430563026
1874	684.6	0.052670661776764965
1875	684.86	0.05229864742882323
1876	685.11	0.05124858457719714
1877	685.36	0.051812258531998334
1878	685.62	0.05172026625047493
1879	685.87	0.052740566941551326
1880	686.13	0.052514919506557
1881	686.38	0.053530539431048935
1882	686.63	0.0528854218476137
1883	686.89	0.052905809831124015
1884	687.14	0.05216785586670086
1885	687.4	0.052524515759845125
1886	687.65	0.05185619934517882
1887	687.9	0.05329422197417984
1888	688.16	0.05374768090923396
1889	688.41	0.05516548317178277
1890	688.66	0.05465530309984126
1891	688.92	0.05569019144385588
1892	689.17	0.05611815473879092
1893	689.43	0.056554247728975604
1894	689.68	0.05603622440154449
1895	689.93	0.055861514214739214
1896	690.19	0.05551289625700134
1897	690.44	0.055602862513253595
1898	690.69	0.05452552975075754
1899	690.95	0.05414912421291472
1900	691.2	0.05273393562840595
1901	691.46	0.0521950357032363
1902	691.71	0.05088920211109631
1903	691.96	0.04932352938823649
1904	692.22	0.04888596655086058
1905	692.47	0.04778797153587222
1906	692.72	0.04778785895227464
1907	692.98	0.04813817824216837
1908	693.23	0.04817796372070038
1909	693.49	0.0480212941546411
1910	693.74	0.0467264858039754
1911	693.99	0.04680304394010057
1912	694.25	0.04687510433341488
1913	694.5	0.047512622724784834
1914	694.75	0.046625295886859486
1915	695.01	0.047329716277139375
1916	695.26	0.046312928518554425
1917	695.51	0.04702340919500375
1918	695.77	0.04654927511326984
1919	696.02	0.04640701449749876
1920	696.27	0.04605097428867079
1921	696.53	0.0454097219992943
1922	696.78	0.044897424648719736
1923	697.04	0.04480716292402556
1924	697.29	0.045019792128251246
1925	697.54	0.045802611934385604
1926	697.8	0.04559740952723196
1927	698.05	0.04475076004181233
1928	698.3	0.04422542933877846
1929	698.56	0.04443972683408229
1930	698.81	0.04435926241620042
1931	699.06	0.044150044714915404
1932	699.32	0.04371287194475519
1933	699.57	0.04414326019121828
1934	699.82	0.043240192951250755
1935	700.08	0.04373147312304673
1936	700.33	0.0436117172155699
1937	700.58	0.04479279620285556
1938	700.84	0.044250584484576166
1939	701.09	0.04455850887375405
1940	701.34	0.044086370319444554
1941	701.6	0.04359323946222139
1942	701.85	0.04300540476461161
1943	702.1	0.04286696034309753
1944	702.36	0.043036178585424814
1945	702.61	0.043298076341099445
1946	702.86	0.04336705125185766
1947	703.12	0.04358726562999918
1948	703.37	0.04207933560966112
1949	703.62	0.041935371315642234
1950	703.88	0.04150965877376463
1951	704.13	0.04293139998109899
1952	704.38	0.04279021850974524
1953	704.64	0.04217121636213321
1954	704.89	0.040776131235215646
1955	705.14	0.03991104414934821
1956	705.4	0.03948258317775617
1957	705.65	0.04064114662457974
1958	705.9	0.040881925811742284
1959	706.16	0.04136213023008796
1960	706.41	0.039554731727326334
1961	706.66	0.039485184800482714
1962	706.92	0.03886102345327602
1963	707.17	0.03885854962776572
1964	707.42	0.037090026946052
1965	707.68	0.03765468130611355
1966	707.93	0.03780650581862226
1967	708.18	0.038423038604988344
1968	708.44	0.03726984667880956
1969	708.69	0.037064269744094824
1970	708.94	0.037392069059893215
1971	709.19	0.037423272229162904
1972	709.45	0.03670775674164127
1973	709.7	0.03777296981462101
1974	709.95	0.038062682225203176
1975	710.21	0.03919826271974247
1976	710.46	0.03827867069359596
1977	710.71	0.03828877335380031
1978	710.97	0.038331833365272974
1979	711.22	0.0384793399666923
1980	711.47	0.038433354450638516
1981	711.73	0.03796372720271844
1982	711.98	0.03814959582645941
1983	712.23	0.037694080695284224
1984	712.48	0.0378294969483494
1985	712.74	0.03724779156498255
1986	712.99	0.037457060506753986
1987	713.24	0.0372750134815857
1988	713.5	0.037058452150016935
1989	713.75	0.03605312830743464
1990	714.0	0.03571556266086412
1991	714.26	0.03628684064089209
1992	714.51	0.03724446430276444
1993	714.76	0.03817091000947212
1994	715.01	0.03884144406762892
1995	715.27	0.039470068864840405
1996	715.52	0.03944203289905718
1997	715.77	0.03930678058554046
1998	716.03	0.03951563117547417
1999	716.28	0.039614470764554266
2000	716.53	0.039260793377388484
2001	716.78	0.03922089350259532
2002	717.04	0.03881929705675434
2003	717.29	0.03809802690311631
2004	717.54	0.03635748093162448
2005	717.8	0.03579381266520283
2006	718.05	0.03598262957975713
2007	718.3	0.036387632360261504
2008	718.55	0.03577165580816276
2009	718.81	0.03474976953399117
2010	719.06	0.03366501117404072
2011	719.31	0.03357260834422213
2012	719.57	0.03372996113561362
2013	719.82	0.03414694933622997
2014	720.07	0.033530118421667796
2015	720.32	0.032942754576229444
2016	720.58	0.032257564612652806
2017	720.83	0.032481876682353625
2018	721.08	0.032335477073654584
2019	721.33	0.03220075409738818
2020	721.59	0.031483622449298476
2021	721.84	0.031144329562664608
2022	722.09	0.030574423123946037
2023	722.35	0.030660345482673088
2024	722.6	0.030380814450130564
2025	722.85	0.030830944470685753
2026	723.1	0.030814327340857955
2027	723.36	0.030749305671997643
2028	723.61	0.030712022902365424
2029	723.86	0.030467531689940222
2030	724.11	0.030076750911167793
2031	724.37	0.030653659931047086
2032	724.62	0.029771432221754365
2033	724.87	0.03030904241137826
2034	725.12	0.029983191830438155
2035	725.38	0.030693369726431136
2036	725.63	0.030032220619228764
2037	725.88	0.029576823770241026
2038	726.13	0.029097106076780094
2039	726.39	0.02955738625309444
2040	726.64	0.029074661410801922
2041	726.89	0.02945374563294667
2042	727.14	0.029454624063040863
2043	727.4	0.029910111877249942
2044	727.65	0.029350188106023023
2045	727.9	0.028788255326692797
2046	728.15	0.027789111070151126
2047	728.41	0.02860300251258499
2048	728.66	0.028815978183575452
2049	728.91	0.03006031929832538
2050	729.16	0.029065021859562334
2051	729.42	0.029105900852155434
2052	729.67	0.028243934698334805
2053	729.92	0.028501916228025614
2054	730.17	0.02780963384713836
2055	730.43	0.027383676542924437
2056	730.68	0.02705623168645349
2057	730.93	0.027115297255541487
2058	731.18	0.02658445430472707
2059	731.44	0.02607492615100407
2060	731.69	0.02599409556493791
2061	731.94	0.026297128480938473
2062	732.19	0.025893949979339567
2063	732.45	0.02548145357358822
2064	732.7	0.025013531165701514
2065	732.95	0.026116322921202015
2066	733.2	0.02596774451602571
2067	733.45	0.025616475136784375
2068	733.71	0.02480005233912394
2069	733.96	0.025537504423216298
2070	734.21	0.02565538663927619
2071	734.46	0.025852088060661055
2072	734.72	0.024967401328776936
2073	734.97	0.02539651897610186
2074	735.22	0.025463443423075813
2075	735.47	0.0255567879797495
2076	735.72	0.025510214275513324
2077	735.98	0.025077051650586712
2078	736.23	0.024999150190352176
2079	736.48	0.02529564265629035
2080	736.73	0.02530194487540982
2081	736.99	0.02584639653603231
2082	737.24	0.02535984892515636
2083	737.49	0.024913451861532168
2084	737.74	0.024483178069574563
2085	737.99	0.024091650768708964
2086	738.25	0.024490308066850236
2087	738.5	0.024684157458686753
2088	738.75	0.025246787501919457
2089	739.0	0.02535771770601475
2090	739.25	0.02427241547152334
2091	739.51	0.024608103169868195
2092	739.76	0.023784074447427084
2093	740.01	0.024696054445573767
2094	740.26	0.02478486736208209
2095	740.52	0.025281889079987546
2096	740.77	0.024879804057741886
2097	741.02	0.024539149331862242
2098	741.27	0.026351950723644754
2099	741.52	0.029137740111946323
2100	741.78	0.03194745542494738
2101	742.03	0.03442913429985783
2102	742.28	0.034800768235646345
2103	742.53	0.03526297790827311
2104	742.78	0.03362971456196477
2105	743.04	0.03450765901779468
2106	743.29	0.03654404086534929
2107	743.54	0.041322101785771864
2108	743.79	0.04524821093973587
2109	744.04	0.04761093179032297
2110	744.3	0.04717325330393338
2111	744.55	0.047097768465457046
2112	744.8	0.04523590666409942
2113	745.05	0.044966231027035466
2114	745.3	0.04276281292783757
2115	745.55	0.04247309145074997
2116	745.81	0.04261893780377929
2117	746.06	0.047067259322086746
2118	746.31	0.051278918908242266
2119	746.56	0.055313413722613336
2120	746.81	0.05560847366385044
2121	747.07	0.0559399187356866
2122	747.32	0.05464141337828626
2123	747.57	0.054151984892296084
2124	747.82	0.05232810374262856
2125	748.07	0.049562592491634805
2126	748.32	0.0458584515319663
2127	748.58	0.04320254495563172
2128	748.83	0.04118429655474204
2129	749.08	0.04005040461364413
2130	749.33	0.03804619888761045
2131	749.58	0.03791724917533873
2132	749.84	0.03961280325824568
2133	750.09	0.04415195310887711
2134	750.34	0.048407552043928145
2135	750.59	0.04974681521491735
2136	750.84	0.04936128607745001
2137	751.09	0.04701638611744363
2138	751.35	0.0450161818789243
2139	751.6	0.046488240896371685
2140	751.85	0.04822037944067252
2141	752.1	0.048444456852646936
2142	752.35	0.04268981347435609
2143	752.6	0.03724275774709647
2144	752.86	0.03327408670276333
2145	753.11	0.031191593454746938
2146	753.36	0.029119540500180133
2147	753.61	0.027200981032792282
2148	753.86	0.02525990727457915
2149	754.11	0.02468458795663553
2150	754.37	0.02408392224045637
2151	754.62	0.02359019517487497
2152	754.87	0.022599431000944983
2153	755.12	0.02163208019762186
2154	755.37	0.021544619709551877
2155	755.62	0.020731321319093096
2156	755.87	0.020465980566329117
2157	756.13	0.02016403069495934
2158	756.38	0.02018454137075383
2159	756.63	0.019821156176751148
2160	756.88	0.018450090680265235
2161	757.13	0.018654703608660297
2162	757.38	0.01782941167985201
2163	757.64	0.01810123661791882
2164	757.89	0.01704129196429241
2165	758.14	0.017110573906253757
2166	758.39	0.017367111954433537
2167	758.64	0.017106024903559863
2168	758.89	0.01742292675060271
2169	759.14	0.017270140420501512
2170	759.4	0.01735633997877431
2171	759.65	0.016997983536510275
2172	759.9	0.016506291119219932
2173	760.15	0.016953765780234692
2174	760.4	0.01729906683681509
2175	760.65	0.01690119409340373
2176	760.9	0.01597735712737923
2177	761.15	0.015534309422542733
2178	761.41	0.015230657178821175
2179	761.66	0.015701920769013708
2180	761.91	0.015243311522052147
2181	762.16	0.01569901288652746
2182	762.41	0.014873097639850522
2183	762.66	0.015223137952242755
2184	762.91	0.014802149174556412
2185	763.17	0.015328215583868196
2186	763.42	0.01466105079235007
2187	763.67	0.014734734498896937
2188	763.92	0.01404381775940719
2189	764.17	0.014351556724551934
2190	764.42	0.01400893551094333
2191	764.67	0.014038198438623098
2192	764.92	0.013624229151954298
2193	765.18	0.014170903371970592
2194	765.43	0.014924547614816805
2195	765.68	0.014960778003148698
2196	765.93	0.014383393151840826
2197	766.18	0.014264460485724328
2198	766.43	0.014022187697410662
2199	766.68	0.014655423454505864
2200	766.93	0.014271393341893382
2201	767.18	0.014794831545132392
2202	767.44	0.013513101834365548
2203	767.69	0.013888952377367522
2204	767.94	0.013358160348267839
2205	768.19	0.01377502761101923
2206	768.44	0.013173065453231103
2207	768.69	0.013813380521917148
2208	768.94	0.014018239334625288
2209	769.19	0.014107616299153872
2210	769.44	0.013555809444453656
2211	769.7	0.013956469036418381
2212	769.95	0.013677669789519564
2213	770.2	0.013700470124653238
2214	770.45	0.013196328603055293
2215	770.7	0.013468283982844415
2216	770.95	0.013402174140884862
2217	771.2	0.013806135982284681
2218	771.45	0.013447290516053728
2219	771.7	0.013365931789230692
2220	771.95	0.01339759188348938
2221	772.21	0.013862339284347117
2222	772.46	0.013626949108017955
2223	772.71	0.014186757132169464
2224	772.96	0.014952783523479785
2225	773.21	0.016219410993833602
2226	773.46	0.01599939339708771
2227	773.71	0.016075838823940494
2228	773.96	0.0165502811180597
2229	774.21	0.017455276303236122
2230	774.46	0.017949736147647444
2231	774.72	0.018371708862008188
2232	774.97	0.019109182352944315
2233	775.22	0.019281724704222222
2234	775.47	0.01754942294282137
2235	775.72	0.012411753785395496
2236	775.97	0.005851759551654345
2237	776.22	0.005677252060604654
2238	776.47	0.01571057211418564
2239	776.72	0.03494873097180376
2240	776.97	0.0506456832108437
2241	777.22	0.059559378647045275
2242	777.47	0.05896569467632873
2243	777.73	0.0528655975591269
2244	777.98	0.04498472588893837
2245	778.23	0.040794144762351575
2246	778.48	0.04023732346515749
2247	778.73	0.03966317744778264
2248	778.98	0.03608265390377033
2249	779.23	0.031573050274342665
2250	779.48	0.02750958281090521
2251	779.73	0.02528405886008475
2252	779.98	0.024187526690819652
2253	780.23	0.023242532829372095
2254	780.48	0.020991238592425854
2255	780.73	0.018848014133858906
2256	780.98	0.017498169910594483
2257	781.24	0.01621647037067754
2258	781.49	0.015542418922859583
2259	781.74	0.014676929594930346
2260	781.99	0.014522992881107422
2261	782.24	0.013783265030150454
2262	782.49	0.013004043235143162
2263	782.74	0.012895346185546885
2264	782.99	0.01226429628663496
2265	783.24	0.0119290825590211
2266	783.49	0.0109446476892235
2267	783.74	0.010919341180245581
2268	783.99	0.01010516311005577
2269	784.24	0.010406006009126043
2270	784.49	0.010040552313371864
2271	784.74	0.009769919993245849
2272	784.99	0.00865092983780412
2273	785.24	0.00907550227126079
2274	785.49	0.009534307614993118
2275	785.75	0.009265484537939433
2276	786.0	0.00771365841766232
2277	786.25	0.0073145156432404546
2278	786.5	0.006907111339132091
2279	786.75	0.007932886682704143
2280	787.0	0.007364977201948092
2281	787.25	0.007906212583779867
2282	787.5	0.007529707409661829
2283	787.75	0.008168701742264431
2284	788.0	0.0073699709385039724
2285	788.25	0.00777942904765995
2286	788.5	0.007239166146980669
2287	788.75	0.007999324328113469
2288	789.0	0.007702669359298621
2289	789.25	0.008692229296267513
2290	789.5	0.008226240956205381
2291	789.75	0.00792741320731391
2292	790.0	0.007075037426266022
2293	790.25	0.007499124596007226
2294	790.5	0.006804316188651127
2295	790.75	0.0061762350626648616
2296	791.0	0.005785529380477203
2297	791.25	0.005491282756794044
2298	791.5	0.006210250545934104
2299	791.75	0.006918908621289133
2300	792.01	0.0069713661202756155
2301	792.26	0.007425211121154615
2302	792.51	0.006418341838167377
2303	792.76	0.007834881976410774
2304	793.01	0.007194120336701679
2305	793.26	0.0078759786187141
2306	793.51	0.0072580617565706496
2307	793.76	0.0075302685506548755
2308	794.01	0.008216536804463548
2309	794.26	0.010342057641030272
2310	794.51	0.01201538061332627
2311	794.76	0.013755943547818256
2312	795.01	0.013133372369497576
2313	795.26	0.013147962380723369
2314	795.51	0.01218313072817373
2315	795.76	0.011899829168945567
2316	796.01	0.010412138613643637
2317	796.26	0.009767342138766344
2318	796.51	0.009207275643723187
2319	796.76	0.009519126478959306
2320	797.01	0.008905101713808955
2321	797.26	0.008263082099363814
2322	797.51	0.007499564225898203
2323	797.76	0.006932702056218348
2324	798.01	0.006479634422696903
2325	798.26	0.0057716861907282785
2326	798.51	0.005220770684807113
2327	798.76	0.005343001146304718
2328	799.01	0.004911846268575458
2329	799.26	0.005440677448298015
2330	799.51	0.004682291794668177
2331	799.76	0.004643432217287684
2332	800.01	0.0034073845574933426
2333	800.26	0.003593178036615602
2334	800.51	0.0034802742432765155
2335	800.76	0.004229749394876393
2336	801.01	0.004154142052111745
2337	801.26	0.00455246525654919
2338	801.51	0.004340981043933684
2339	801.76	0.004410316150432837
2340	802.01	0.004029630994664732
2341	802.26	0.0039449202441904085
2342	802.51	0.0029850459345146796
2343	802.76	0.0025036363003087675
2344	803.01	0.0020290948368731493
2345	803.26	0.002391515340964004
2346	803.51	0.0033324996743005902
2347	803.76	0.0035167284070500016
2348	804.01	0.0034459713617688847
2349	804.26	0.003674095008174255
2350	804.51	0.0037145344015075688
2351	804.76	0.004165255082003445
2352	805.01	0.0036259932066736167
2353	805.26	0.003950587880006691
2354	805.51	0.003679681494205833
2355	805.76	0.0039110950926409885
2356	806.01	0.002941385029700816
2357	806.26	0.002902622933615248
2358	806.51	0.0024732515484155587
2359	806.76	0.0033442366351786393
2360	807.01	0.003619010196156576
2361	807.26	0.0036420639319577966
2362	807.51	0.003650687652943768
2363	807.76	0.003760990383467333
2364	808.01	0.0038673504140548237
2365	808.26	0.0036263727993494504
2366	808.5	0.0033023837298621905
2367	808.75	0.0036202286198665085
2368	809.0	0.0033203917703210836
2369	809.25	0.003120699551011394
2370	809.5	0.0022183015008238813
2371	809.75	0.00222931323506477
2372	810.0	0.0021055313760387565
2373	810.25	0.0025636623340920817
2374	810.5	0.002453488455330978
2375	810.75	0.002820401597300709
2376	811.0	0.0023386030229653465
2377	811.25	0.002476397672055111
2378	811.5	0.0015393813099711662
2379	811.75	0.001666837592815329
2380	812.0	0.001856912602671068
2381	812.25	0.002349252036563651
2382	812.5	0.0026877866983094287
2383	812.75	0.0025959770114328887
2384	813.0	0.003090520764469022
2385	813.25	0.003124677974291626
2386	813.5	0.0035206130459329854
2387	813.75	0.0034464954356982283
2388	814.0	0.0031240526260932766
2389	814.25	0.002870753776827953
2390	814.5	0.002201142067026915
2391	814.74	0.002554650409712214
2392	814.99	0.0022560084169516853
2393	815.24	0.003115833432925222
2394	815.49	0.002907758606102165
2395	815.74	0.0028788930535758248
2396	815.99	0.0021048655459491306
2397	816.24	0.0016786098039450192
2398	816.49	0.0016434652855534804
2399	816.74	0.0012920796769665954
2400	816.99	0.0005583482870993028
2401	817.24	-0.0007721929591605198
2402	817.49	-0.0010764750961014258
2403	817.74	0.000326918229485329
2404	817.99	0.004849730587917905
2405	818.24	0.010549293489762607
2406	818.49	0.014227845220005336
2407	818.74	0.014572702441996738
2408	818.98	0.012040577804483782
2409	819.23	0.010602654064812062
2410	819.48	0.009529315920268733
2411	819.73	0.010014322061499367
2412	819.98	0.008142088475696169
2413	820.23	0.005456843719823801
2414	820.48	0.0007482380069828709
2415	820.73	0.00016553100772434548
2416	820.98	0.003069784547900911
2417	821.23	0.009782720201589101
2418	821.48	0.014943345875170572
2419	821.73	0.018626894731266497
2420	821.98	0.018329198740605263
2421	822.23	0.01785627035700174
2422	822.47	0.014767452028560196
2423	822.72	0.012588949065237054
2424	822.97	0.010246340481165517
2425	823.22	0.009064389943557738
2426	823.47	0.010367860366617895
2427	823.72	0.011918690517482608
2428	823.97	0.012802977975692159
2429	824.22	0.012209748465398726
2430	824.47	0.01074837419510416
2431	824.72	0.010067169394617895
2432	824.97	0.00929512285671269
2433	825.22	0.008781554642324094
2434	825.46	0.007373806404020994
2435	825.71	0.0067934802949598805
2436	825.96	0.005711198523436586
2437	826.21	0.005872397449014563
2438	826.46	0.0051926748319810895
2439	826.71	0.004524173171067153
2440	826.96	0.002355088114016343
2441	827.21	0.002150628044678665
2442	827.46	0.0015575573209677257
2443	827.71	0.0026967029949972326
2444	827.96	0.001617394608851061
2445	828.2	0.0012562137002450624
2446	828.45	0.0003197197629252885
2447	828.7	0.000618162588389426
2448	828.95	0.0006234802567558276
2449	829.2	0.0012280200841432165
2450	829.45	0.000638157121457178
2451	829.7	0.0006823594862653479
2452	829.95	0.0003344014863183656
2453	830.2	0.00020570493868431183
2454	830.45	-0.00035653910926970733
2455	830.69	-0.00040419853423492164
2456	830.94	-0.0008210265351334886
2457	831.19	-0.0004336859495943368
2458	831.44	-0.000752418355586329
2459	831.69	-0.0002572077669810158
2460	831.94	-0.0006175450236847457
2461	832.19	-0.0010280679658671646
2462	832.44	-0.0016509022520199562
2463	832.69	-0.001488434303937497
2464	832.93	-0.0009640674815484668
2465	833.18	-0.0009625405082460334
2466	833.43	-0.001507086574536881
2467	833.68	-0.0013063908653118753
2468	833.93	-0.0013568266929365538
2469	834.18	-0.0013513626835800832
2470	834.43	-0.002374673582842296
2471	834.68	-0.002246811460222306
2472	834.92	-0.0014999762817964127
2473	835.17	-0.0009425958168165008
2474	835.42	-0.0013790169170270206
2475	835.67	-0.002626532329683559
2476	835.92	-0.0029001310030876276
2477	836.17	-0.002264121427511742
2478	836.42	-0.00169225079503698
2479	836.67	-0.0008462813336481828
2480	836.91	-0.0014735118676328512
2481	837.16	-0.0015950507393203972
2482	837.41	-0.0016979066790633948
2483	837.66	-0.0020207731916783572
2484	837.91	-0.0019549011709230207
2485	838.16	-0.004171502589930265
2486	838.41	-0.004343058472537409
2487	838.66	-0.0037623008017951057
2488	838.9	-0.002439254454916606
2489	839.15	-0.0019275897932007624
2490	839.4	-0.002125194509275667
2491	839.65	-0.0017132693042090572
2492	839.9	-0.0016013162561965971
2493	840.15	-0.0021308230416281007
2494	840.4	-0.0016218156532937025
2495	840.64	-0.0015608772551991834
2496	840.89	-0.0008011591034856672
2497	841.14	-0.0016405753688117572
2498	841.39	-0.0016278602209988946
2499	841.64	-0.001754480154777631
2500	841.89	-0.001959461250031262
2501	842.14	-0.0014858982637279972
2502	842.38	-0.002420384083929049
2503	842.63	-0.002756120940320017
2504	842.88	-0.003970422575433327
2505	843.13	-0.0048178512542002006
2506	843.38	-0.007073222067020393
2507	843.63	-0.009504648631593032
2508	843.87	-0.009893402962029466
2509	844.12	-0.005304291206470413
2510	844.37	-0.00031906044912871634
2511	844.62	0.003580704385522812
2512	844.87	0.0015700688209389635
2513	845.12	-0.00047897804457801285
2514	845.37	-0.00233849444816199
2515	845.61	-0.0009374879086970073
2516	845.86	-9.189379338575554e-05
2517	846.11	0.0011069512002314374
2518	846.36	0.000995855547384475
2519	846.61	0.001347755847739232
2520	846.86	-0.0002810836946972803
2521	847.1	-0.0007716352372326707
2522	847.35	-0.0029207532763881466
2523	847.6	-0.0028401408152076424
2524	847.85	-0.0034089884598126202
2525	848.1	-0.002091950092899496
2526	848.35	-0.0023034289890506085
2527	848.59	-0.0023751911284939434
2528	848.84	-0.0025352800572954887
2529	849.09	-0.0026834543975359573
2530	849.34	-0.0025974941696706097
2531	849.59	-0.002509418264303412
2532	849.84	-0.0018880888733104548
2533	850.08	-0.002511965811086765
2534	850.33	-0.0027349050796308533
2535	850.58	-0.00347711820850434
2536	850.83	-0.003672802132034851
2537	851.08	-0.0032911790883282527
2538	851.32	-0.0032088111351764384
2539	851.57	-0.0023345480893127643
2540	851.82	-0.003588847047800034
2541	852.07	-0.0033822435497582112
2542	852.32	-0.004491655469458275
2543	852.57	-0.003986612992061288
2544	852.81	-0.004534165146575536
2545	853.06	-0.0033419443236496135
2546	853.31	-0.0030151409976844
2547	853.56	-0.0025711946984521075
2548	853.81	-0.0033036806174201183
2549	854.05	-0.0038135627246639464
2550	854.3	-0.0037516535283289784
2551	854.55	-0.0030711775482148845
2552	854.8	-0.003051941337064143
2553	855.05	-0.0035015465479154503
2554	855.29	-0.004308261886156621
2555	855.54	-0.0039651888760275575
2556	855.79	-0.004524147207378683
2557	856.04	-0.003976690988165325
2558	856.29	-0.004054426421301605
2559	856.53	-0.0028761063198346343
2560	856.78	-0.0026536006985277624
2561	857.03	-0.0023523751893994582
2562	857.28	-0.0024705914409188373
2563	857.53	-0.002332984997214564
2564	857.77	-0.00327367104906702
2565	858.02	-0.0035274206291351987
2566	858.27	-0.004761547954157785
2567	858.52	-0.004705267753057379
2568	858.77	-0.004444800102436183
2569	859.01	-0.0030925912969566247
2570	859.26	-0.0017821811746570049
2571	859.51	-0.0014367386755870862
2572	859.76	-0.0014038576460428873
2573	860.01	-0.0009208915512767951
2574	860.25	-0.0009143091734737235
2575	860.5	-0.0014648028564789514
2576	860.75	-0.002196656076377819
2577	861.0	-0.00277179953438373
2578	861.25	-0.0029597184860237075
2579	861.49	-0.004280736640357413
2580	861.74	-0.005978540777409794
2581	861.99	-0.007365027161416501
2582	862.24	-0.00797524497858608
2583	862.48	-0.005627837418274023
2584	862.73	-0.002477712325648848
2585	862.98	-0.00040154888349476503
2586	863.23	-0.001575622088318282
2587	863.48	-0.002720775429603403
2588	863.72	-0.003271800666199323
2589	863.97	-0.0023449807844576204
2590	864.22	-0.0023808151280295536
2591	864.47	-0.0023949741027773225
2592	864.71	-0.0029476665075135605
2593	864.96	-0.003082752007177253
2594	865.21	-0.00231425778322078
2595	865.46	-0.0015608966868419505
2596	865.7	-0.001166707664674617
2597	865.95	-0.0015851599719919687
2598	866.2	-0.002343487800598565
2599	866.45	-0.004343574216696844
2600	866.7	-0.008903473761853187
2601	866.94	-0.01622020620819456
2602	867.19	-0.024111878486082025
2603	867.44	-0.026494846118829213
2604	867.69	-0.02247585936214329
2605	867.93	-0.013389386814735893
2606	868.18	-0.008012459090777052
2607	868.43	-0.007348784638615033
2608	868.68	-0.01014781709476778
2609	868.92	-0.01106792878172895
2610	869.17	-0.009967642018890555
2611	869.42	-0.00859865495505728
2612	869.67	-0.006656586155278921
2613	869.91	-0.004281395165455504
2614	870.16	-0.0034871998520460967
2615	870.41	-0.003875707399065967
2616	870.66	-0.0049890615987530085
2617	870.9	-0.00417108075057257
2618	871.15	-0.0038977190543978413
2619	871.4	-0.0023344677445574225
2620	871.65	-0.0019478510726647358
2621	871.89	-0.0018768663005789415
2622	872.14	-0.0028552927316775056
2623	872.39	-0.002900124184514699
2624	872.64	-0.0024809025402260237
2625	872.88	-0.0022822591841287626
2626	873.13	-0.0022790464193492496
2627	873.38	-0.0022882084562397126
2628	873.63	-0.003041201023030994
2629	873.87	-0.003418559340606808
2630	874.12	-0.003346199222041886
2631	874.37	-0.0024075669313430373
2632	874.62	-0.002455579012158246
2633	874.86	-0.0020690744006537157
2634	875.11	-0.0029614971485074568
2635	875.36	-0.0034483297093282628
2636	875.6	-0.004666963256375285
2637	875.85	-0.004800245672444942
2638	876.1	-0.005022577752284339
2639	876.35	-0.004824556997740981
2640	876.59	-0.004917149132409607
2641	876.84	-0.004832970672261502
2642	877.09	-0.005399962734923991
2643	877.34	-0.005397666724033912
2644	877.58	-0.006015691579835669
2645	877.83	-0.005879030203288858
2646	878.08	-0.006089534246673828
2647	878.32	-0.005402068290413127
2648	878.57	-0.005334772233115619
2649	878.82	-0.004623824282812314
2650	879.07	-0.005548737164339575
2651	879.31	-0.005294902245108507
2652	879.56	-0.006048255213039422
2653	879.81	-0.005114339181348786
2654	880.06	-0.0054086696411253105
2655	880.3	-0.004912553964554381
2656	880.55	-0.005580317423895677
2657	880.8	-0.005375453621719997
2658	881.04	-0.006218377400934769
2659	881.29	-0.0070780991736696525
2660	881.54	-0.007547350825195226
2661	881.79	-0.0072510071873252355
2662	882.03	-0.00614388845015322
2663	882.28	-0.006451433304899626
2664	882.53	-0.006530235731143592
2665	882.77	-0.006310578084859374
2666	883.02	-0.005211150525773402
2667	883.27	-0.005107128944732774
2668	883.51	-0.005282025692859273
2669	883.76	-0.005601884791966834
2670	884.01	-0.006347346895382605
2671	884.26	-0.005919350557278373
2672	884.5	-0.00616880286261854
2673	884.75	-0.005124265446201884
2674	885.0	-0.005604996424594007
2675	885.24	-0.0059229510258765605
2676	885.49	-0.0062573836360918025
2677	885.74	-0.005966180617243251
2678	885.98	-0.005057466174513546
2679	886.23	-0.005023908002435483
2680	886.48	-0.005695244936329016
2681	886.73	-0.006780206633565974
2682	886.97	-0.006929819176676635
2683	887.22	-0.006335561881032459
2684	887.47	-0.005949998151375389
2685	887.71	-0.00565093019945568
2686	887.96	-0.006221914731161016
2687	888.21	-0.006052354939005036
2688	888.45	-0.0068197580552219125
2689	888.7	-0.006604507978391454
2690	888.95	-0.006576563158730807
2691	889.19	-0.005827709253793875
2692	889.44	-0.005996526298395227
2693	889.69	-0.005846654499623384
2694	889.93	-0.006171674128719044
2695	890.18	-0.005508097114927432
2696	890.43	-0.006190091117302975
2697	890.67	-0.00620990892802261
2698	890.92	-0.006464273588180761
2699	891.17	-0.006501459826771257
2700	891.42	-0.006895071266071792
2701	891.66	-0.007208670946421379
2702	891.91	-0.007399924149445472
2703	892.16	-0.00682926066095902
2704	892.4	-0.007223876447475824
2705	892.65	-0.006774642134710011
2706	892.9	-0.0069753992974011594
2707	893.14	-0.006420858428679031
2708	893.39	-0.00629133593908885
2709	893.64	-0.005895623929690029
2710	893.88	-0.005621232621142093
2711	894.13	-0.005544047195364381
2712	894.38	-0.006282886415549305
2713	894.62	-0.006582702605196868
2714	894.87	-0.007144041366978965
2715	895.12	-0.006522048278364445
2716	895.36	-0.006368249854724582
2717	895.61	-0.005130121268007111
2718	895.86	-0.004940878519968495
2719	896.1	-0.0049017720927019
2720	896.35	-0.005415651075008611
2721	896.6	-0.0057555626282750905
2722	896.84	-0.0062678599063182225
2723	897.09	-0.0067756962745695384
2724	897.33	-0.007215068178193215
2725	897.58	-0.007099096254616161
2726	897.83	-0.0068056636473904294
2727	898.07	-0.006498564659654156
2728	898.32	-0.006634871500265378
2729	898.57	-0.007141117698597946
2730	898.81	-0.006913422061077999
2731	899.06	-0.006716222737216664
2732	899.31	-0.007468058642325463
2733	899.55	-0.007363185374919638
2734	899.8	-0.007288113855880449
2735	900.05	-0.0060573531060784044
2736	900.29	-0.006289778471055364
2737	900.54	-0.006301889611044165
2738	900.79	-0.006250282926834813
2739	901.03	-0.006480033251272596
2740	901.28	-0.006576657044305455
2741	901.52	-0.0073922205104556896
2742	901.77	-0.008157353832251302
2743	902.02	-0.008459390335353888
2744	902.26	-0.008231957323395905
2745	902.51	-0.008067473415867658
2746	902.76	-0.008055982287192016
2747	903.0	-0.00819268645388993
2748	903.25	-0.008092867268816438
2749	903.5	-0.008260911223289709
2750	903.74	-0.00957523688798103
2751	903.99	-0.010153133191931785
2752	904.23	-0.010373297481162093
2753	904.48	-0.008957379650198341
2754	904.73	-0.008683991602630545
2755	904.97	-0.00821026624320216
2756	905.22	-0.008736618628367637
2757	905.47	-0.008274579474716708
2758	905.71	-0.007987631329762962
2759	905.96	-0.007128985226290553
2760	906.2	-0.006747314899522544
2761	906.45	-0.007094976476697698
2762	906.7	-0.007477939312138644
2763	906.94	-0.007069267671553553
2764	907.19	-0.0067679666703888836
2765	907.44	-0.005369419991428218
2766	907.68	-0.005468229242083303
2767	907.93	-0.004612837001443354
2768	908.17	-0.0049872093225659525
2769	908.42	-0.00577404974439702
2770	908.67	-0.006565885362920458
2771	908.91	-0.007595225896193117
2772	909.16	-0.007405987597107547
2773	909.4	-0.0076217787057581005
2774	909.65	-0.007204372865542076
2775	909.9	-0.007064398543277568
2776	910.14	-0.006763135257963175
2777	910.39	-0.006358634679677011
2778	910.63	-0.00567756387984248
2779	910.88	-0.006443252953635306
2780	911.13	-0.0071597716612955276
2781	911.37	-0.007337922652394739
2782	911.62	-0.006981776366865131
2783	911.86	-0.006738128443604691
2784	912.11	-0.007090885347260739
2785	912.36	-0.006940277568357536
2786	912.6	-0.006902484877797904
2787	912.85	-0.007027900044311419
2788	913.09	-0.007622096178778438
2789	913.34	-0.008068979416562476
2790	913.59	-0.007989875462614676
2791	913.83	-0.0082332052037324
2792	914.08	-0.007679713512917727
2793	914.32	-0.008100732413419992
2794	914.57	-0.0077729711925793935
2795	914.82	-0.007924256800626604
2796	915.06	-0.00771468849123258
2797	915.31	-0.007469918012132606
2798	915.55	-0.00802651584540122
2799	915.8	-0.008174833596068083
2800	916.05	-0.008409010046996332
2801	916.29	-0.0073140456058173944
2802	916.54	-0.007328584770975595
2803	916.78	-0.007090732345125715
2804	917.03	-0.008082365913275602
2805	917.27	-0.007764154281849851
2806	917.52	-0.007622456763837285
2807	917.77	-0.007614528078217796
2808	918.01	-0.008042741520408278
2809	918.26	-0.007955462007418396
2810	918.5	-0.007673383074612919
2811	918.75	-0.007119788348976301
2812	919.0	-0.0071061863789783145
2813	919.24	-0.006496921630714997
2814	919.49	-0.0066475582500746255
2815	919.73	-0.006875179399987573
2816	919.98	-0.007930257529865821
2817	920.22	-0.00793181048662521
2818	920.47	-0.007933334456832523
2819	920.72	-0.007213386522959393
2820	920.96	-0.007540916048327177
2821	921.21	-0.007097055971088985
2822	921.45	-0.007780475099260824
2823	921.7	-0.007581741160067726
2824	921.94	-0.008347785965337112
2825	922.19	-0.007899043968806634
2826	922.43	-0.008025485197941537
2827	922.68	-0.007739872274179431
2828	922.93	-0.008220013522463293
2829	923.17	-0.007644004928078922
2830	923.42	-0.007456995694250311
2831	923.66	-0.007012153249876772
2832	923.91	-0.007684352163765604
2833	924.15	-0.007999981845246903
2834	924.4	-0.009045751803667554
2835	924.64	-0.008738365913289137
2836	924.89	-0.0091883142016079
2837	925.14	-0.00900297529118084
2838	925.38	-0.0096493999726903
2839	925.63	-0.010389647192172904
2840	925.87	-0.011623025575454728
2841	926.12	-0.013297228988714785
2842	926.36	-0.014095354038457103
2843	926.61	-0.013670246690686595
2844	926.85	-0.01565165612477995
2845	927.1	-0.014117760968066509
2846	927.35	-0.01321093392729436
2847	927.59	-0.010027675197443596
2848	927.84	-0.009837664384582764
2849	928.08	-0.009458418830533069
2850	928.33	-0.008888346528214686
2851	928.57	-0.008207897947808532
2852	928.82	-0.00830399123358034
2853	929.06	-0.0079650821862206
2854	929.31	-0.008033632096297962
2855	929.55	-0.00782974697768607
2856	929.8	-0.009183053693036389
2857	930.04	-0.009372240352107222
2858	930.29	-0.009606628112463877
2859	930.54	-0.00800340254036791
2860	930.78	-0.008019974391942228
2861	931.03	-0.007076686623280558
2862	931.27	-0.007719157677650905
2863	931.52	-0.007496244838140785
2864	931.76	-0.007846367298604877
2865	932.01	-0.006924626613147342
2866	932.25	-0.007102440613725926
2867	932.5	-0.007265124340610621
2868	932.74	-0.007974065682998424
2869	932.99	-0.008198762696547304
2870	933.23	-0.007825678665112516
2871	933.48	-0.00763526275119665
2872	933.72	-0.007743685031105146
2873	933.97	-0.0076364241980066555
2874	934.21	-0.008147576644822345
2875	934.46	-0.008305490351387418
2876	934.7	-0.009043133095220722
2877	934.95	-0.008060250491495662
2878	935.19	-0.007180875961341211
2879	935.44	-0.007098507656695063
2880	935.68	-0.007717262861468753
2881	935.93	-0.008190931173451016
2882	936.18	-0.008227222877280858
2883	936.42	-0.008145582501959042
2884	936.67	-0.008646209161913193
2885	936.91	-0.009030320863647488
2886	937.16	-0.010170589350999959
2887	937.4	-0.009819796804598553
2888	937.65	-0.010302146390819528
2889	937.89	-0.009683681359502844
2890	938.14	-0.011298825967021489
2891	938.38	-0.012596575094131326
2892	938.63	-0.016089295868449427
2893	938.87	-0.017419191891382572
2894	939.12	-0.0180352797743263
2895	939.36	-0.01796580305776252
2896	939.61	-0.01711095917021501
2897	939.85	-0.015709364284178663
2898	940.1	-0.0128966280208299
2899	940.34	-0.011619804775179515
2900	940.59	-0.01112473791378707
2901	940.83	-0.010026260589111623
2902	941.08	-0.010032903920707922
2903	941.32	-0.009454905676298808
2904	941.57	-0.01004813985417237
2905	941.81	-0.009202225672484347
2906	942.06	-0.009190974819368404
2907	942.3	-0.008951125684911965
2908	942.55	-0.009138369644921679
2909	942.79	-0.007919951195167696
2910	943.03	-0.007880894672893123
2911	943.28	-0.008081105358509227
2912	943.52	-0.009548728198960625
2913	943.77	-0.009090745279096521
2914	944.01	-0.009214475699429812
2915	944.26	-0.008382214266376857
2916	944.5	-0.008518948916634426
2917	944.75	-0.008332543684398487
2918	944.99	-0.009483495206384814
2919	945.24	-0.00994300623372376
2920	945.48	-0.01092756891406365
2921	945.73	-0.011901652236248714
2922	945.97	-0.011871756026052296
2923	946.22	-0.010569040733818112
2924	946.46	-0.00938474003382761
2925	946.71	-0.009393831603889888
2926	946.95	-0.009766591091420695
2927	947.2	-0.009114040561645533
2928	947.44	-0.008996147504240132
2929	947.69	-0.009137246991020462
2930	947.93	-0.00894883237263238
2931	948.17	-0.008578024296058126
2932	948.42	-0.008231222079039105
2933	948.66	-0.008498762221717207
2934	948.91	-0.008846169723810332
2935	949.15	-0.008456170381208238
2936	949.4	-0.00841696447606391
2937	949.64	-0.00868167443027363
2938	949.89	-0.009522691801899116
2939	950.13	-0.009346658118078902
2940	950.38	-0.00969876714783173
2941	950.62	-0.009265997256008657
2942	950.87	-0.009668807276053973
2943	951.11	-0.0094513287297074
2944	951.35	-0.009545899012927864
2945	951.6	-0.009929634635997511
2946	951.84	-0.009673568778607776
2947	952.09	-0.009229800687390335
2948	952.33	-0.008723326525190471
2949	952.58	-0.008920444429490353
2950	952.82	-0.009075243898900444
2951	953.07	-0.008810007485821648
2952	953.31	-0.008822124491014487
2953	953.56	-0.008948768411667349
2954	953.8	-0.00950309928093375
2955	954.04	-0.008446659171847781
2956	954.29	-0.008195583903808382
2957	954.53	-0.0075087643551721775
2958	954.78	-0.008410865790443513
2959	955.02	-0.007786601635267135
2960	955.27	-0.008188128325485239
2961	955.51	-0.007892285406151944
2962	955.76	-0.008595126665103897
2963	956.0	-0.008268953589986049
2964	956.24	-0.008248859376685805
2965	956.49	-0.00860243280429817
2966	956.73	-0.008964226383556921
2967	956.98	-0.009047298000196054
2968	957.22	-0.009190132286327209
2969	957.47	-0.009165040205337281
2970	957.71	-0.008863077631924426
2971	957.95	-0.00856431268731335
2972	958.2	-0.008446768728813732
2973	958.44	-0.007866590609907846
2974	958.69	-0.008042336784173675
2975	958.93	-0.00832557113310143
2976	959.18	-0.009062298921421796
2977	959.42	-0.00906514829529266
2978	959.66	-0.008495518751635234
2979	959.91	-0.007895086195213855
2980	960.15	-0.00791486320527051
2981	960.4	-0.008199314961185498
2982	960.64	-0.008765267526524678
2983	960.89	-0.008373618585766462
2984	961.13	-0.011903890404712764
2985	961.37	-0.011657955003647927
2986	961.62	-0.011965821963254172
2987	961.86	-0.008394497541792521
2988	962.11	-0.009084876123766752
2989	962.35	-0.008286162229863066
2990	962.59	-0.008334151143281524
2991	962.84	-0.007175582498573731
2992	963.08	-0.007981508153616507
2993	963.33	-0.007548602159304793
2994	963.57	-0.008026700666590302
2995	963.81	-0.007660207101597684
2996	964.06	-0.008243907360486705
2997	964.3	-0.008871488198095759
2998	964.55	-0.008644600983697383
2999	964.79	-0.008365021748471417
