300	274.84	-0.02548403415802559
301	275.1	-0.025952301818691077
302	275.37	-0.0257030165123861
303	275.64	-0.023712001369929955
304	275.9	-0.021899956453023037
305	276.17	-0.021385578655638914
306	276.43	-0.022546040616237967
307	276.7	-0.022445128467676725
308	276.97	-0.022537429731874413
309	277.23	-0.023248809211542865
310	277.5	-0.023672330281438704
311	277.77	-0.022719591146424776
312	278.03	-0.019443202505512028
313	278.3	-0.020355965689154664
314	278.57	-0.02021675671877263
315	278.83	-0.021415569130442787
316	279.1	-0.022057590548829442
317	279.37	-0.02195315098308028
318	279.63	-0.022147908614758786
319	279.9	-0.023494981764943
320	280.16	-0.025775541010741768
321	280.43	-0.027015276664711985
322	280.7	-0.025096571635033094
323	280.96	-0.026427406326766746
324	281.23	-0.025941808407388744
325	281.5	-0.02535498655885638
326	281.76	-0.02327458932257835
327	282.03	-0.023634013672357353
328	282.29	-0.02488017385981265
329	282.56	-0.025222435112762683
330	282.83	-0.02399307338015757
331	283.09	-0.022074285052889168
332	283.36	-0.022263006403335825
333	283.63	-0.02284326629976301
334	283.89	-0.024014920881727395
335	284.16	-0.02438656025218114
336	284.42	-0.024632592651053276
337	284.69	-0.024571174827251477
338	284.96	-0.02359905792529591
339	285.22	-0.02314204567152795
340	285.49	-0.023470113146654127
341	285.76	-0.02431951088209714
342	286.02	-0.026643653045954972
343	286.29	-0.02765843909464319
344	286.55	-0.027271738665321642
345	286.82	-0.02470187654481904
346	287.09	-0.02264250937021656
347	287.35	-0.023704050868967444
348	287.62	-0.02328986296336562
349	287.88	-0.02417304804966388
350	288.15	-0.021481573612962178
351	288.42	-0.02111893136291632
352	288.68	-0.022481018679276505
353	288.95	-0.02399239281218437
354	289.22	-0.025455414083721276
355	289.48	-0.024798895374107607
356	289.75	-0.024746745412373622
357	290.01	-0.024742576717405478
358	290.28	-0.022678304064551902
359	290.55	-0.023628910662238316
360	290.81	-0.022024212394048545
361	291.08	-0.023798832364203153
362	291.34	-0.024281545746211268
363	291.61	-0.02640378765038731
364	291.88	-0.026025104381975167
365	292.14	-0.023849208772520267
366	292.41	-0.022816158308060865
367	292.67	-0.02501554425042983
368	292.94	-0.026783424319565693
369	293.21	-0.027143449388582187
370	293.47	-0.025509975824649145
371	293.74	-0.02610337543504819
372	294.0	-0.02414417406703273
373	294.27	-0.02248829939929584
374	294.54	-0.0202945548493745
375	294.8	-0.021967806038648688
376	295.07	-0.02413469935872284
377	295.33	-0.023261677116293296
378	295.6	-0.023528094036039268
379	295.86	-0.02234181957506539
380	296.13	-0.022504640887677743
381	296.4	-0.020705006389023384
382	296.66	-0.02099367824628348
383	296.93	-0.024655663800122928
384	297.19	-0.026407388731549263
385	297.46	-0.025712462532771374
386	297.73	-0.023252045658969815
387	297.99	-0.02219798812777811
388	298.26	-0.020494647977972305
389	298.52	-0.01832316654653017
390	298.79	-0.018126759493651362
391	299.05	-0.01685236716804966
392	299.32	-0.019730713151747688
393	299.59	-0.021262005157190858
394	299.85	-0.02304901513986026
395	300.12	-0.021117769234178803
396	300.38	-0.01867934204444565
397	300.65	-0.017315001794869334
398	300.92	-0.0174613600548889
399	301.18	-0.017182966314255317
400	301.45	-0.01896584307775135
401	301.71	-0.01676209034184177
402	301.98	-0.01784671494186857
403	302.24	-0.01821138895983665
404	302.51	-0.0195094983926268
405	302.78	-0.018836963738961494
406	303.04	-0.017031048042735197
407	303.31	-0.016994499915712592
408	303.57	-0.01716433656820167
409	303.84	-0.016208280109474567
410	304.1	-0.014497082700536915
411	304.37	-0.013254099403036443
412	304.63	-0.013967833623805659
413	304.9	-0.015227053869041551
414	305.17	-0.015623383267241886
415	305.43	-0.014017995675165526
416	305.7	-0.01434781179017116
417	305.96	-0.013381110297404991
418	306.23	-0.012980799058450912
419	306.49	-0.01181496799149824
420	306.76	-0.011208591226742524
421	307.03	-0.01149621327178229
422	307.29	-0.010237915530634661
423	307.56	-0.010674505425986212
424	307.82	-0.010890591644925153
425	308.09	-0.010984703810987012
426	308.35	-0.009859353649915532
427	308.62	-0.009937939716367639
428	308.88	-0.008422231156106977
429	309.15	-0.008791462711152463
430	309.42	-0.007434911383799064
431	309.68	-0.007272433717571691
432	309.95	-0.005755633641377211
433	310.21	-0.0037618918122066317
434	310.48	-0.00329605488382239
435	310.74	-0.0029357755009236652
436	311.01	-0.004572713920824069
437	311.27	-0.0028884555866727363
438	311.54	-0.0015017108044442784
439	311.8	6.54423109639965e-05
440	312.07	-0.002575891035058439
441	312.34	-0.0038313450016850548
442	312.6	-0.0020174354238207265
443	312.87	-0.0010371467548479715
444	313.13	-0.0018237232232598335
445	313.4	-0.0024131010959966143
446	313.66	-0.002848448686850802
447	313.93	-0.001028363669009942
448	314.19	-0.003656718108789453
449	314.46	-0.002353626254313304
450	314.72	-0.0032988043140379855
451	314.99	-0.002046453541624964
452	315.25	-0.0015995313219303864
453	315.52	-4.889943886084852e-05
454	315.78	0.0003762794975230091
455	316.05	0.00036663972160871916
456	316.32	-0.0008193927483313573
457	316.58	-0.0008068599983751534
458	316.85	-0.0026976654617884427
459	317.11	-0.0024379875053426384
460	317.38	-0.0018158271974825085
461	317.64	-0.0007025504730588938
462	317.91	5.781056683347441e-05
463	318.17	-7.924776416632501e-05
464	318.44	0.00024731677843663896
465	318.7	0.0011953391162243324
466	318.97	0.0004652423047879842
467	319.23	-0.0011799998329128855
468	319.5	-0.0017376140366812814
469	319.76	-0.0002952005451302489
470	320.03	0.002917435580511378
471	320.29	0.002648245774760548
472	320.56	0.0024212273350244437
473	320.82	0.0013752574359412115
474	321.09	0.0018273038888063156
475	321.36	0.0008886196485840409
476	321.62	0.002305930188229964
477	321.89	0.0040935395124106905
478	322.15	0.006897240743262943
479	322.42	0.008207957522604135
480	322.68	0.007785534193414774
481	322.95	0.007308766267474356
482	323.21	0.007450239867199948
483	323.48	0.0110129078365504
484	323.74	0.014668542429927996
485	324.01	0.01810404557136517
486	324.27	0.022334412379453272
487	324.54	0.02654739833982008
488	324.8	0.03135686533309728
489	325.07	0.035588753006370384
490	325.33	0.03956475576484537
491	325.6	0.04193056913233578
492	325.86	0.03864781002090381
493	326.13	0.03422672141307863
494	326.39	0.02843133839310478
495	326.66	0.026508136246614952
496	326.92	0.025928295875964062
497	327.19	0.028393721785102577
498	327.45	0.032834491235949954
499	327.72	0.03825771983733156
500	327.98	0.042883750675546776
501	328.25	0.04217504597346151
502	328.51	0.0403882442974674
503	328.78	0.03608097255692484
504	329.04	0.033122920495460735
505	329.31	0.030719997513838457
506	329.57	0.029930728326937814
507	329.84	0.029052330505918822
508	330.1	0.026779765693554884
509	330.37	0.02399605899119866
510	330.63	0.024252639037338944
511	330.9	0.025545956527657274
512	331.16	0.02684788820180551
513	331.43	0.027387250304407362
514	331.69	0.026057048945562183
515	331.96	0.024527200441034125
516	332.22	0.022671975821686965
517	332.49	0.02087118781258275
518	332.75	0.020285323589778845
519	333.01	0.020495561023329056
520	333.28	0.021154327819112383
521	333.54	0.02180207892711611
522	333.81	0.01948975255210532
523	334.07	0.01944134100744639
524	334.34	0.02037050430005738
525	334.6	0.02139099202698002
526	334.87	0.020802273407381278
527	335.13	0.017975357786475923
528	335.4	0.019399280847230346
529	335.66	0.020723595894141772
530	335.93	0.023135854173887194
531	336.19	0.02314885554837983
532	336.46	0.023290958071270018
533	336.72	0.025401874085959626
534	336.99	0.026256211141643462
535	337.25	0.026751114533174192
536	337.52	0.02544791961385348
537	337.78	0.024171553763609924
538	338.05	0.025522647423117634
539	338.31	0.025161842185044914
540	338.57	0.02536862530219461
541	338.84	0.026119397250111198
542	339.1	0.026407983770421375
543	339.37	0.027494890097447454
544	339.63	0.026137791876169214
545	339.9	0.02588668234427055
546	340.16	0.026588969615345473
547	340.43	0.027605255372014748
548	340.69	0.027557564611478874
549	340.96	0.02900316137029084
550	341.22	0.027993772758580213
551	341.49	0.028704677256411598
552	341.75	0.02780455515147233
553	342.01	0.029196970825094655
554	342.28	0.03056098357729435
555	342.54	0.029689793736325812
556	342.81	0.030373410398931766
557	343.07	0.03216871989444485
558	343.34	0.0371567809959588
559	343.6	0.040092530896213924
560	343.87	0.04472553940615613
561	344.13	0.04590580379713977
562	344.4	0.04640647916046729
563	344.66	0.047008526831599215
564	344.92	0.04725886533942286
565	345.19	0.05201073359351345
566	345.45	0.05404418099793981
567	345.72	0.05564127227392632
568	345.98	0.054370983487768976
569	346.25	0.05292302026310766
570	346.51	0.05204854943349714
571	346.78	0.0516914137284305
572	347.04	0.05049403879452391
573	347.3	0.05243121761735681
574	347.57	0.05279782740911007
575	347.83	0.05504723072411283
576	348.1	0.05532569008936
577	348.36	0.05540765317860204
578	348.63	0.05416349487817984
579	348.89	0.054469159115212024
580	349.15	0.05449041260585358
581	349.42	0.05577873194279463
582	349.68	0.056123758562418705
583	349.95	0.05666478747996641
584	350.21	0.0557287477305109
585	350.48	0.05508176230311862
586	350.74	0.05518091176021725
587	351.01	0.057216034991581705
588	351.27	0.05891622661382387
589	351.53	0.061119377417064955
590	351.8	0.06332678642902066
591	352.06	0.06411572943820612
592	352.33	0.06566173140348168
593	352.59	0.06710269028784623
594	352.86	0.06828700371132183
595	353.12	0.06762197629624328
596	353.38	0.06295302291011765
597	353.65	0.06266352246863266
598	353.91	0.061127180656387975
599	354.18	0.05942648028209714
600	354.44	0.052737924485406484
601	354.7	0.051793199499309744
602	354.97	0.05334908776712134
603	355.23	0.055259846938117044
604	355.5	0.05529640685573578
605	355.76	0.05406316474518362
606	356.03	0.05505509209687874
607	356.29	0.052462979983523214
608	356.55	0.05261279411104133
609	356.82	0.052519208594315664
610	357.08	0.054417116242124725
611	357.35	0.0548525651576989
612	357.61	0.05330665536752538
613	357.87	0.05308632213245722
614	358.14	0.054648532226209925
615	358.4	0.05836598418269666
616	358.67	0.06007934343536367
617	358.93	0.06235265032982637
618	359.2	0.06382488062251186
619	359.46	0.0668345763330184
620	359.72	0.06937828200798635
621	359.99	0.07274682466321894
622	360.25	0.07390873124211558
623	360.52	0.07542120574846434
624	360.78	0.07452855602479423
625	361.04	0.07412453147484693
626	361.31	0.07363831454117126
627	361.57	0.07481948529547862
628	361.84	0.07424935828979184
629	362.1	0.07292302692427308
630	362.36	0.07154678362447456
631	362.63	0.07024771779068767
632	362.89	0.06890584709675933
633	363.16	0.06643846926843425
634	363.42	0.0644524833305185
635	363.68	0.06302374316314566
636	363.95	0.06136978722247807
637	364.21	0.06273417945879485
638	364.47	0.061105845258105834
639	364.74	0.061119685819091746
640	365.0	0.05981722066411915
641	365.27	0.062100137268845335
642	365.53	0.06180814028106704
643	365.79	0.060649287298060794
644	366.06	0.05797183663516112
645	366.32	0.05647462550148043
646	366.59	0.05936724768603574
647	366.85	0.059742906058243866
648	367.11	0.0608420675071593
649	367.38	0.05758753369108488
650	367.64	0.056601510336061145
651	367.91	0.05592597966351487
652	368.17	0.05754687683249354
653	368.43	0.05921057095673295
654	368.7	0.058490442457527866
655	368.96	0.058687358031851586
656	369.22	0.0562482528751124
657	369.49	0.05667939909418496
658	369.75	0.0558129585942672
659	370.02	0.05508423065575577
660	370.28	0.054564238748992036
661	370.54	0.05238472029130967
662	370.81	0.05333660273624735
663	371.07	0.05351923558885126
664	371.33	0.04932503208484185
665	371.6	0.051080565467219716
666	371.86	0.0507105912347498
667	372.13	0.05403968649431874
668	372.39	0.05199984944595311
669	372.65	0.050600060282716505
670	372.92	0.05094159846786597
671	373.18	0.04882754201989191
672	373.44	0.05054099928605087
673	373.71	0.05278611827917307
674	373.97	0.05574562006586395
675	374.23	0.05493314195711896
676	374.5	0.050960438974126374
677	374.76	0.04967793196275763
678	375.03	0.04858592409826841
679	375.29	0.049032167182634714
680	375.55	0.047733774055097294
681	375.82	0.04840802718852255
682	376.08	0.04891059677955298
683	376.34	0.046236993015008984
684	376.61	0.04718039026982651
685	376.87	0.04867143083326769
686	377.13	0.05340535074345101
687	377.4	0.052742621949093224
688	377.66	0.04982057596267561
689	377.92	0.046817665458749574
690	378.19	0.04443437332766069
691	378.45	0.04386777981454704
692	378.72	0.046176509710664254
693	378.98	0.04709389972916331
694	379.24	0.05034686773225264
695	379.51	0.05039840586023396
696	379.77	0.05229676077773329
697	380.03	0.055610769176266145
698	380.3	0.05356029720749553
699	380.56	0.053801286677729265
700	380.82	0.05027532416602723
701	381.09	0.05248162903996485
702	381.35	0.05080352441409877
703	381.61	0.05235554373262208
704	381.88	0.0509884495101173
705	382.14	0.05108508170965696
706	382.4	0.049091293885502124
707	382.67	0.05053417483641334
708	382.93	0.05244342347553302
709	383.19	0.054486446768238606
710	383.46	0.05408723954922137
711	383.72	0.05246826815801406
712	383.98	0.052403670314644976
713	384.25	0.05067472046338094
714	384.51	0.050241008975556306
715	384.77	0.049765246592068824
716	385.04	0.05018292032098251
717	385.3	0.052318009468464266
718	385.56	0.05070730786684273
719	385.83	0.0497471971866453
720	386.09	0.04853679739466854
721	386.35	0.04940787554472208
722	386.62	0.05163356928325702
723	386.88	0.05094294902867444
724	387.14	0.050674171525458944
725	387.41	0.0514840498900771
726	387.67	0.05110652362922338
727	387.93	0.05121590278268209
728	388.2	0.05115772647256761
729	388.46	0.05256476253698525
730	388.72	0.052708961189159256
731	388.99	0.05283508183115315
732	389.25	0.05320936599160955
733	389.51	0.0547590869686425
734	389.78	0.05486314039642304
735	390.04	0.054290253437813296
736	390.3	0.05310393653702847
737	390.56	0.05352928610730118
738	390.83	0.054821296669389646
739	391.09	0.054106639774678195
740	391.35	0.05351085196673855
741	391.62	0.051827503440128
742	391.88	0.05124987839260832
743	392.14	0.04935245282559317
744	392.41	0.04865946204644593
745	392.67	0.05093364595003676
746	392.93	0.05165706469067523
747	393.2	0.05470167233848888
748	393.46	0.0542055164939135
749	393.72	0.056569290116822754
750	393.99	0.056651993682518664
751	394.25	0.055111383346765144
752	394.51	0.05501300009382551
753	394.77	0.051959222108801745
754	395.04	0.052843412732455144
755	395.3	0.05074125916216429
756	395.56	0.05110860773340392
757	395.83	0.05162394685329451
758	396.09	0.05267379109541151
759	396.35	0.052519768962726796
760	396.62	0.05457641096994564
761	396.88	0.053608588949442953
762	397.14	0.05737251067680341
763	397.4	0.05307526010829797
764	397.67	0.05398228001983013
765	397.93	0.05377840482601312
766	398.19	0.05666949122007711
767	398.46	0.05730623525812792
768	398.72	0.05710028747352325
769	398.98	0.05774212762083952
770	399.24	0.058432389173887794
771	399.51	0.0584422335006049
772	399.77	0.05778693300519552
773	400.03	0.057055186134076175
774	400.3	0.055723877495838736
775	400.56	0.051835222337626524
776	400.82	0.053938051661072295
777	401.08	0.0579374449799582
778	401.35	0.06327891699196808
779	401.61	0.06258410525178029
780	401.87	0.06299516638466132
781	402.14	0.0625072588881396
782	402.4	0.06263194082403123
783	402.66	0.061102970977805066
784	402.92	0.06448491497545547
785	403.19	0.06522945139015321
786	403.45	0.061891625615050655
787	403.71	0.05749342671073396
788	403.98	0.054811984809538444
789	404.24	0.05504476141890305
790	404.5	0.05570465271843125
791	404.76	0.05578878365140266
792	405.03	0.05727882725576544
793	405.29	0.05789965439080702
794	405.55	0.061702566374362916
795	405.81	0.06269754314163384
796	406.08	0.06614073487589622
797	406.34	0.06717088195344378
798	406.6	0.07113153898252583
799	406.87	0.07257194033578399
800	407.13	0.0724909881776426
801	407.39	0.06996412085443332
802	407.65	0.06538126287226248
803	407.92	0.061475159368229976
804	408.18	0.05857440045475776
805	408.44	0.05638887712430729
806	408.7	0.0550181723014993
807	408.97	0.05252827302525451
808	409.23	0.05093439125601981
809	409.49	0.04997575467103357
810	409.75	0.05031921571374581
811	410.02	0.04992685197552374
812	410.28	0.049597424497860226
813	410.54	0.04835895590346065
814	410.8	0.04819235061611163
815	411.07	0.04768200038699685
816	411.33	0.047569643779871024
817	411.59	0.05058724037098411
818	411.85	0.04954624125237819
819	412.12	0.0490103513556816
820	412.38	0.04761059478609056
821	412.64	0.05077306823874908
822	412.9	0.05409475711582254
823	413.17	0.05432628002694426
824	413.43	0.05394551048051144
825	413.69	0.05149734614253981
826	413.95	0.05127365744698004
827	414.22	0.05055580270673099
828	414.48	0.05398677611770622
829	414.74	0.05590599633361032
830	415.0	0.05648717334084129
831	415.27	0.055364034915960494
832	415.53	0.0522167014217971
833	415.79	0.05195922364350131
834	416.05	0.05032324643941588
835	416.32	0.0506103908765482
836	416.58	0.047897638803993225
837	416.84	0.04724280456275681
838	417.1	0.048956302292528786
839	417.37	0.0502422045114492
840	417.63	0.050128500725030445
841	417.89	0.047994732258125866
842	418.15	0.04936643784302072
843	418.41	0.051263378956193456
844	418.68	0.05183967985427668
845	418.94	0.04967250285946073
846	419.2	0.048387098751800334
847	419.46	0.04509758935824687
848	419.73	0.04431061300461686
849	419.99	0.04247958116769668
850	420.25	0.04444766287893914
851	420.51	0.04061729131601144
852	420.78	0.04081537404644092
853	421.04	0.0429742079701009
854	421.3	0.05032834348908491
855	421.56	0.0504877491220993
856	421.82	0.04939982098561985
857	422.09	0.04653434587550748
858	422.35	0.04777753094474588
859	422.61	0.04754143769330779
860	422.87	0.03983447163734402
861	423.14	0.042615660187951654
862	423.4	0.04311557453609852
863	423.66	0.05355489379189271
864	423.92	0.04999251159156318
865	424.18	0.04996947068263499
866	424.45	0.05046669913868351
867	424.71	0.05251259203122988
868	424.97	0.053424624372034185
869	425.23	0.055731048856414445
870	425.49	0.05894256765885619
871	425.76	0.060828591814294175
872	426.02	0.06120226011719582
873	426.28	0.06330111417881507
874	426.54	0.06650344048327658
875	426.81	0.06890162536108124
876	427.07	0.07059577713515652
877	427.33	0.07335801687076213
878	427.59	0.07581411601291829
879	427.85	0.08000186058697104
880	428.12	0.08252037153576133
881	428.38	0.08144903502474946
882	428.64	0.07596227609696224
883	428.9	0.06949082600609416
884	429.16	0.06476969300629382
885	429.43	0.062193438856119734
886	429.69	0.060605291678006296
887	429.95	0.059344107005973784
888	430.21	0.05651366642095104
889	430.47	0.05349079649330965
890	430.74	0.05385723754068608
891	431.0	0.0549410517048457
892	431.26	0.058557199186894934
893	431.52	0.05862519352107312
894	431.78	0.057547629114254456
895	432.05	0.054116380476971176
896	432.31	0.05007549435245057
897	432.57	0.05087336392415889
898	432.83	0.052740462126549176
899	433.09	0.054898577943929217
900	433.35	0.054982885884949595
901	433.62	0.0558408392617063
902	433.88	0.05738605112192831
903	434.14	0.05728160944189448
904	434.4	0.057723256643001014
905	434.66	0.05712426079272162
906	434.93	0.05711524129899376
907	435.19	0.055179045927670145
908	435.45	0.05471696475009005
909	435.71	0.05124131112081787
910	435.97	0.05139879327464622
911	436.23	0.05285312103762599
912	436.5	0.05683720742043388
913	436.76	0.059365699363095215
914	437.02	0.060408831180638806
915	437.28	0.06285603503889287
916	437.54	0.061742639572852226
917	437.81	0.06299608447587968
918	438.07	0.06402967869640766
919	438.33	0.0672950548140665
920	438.59	0.06981776067064639
921	438.85	0.06797422983907381
922	439.11	0.06616380707317973
923	439.38	0.060391052392130135
924	439.64	0.059874137152614915
925	439.9	0.05766490024190002
926	440.16	0.059216042700682675
927	440.42	0.05913464785511385
928	440.68	0.05851069169544107
929	440.95	0.058588248283632405
930	441.21	0.056635621110548595
931	441.47	0.05499435000341993
932	441.73	0.05440344326105093
933	441.99	0.05414175739442051
934	442.25	0.05515317932163344
935	442.52	0.05307575594346636
936	442.78	0.05271365234007169
937	443.04	0.05207924877584255
938	443.3	0.05190710253130204
939	443.56	0.04990603019588122
940	443.82	0.04903534064047377
941	444.08	0.047727343834440106
942	444.35	0.048743956407307304
943	444.61	0.04876193073101953
944	444.87	0.05096513043139966
945	445.13	0.04854707518361309
946	445.39	0.0491398992353142
947	445.65	0.047433647198390105
948	445.92	0.05262239670777988
949	446.18	0.05304231111022381
950	446.44	0.054079668876599235
951	446.7	0.05202682704489811
952	446.96	0.05170957476592508
953	447.22	0.050993033989700176
954	447.48	0.051053819890106905
955	447.75	0.051066987445607476
956	448.01	0.05155127343207788
957	448.27	0.05433979677196277
958	448.53	0.05682451877249678
959	448.79	0.05803796007831466
960	449.05	0.05735837954224923
961	449.31	0.05868520626357568
962	449.58	0.061297183790951226
963	449.84	0.06368080703617274
964	450.1	0.06366531369181863
965	450.36	0.06660493340730239
966	450.62	0.06768012128955633
967	450.88	0.07021484783947965
968	451.14	0.07229367264781328
969	451.41	0.0763412155605248
970	451.67	0.07795426039188136
971	451.93	0.0742717553567162
972	452.19	0.06809419511072812
973	452.45	0.0638600859798441
974	452.71	0.06440389751194184
975	452.97	0.06865504615099124
976	453.23	0.06959076303710568
977	453.5	0.07161359558761793
978	453.76	0.07165768388926572
979	454.02	0.07422051727679663
980	454.28	0.07392662274694131
981	454.54	0.074296792045986
982	454.8	0.07245858519996698
983	455.06	0.07009714481856164
984	455.32	0.06620110774694374
985	455.59	0.06562344760242614
986	455.85	0.06424561937531686
987	456.11	0.06464228600258506
988	456.37	0.06319545013205072
989	456.63	0.06372768117293375
990	456.89	0.06316710624492453
991	457.15	0.06308621263244538
992	457.41	0.0666085960143516
993	457.68	0.06981766734925476
994	457.94	0.0757111717540419
995	458.2	0.07768829906087743
996	458.46	0.07951980126912261
997	458.72	0.08075157156860213
998	458.98	0.08402816666871632
999	459.24	0.08833914713798924
1000	459.5	0.08822953353597912
1001	459.76	0.08425585852301112
1002	460.03	0.08026599849098337
1003	460.29	0.07528470713961014
1004	460.55	0.07093984539961862
1005	460.81	0.06598402070524365
1006	461.07	0.06462397034578399
1007	461.33	0.06248674455048672
1008	461.59	0.05961427470192582
1009	461.85	0.06054792539966203
1010	462.11	0.061650776880299296
1011	462.37	0.06286355475932862
1012	462.64	0.06092789763270792
1013	462.9	0.061158868748400624
1014	463.16	0.06323297732621252
1015	463.42	0.06351954620001005
1016	463.68	0.06627926891773706
1017	463.94	0.07161205899969697
1018	464.2	0.08005597629504166
1019	464.46	0.08732712485994329
1020	464.72	0.09160285605300375
1021	464.98	0.09565715947130829
1022	465.24	0.09903207278645848
1023	465.51	0.10777218583529818
1024	465.77	0.11599357007667704
1025	466.03	0.11827115585769757
1026	466.29	0.10896154352310017
1027	466.55	0.09961319077330325
1028	466.81	0.09353372416506853
1029	467.07	0.09239766730913002
1030	467.33	0.09053790877436974
1031	467.59	0.08726292902137159
1032	467.85	0.08767742705061002
1033	468.11	0.08774387349224222
1034	468.38	0.09027834013532937
1035	468.64	0.08681243708694067
1036	468.9	0.08660473485963777
1037	469.16	0.08548183961097247
1038	469.42	0.08790120920518715
1039	469.68	0.08798731216699304
1040	469.94	0.08703260794715531
1041	470.2	0.08670408831259638
1042	470.46	0.08731430410574018
1043	470.72	0.08886559649029205
1044	470.98	0.09060584815760897
1045	471.24	0.08811043907692956
1046	471.5	0.08547468493583324
1047	471.77	0.08038779904736679
1048	472.03	0.07823489638344075
1049	472.29	0.07900629961492617
1050	472.55	0.07797697583964726
1051	472.81	0.07652344512258566
1052	473.07	0.07514371539275982
1053	473.33	0.07774317983074272
1054	473.59	0.07787544271235212
1055	473.85	0.07758147093982606
1056	474.11	0.07704843385279422
1057	474.37	0.07871191828040949
1058	474.63	0.08005361658856269
1059	474.89	0.07825480247001666
1060	475.15	0.07740558830154431
1061	475.41	0.07613539313137771
1062	475.68	0.07898109310129844
1063	475.94	0.08336759778922273
1064	476.2	0.08674297026468689
1065	476.46	0.08825897158975185
1066	476.72	0.08950826207685195
1067	476.98	0.09044334379502364
1068	477.24	0.09302610312667847
1069	477.5	0.09414125909033619
1070	477.76	0.0965895747208744
1071	478.02	0.09798086405930465
1072	478.28	0.09875938865109421
1073	478.54	0.0996823825817989
1074	478.8	0.10018277462453926
1075	479.06	0.10081228446156348
1076	479.32	0.09904554519456821
1077	479.58	0.10110825085277284
1078	479.84	0.10578628916784155
1079	480.1	0.11153811527271285
1080	480.36	0.11130140790069853
1081	480.63	0.10725201564186479
1082	480.89	0.10601992655776493
1083	481.15	0.10361674329050971
1084	481.41	0.10523277266893141
1085	481.67	0.10475033044275434
1086	481.93	0.10826487510954277
1087	482.19	0.10999097169427499
1088	482.45	0.11145355275858543
1089	482.71	0.11318246657911185
1090	482.97	0.1143185661623354
1091	483.23	0.11549888206828476
1092	483.49	0.11680247074612665
1093	483.75	0.1166471152163118
1094	484.01	0.11772983133274631
1095	484.27	0.11929362359789639
1096	484.53	0.12084584364772652
1097	484.79	0.11681458002030981
1098	485.05	0.11770515158736886
1099	485.31	0.12041665039390576
1100	485.57	0.1299273626125239
1101	485.83	0.13264055410841413
1102	486.09	0.13689931320074336
1103	486.35	0.139163200216236
1104	486.61	0.14314490254375845
1105	486.87	0.14666747816186287
1106	487.13	0.1483044525764688
1107	487.39	0.14977066001278466
1108	487.65	0.1461859742103574
1109	487.91	0.1466046750989411
1110	488.17	0.14797533174579974
1111	488.43	0.1542864937936549
1112	488.7	0.15656240884576486
1113	488.96	0.1589490648889252
1114	489.22	0.1617583452569043
1115	489.48	0.16760258227289115
1116	489.74	0.17127377367825586
1117	490.0	0.17422125059331592
1118	490.26	0.17866304738813388
1119	490.52	0.18021691698586118
1120	490.78	0.18588809511114648
1121	491.04	0.18917462408303048
1122	491.3	0.1972447597193582
1123	491.56	0.20056672347571003
1124	491.82	0.20578344854105526
1125	492.08	0.21127588119571078
1126	492.34	0.21483898117529593
1127	492.6	0.21784444218427781
1128	492.86	0.22089148193746222
1129	493.12	0.2230340024590472
1130	493.38	0.22197270632572064
1131	493.64	0.21861509898134768
1132	493.9	0.21987023133297748
1133	494.16	0.2248171955062992
1134	494.42	0.2280251778014906
1135	494.68	0.2289571033229193
1136	494.94	0.22681860790828942
1137	495.2	0.22505142508792642
1138	495.46	0.22719978126927387
1139	495.72	0.22954468507173806
1140	495.98	0.23375670322560085
1141	496.24	0.23636419802504371
1142	496.5	0.2370662736350583
1143	496.76	0.23547930020688557
1144	497.02	0.23184743503065722
1145	497.28	0.23017488693252466
1146	497.54	0.22755734070802267
1147	497.8	0.2259547305646695
1148	498.06	0.2247170908854979
1149	498.32	0.22276669233056456
1150	498.58	0.21817956065127522
1151	498.84	0.20917329277049074
1152	499.1	0.20114853014769413
1153	499.36	0.19027583312622454
1154	499.62	0.1841916254631048
1155	499.88	0.1777223176923704
1156	500.14	0.17345121309697414
1157	500.4	0.16892658973848568
1158	500.66	0.1616950879941455
1159	500.92	0.15248699840424973
1160	501.18	0.14765918612604012
1161	501.44	0.1534811681224637
1162	501.69	0.1701439519305113
1163	501.95	0.18742238486179225
1164	502.21	0.2061030555808699
1165	502.47	0.22052207919824318
1166	502.73	0.2317656774291573
1167	502.99	0.23569571761605387
1168	503.25	0.23760533832665126
1169	503.51	0.24082229464061586
1170	503.77	0.24540603991494186
1171	504.03	0.25017267625369205
1172	504.29	0.24872688281404484
1173	504.55	0.24657137989420616
1174	504.81	0.24348138611436004
1175	505.07	0.24304371942407502
1176	505.33	0.24287388208328217
1177	505.59	0.24430429777835735
1178	505.85	0.24628721259215747
1179	506.11	0.24984050665437055
1180	506.37	0.25262561061009664
1181	506.63	0.2573773038205745
1182	506.89	0.26123280547306676
1183	507.15	0.26340131661647903
1184	507.41	0.2646011188687263
1185	507.67	0.26441152071855556
1186	507.93	0.26740010043196477
1187	508.19	0.2704055281939107
1188	508.45	0.26982120341836524
1189	508.71	0.2689741240159792
1190	508.97	0.27502948465139276
1191	509.23	0.2941520977687884
1192	509.49	0.3167635862344866
1193	509.74	0.3386312736247353
1194	510.0	0.35668937759827996
1195	510.26	0.3661258843461548
1196	510.52	0.3707620752174067
1197	510.78	0.3910776338979211
1198	511.04	0.43232450259711414
1199	511.3	0.430277160680525
1200	511.56	0.38173540850244425
1201	511.82	0.3136348506734765
1202	512.08	0.2866018362113416
1203	512.34	0.28140468706957533
1204	512.6	0.2813224700488549
1205	512.86	0.2827636433619549
1206	513.12	0.29146168282257034
1207	513.38	0.30523431181318733
1208	513.64	0.3308482336639993
1209	513.9	0.369324006197016
1210	514.16	0.4163732300472652
1211	514.42	0.46508386251489764
1212	514.67	0.5080571931608726
1213	514.93	0.5365718983378371
1214	515.19	0.5486324646080065
1215	515.45	0.5619417644557929
1216	515.71	0.604463174771853
1217	515.97	0.604472793492618
1218	516.23	0.5371039768971679
1219	516.49	0.4220699581923279
1220	516.75	0.34344921107934956
1221	517.01	0.3141140381323274
1222	517.27	0.29728321935996616
1223	517.53	0.28231264193925654
1224	517.79	0.2703342474940832
1225	518.05	0.2596909672877167
1226	518.31	0.25286051703049406
1227	518.56	0.24891196724513637
1228	518.82	0.2509013776303252
1229	519.08	0.26049838766477407
1230	519.34	0.27585453218846656
1231	519.6	0.29487623316239864
1232	519.86	0.319178009771244
1233	520.12	0.360892606316129
1234	520.38	0.4290353362903659
1235	520.64	0.5158927397183859
1236	520.9	0.599534450440012
1237	521.16	0.6696972404097592
1238	521.42	0.7126602464366025
1239	521.68	0.737846467668379
1240	521.93	0.7603673049495681
1241	522.19	0.8307614967933808
1242	522.45	0.8517786700387205
1243	522.71	0.7533965193765002
1244	522.97	0.5671490457223867
1245	523.23	0.4215590073637444
1246	523.49	0.3665332894982467
1247	523.75	0.3423869106896341
1248	524.01	0.31620286412903564
1249	524.27	0.29545715801533756
1250	524.53	0.2728161077111408
1251	524.79	0.25490944636564494
1252	525.04	0.23920745473238256
1253	525.3	0.23093279362886382
1254	525.56	0.22500132650949412
1255	525.82	0.22130861649766798
1256	526.08	0.213413385830926
1257	526.34	0.20738760788021737
1258	526.6	0.19886176012418938
1259	526.86	0.19661112218989513
1260	527.12	0.19239037659879954
1261	527.38	0.1933192523504979
1262	527.63	0.1940845279987147
1263	527.89	0.19854590585117124
1264	528.15	0.20467463443491635
1265	528.41	0.21159965160415403
1266	528.67	0.21700382547530697
1267	528.93	0.2201661253841391
1268	529.19	0.22357120231597125
1269	529.45	0.2281781037292873
1270	529.71	0.23880129471267653
1271	529.97	0.23977269566069612
1272	530.22	0.2309537307911016
1273	530.48	0.21171479699373208
1274	530.74	0.19784394024222912
1275	531.0	0.1910472044680016
1276	531.26	0.18544137820548265
1277	531.52	0.18144126203644384
1278	531.78	0.17874515031664148
1279	532.04	0.17579342521203212
1280	532.3	0.17421994765600207
1281	532.55	0.16748453011671607
1282	532.81	0.16477809937119692
1283	533.07	0.16290597842113339
1284	533.33	0.16395041121155463
1285	533.59	0.16503596886662633
1286	533.85	0.16433733016787688
1287	534.11	0.16245210128692633
1288	534.37	0.16134177490878684
1289	534.62	0.16151657307720008
1290	534.88	0.1675875574884203
1291	535.14	0.17155630672011193
1292	535.4	0.17418776881874765
1293	535.66	0.17419367476031067
1294	535.92	0.1749735743780197
1295	536.18	0.17448271396406215
1296	536.44	0.17372448945390412
1297	536.69	0.1722991986582706
1298	536.95	0.1703498754235878
1299	537.21	0.16830960108107912
1300	537.47	0.1662221491598127
1301	537.73	0.1648114973410267
1302	537.99	0.16627469109326837
1303	538.25	0.16852550798828608
1304	538.51	0.17142429294803768
1305	538.76	0.17142962889404126
1306	539.02	0.17103372321527324
1307	539.28	0.16966570761894326
1308	539.54	0.17165832660493247
1309	539.8	0.17260021804507752
1310	540.06	0.17290346020766612
1311	540.32	0.16766065610885003
1312	540.57	0.1638114315952143
1313	540.83	0.16048511083193182
1314	541.09	0.16215861678371157
1315	541.35	0.16222927771960566
1316	541.61	0.16214752574787092
1317	541.87	0.16071604577991905
1318	542.13	0.15727702404388777
1319	542.38	0.15467311674311343
1320	542.64	0.15435233464519368
1321	542.9	0.15542457563316334
1322	543.16	0.15801097205671227
1323	543.42	0.15641803711839322
1324	543.68	0.15659775285998723
1325	543.94	0.15516632168646188
1326	544.19	0.1522493706436725
1327	544.45	0.14887614916998895
1328	544.71	0.1474550921389943
1329	544.97	0.14671873859443907
1330	545.23	0.14710343123119624
1331	545.49	0.14630637097333582
1332	545.74	0.1486409074642965
1333	546.0	0.1466584167272293
1334	546.26	0.14811647623028115
1335	546.52	0.1425496130389654
1336	546.78	0.14202032561290587
1337	547.04	0.14033491474408247
1338	547.29	0.14223759801910804
1339	547.55	0.14334012272355848
1340	547.81	0.14309751755917896
1341	548.07	0.1430252236898788
1342	548.33	0.14371567887685693
1343	548.59	0.14289781334715365
1344	548.84	0.1437262826562668
1345	549.1	0.14192526949807757
1346	549.36	0.14284188782420348
1347	549.62	0.14177084685030766
1348	549.88	0.1422883482307837
1349	550.14	0.1406696310785343
1350	550.39	0.1401330285437666
1351	550.65	0.13862199077398624
1352	550.91	0.13791221379967472
1353	551.17	0.13869136085063674
1354	551.43	0.13943410516985527
1355	551.69	0.13901695009092835
1356	551.94	0.13702033284621756
1357	552.2	0.13583171158903462
1358	552.46	0.13686171872821115
1359	552.72	0.13885066103241658
1360	552.98	0.1416517723226114
1361	553.24	0.14277839917686908
1362	553.49	0.14462731403231882
1363	553.75	0.14428134181873356
1364	554.01	0.14514132499897633
1365	554.27	0.14368983778597533
1366	554.53	0.14138898050652124
1367	554.78	0.1389875429538391
1368	555.04	0.13947032379505406
1369	555.3	0.1408541450571993
1370	555.56	0.14309332865963315
1371	555.82	0.14173099954478366
1372	556.07	0.14157610957259426
1373	556.33	0.13940775016175613
1374	556.59	0.13933731675309333
1375	556.85	0.1369786287943514
1376	557.11	0.13527169646868442
1377	557.37	0.1330311908506433
1378	557.62	0.1346183285703119
1379	557.88	0.13575845906082123
1380	558.14	0.13445356428382488
1381	558.4	0.13473387156254935
1382	558.66	0.1340983025191765
1383	558.91	0.13652457584505984
1384	559.17	0.13479231802446776
1385	559.43	0.13391802608463538
1386	559.69	0.1342111998503732
1387	559.95	0.13577087018340397
1388	560.2	0.13668909541284902
1389	560.46	0.13408654228400504
1390	560.72	0.13282543030729366
1391	560.98	0.13064047121671982
1392	561.24	0.13455004438839188
1393	561.49	0.13534238670700144
1394	561.75	0.1380620973954836
1395	562.01	0.13686248799281395
1396	562.27	0.13633379382157967
1397	562.52	0.1371946774000594
1398	562.78	0.1376359815183395
1399	563.04	0.13914611096814264
1400	563.3	0.14027257158647363
1401	563.56	0.14102704569595506
1402	563.81	0.1395857137992482
1403	564.07	0.1384435673125189
1404	564.33	0.1360010628895127
1405	564.59	0.1385110370116181
1406	564.85	0.1392585177027734
1407	565.1	0.1394121466390047
1408	565.36	0.1384759119210502
1409	565.62	0.13424470844472894
1410	565.88	0.13523340631811098
1411	566.13	0.13197159713575174
1412	566.39	0.13042916154768694
1413	566.65	0.1252516568311646
1414	566.91	0.11920053833750649
1415	567.17	0.1160973865562144
1416	567.42	0.11129927554205885
1417	567.68	0.11214786397189774
1418	567.94	0.11206616333749195
1419	568.2	0.11385524030779953
1420	568.45	0.11236865327258067
1421	568.71	0.11540623850981
1422	568.97	0.12365086493609564
1423	569.23	0.13143546753104113
1424	569.49	0.1392096887628999
1425	569.74	0.1436784486910301
1426	570.0	0.15147538017455145
1427	570.26	0.1571124801286079
1428	570.52	0.16463293560212378
1429	570.77	0.16104002984811436
1430	571.03	0.14942415600606898
1431	571.29	0.13549571812055605
1432	571.55	0.12943598622381317
1433	571.8	0.1309705297867513
1434	572.06	0.13152752648064514
1435	572.32	0.13213145510085933
1436	572.58	0.12620722587465724
1437	572.83	0.12287929731896374
1438	573.09	0.1226634337806706
1439	573.35	0.1246421197081845
1440	573.61	0.12593668501121996
1441	573.86	0.1256864104227986
1442	574.12	0.12707126110318812
1443	574.38	0.12560617741136818
1444	574.64	0.12491230823314384
1445	574.89	0.12261724967361712
1446	575.15	0.11957403955488585
1447	575.41	0.11812606555495622
1448	575.67	0.11957980644041677
1449	575.92	0.1226953826197664
1450	576.18	0.12324730396789418
1451	576.44	0.12624059034489016
1452	576.7	0.13449981368551855
1453	576.95	0.15187321553544228
1454	577.21	0.17067249005032326
1455	577.47	0.18637484757742645
1456	577.73	0.19526165934702072
1457	577.98	0.20076451282749483
1458	578.24	0.2050587235893976
1459	578.5	0.22069417147186607
1460	578.76	0.23667991921601814
1461	579.01	0.22731953793782347
1462	579.27	0.19484779156885207
1463	579.53	0.1547526414719357
1464	579.79	0.14000654343854946
1465	580.04	0.13332685808863845
1466	580.3	0.13115787808100937
1467	580.56	0.12740717560175185
1468	580.81	0.12302821456555582
1469	581.07	0.11942679486218444
1470	581.33	0.11716918034326915
1471	581.59	0.11570559226894772
1472	581.84	0.11326782112781594
1473	582.1	0.11129861738126778
1474	582.36	0.11098731342875004
1475	582.62	0.11202946434593056
1476	582.87	0.11158137874961518
1477	583.13	0.10971951917582307
1478	583.39	0.10990435720301092
1479	583.64	0.10976521730609626
1480	583.9	0.11291398673044309
1481	584.16	0.11309424011826824
1482	584.42	0.11506411864219349
1483	584.67	0.11513966094604008
1484	584.93	0.11500704893807528
1485	585.19	0.1148182548178443
1486	585.45	0.11491439456373109
1487	585.7	0.11635155417852924
1488	585.96	0.11516388864894711
1489	586.22	0.11429883399374602
1490	586.47	0.113554245666771
1491	586.73	0.11194952078493031
1492	586.99	0.11237539945807065
1493	587.25	0.1100182116363885
1494	587.5	0.11240447092079708
1495	587.76	0.11228814271324852
1496	588.02	0.11436880706154992
1497	588.27	0.11522826785547796
1498	588.53	0.11442774422921384
1499	588.79	0.1157541321292837
1500	589.04	0.11719885410772637
1501	589.3	0.11851898530959071
1502	589.56	0.1199658253886888
1503	589.82	0.11827463065429902
1504	590.07	0.11778176283018107
1505	590.33	0.11462867920260358
1506	590.59	0.11443901101809514
1507	590.84	0.11288482357661217
1508	591.1	0.111894216071321
1509	591.36	0.10980486245747845
1510	591.61	0.1081158495317153
1511	591.87	0.1063168991130505
1512	592.13	0.10570624185257421
1513	592.39	0.10509547714929662
1514	592.64	0.10430446307375221
1515	592.9	0.10348714271785472
1516	593.16	0.10232268846362094
1517	593.41	0.10060589647685725
1518	593.67	0.09868347147455092
1519	593.93	0.09811813341156642
1520	594.18	0.09682427625880805
1521	594.44	0.09606224065162253
1522	594.7	0.09639404873257165
1523	594.95	0.09780200739600728
1524	595.21	0.09891713131781626
1525	595.47	0.1009365078827488
1526	595.73	0.10393961973294102
1527	595.98	0.10607817024437927
1528	596.24	0.10676858200752493
1529	596.5	0.10851908954753026
1530	596.75	0.10892563741819908
1531	597.01	0.10864756281634028
1532	597.27	0.10778670319052794
1533	597.52	0.10757694440846233
1534	597.78	0.10801238863508225
1535	598.04	0.106883385673116
1536	598.29	0.10756751062063252
1537	598.55	0.10602206838743394
1538	598.81	0.10676760973786908
1539	599.06	0.10615022739896782
1540	599.32	0.10741053389308888
1541	599.58	0.10448954556570761
1542	599.83	0.10496794344482913
1543	600.09	0.10423632385869036
1544	600.35	0.10614981175890692
1545	600.6	0.10494583405512756
1546	600.86	0.10390459520915984
1547	601.12	0.10347129404767261
1548	601.37	0.10297809745468217
1549	601.63	0.10417716751415312
1550	601.89	0.10483827514615644
1551	602.14	0.10464520594349486
1552	602.4	0.10414308304368844
1553	602.66	0.10327860214038025
1554	602.91	0.10478490787616951
1555	603.17	0.10264341748623576
1556	603.43	0.10098997125534087
1557	603.68	0.09781484914148564
1558	603.94	0.09929464821467177
1559	604.2	0.0999404597894108
1560	604.45	0.10167866418457194
1561	604.71	0.10110424275827827
1562	604.97	0.10099931243898982
1563	605.22	0.10052121621506568
1564	605.48	0.10057685376024159
1565	605.74	0.09960040386357816
1566	605.99	0.09968270763074183
1567	606.25	0.0997307785174846
1568	606.51	0.10103255291592574
1569	606.76	0.102194416441171
1570	607.02	0.10044930298375813
1571	607.27	0.10062993635970344
1572	607.53	0.09903870263992676
1573	607.79	0.09925473790745859
1574	608.04	0.1002231200024311
1575	608.3	0.10045639839668222
1576	608.56	0.10195823604597798
1577	608.81	0.09898501828228712
1578	609.07	0.09902279330450323
1579	609.33	0.09497767876593213
1580	609.58	0.09343732027913956
1581	609.84	0.09172643008853767
1582	610.1	0.0940930559544072
1583	610.35	0.09779794886967413
1584	610.61	0.09913513823355533
1585	610.86	0.10069603610026238
1586	611.12	0.09998683104278958
1587	611.38	0.10058212700693789
1588	611.63	0.10077847470313281
1589	611.89	0.10013958461972432
1590	612.15	0.0988222259101603
1591	612.4	0.09884439139709048
1592	612.66	0.10063180125321627
1593	612.92	0.10238399237565304
1594	613.17	0.09936891485400162
1595	613.43	0.0966655809402977
1596	613.68	0.09556213510948527
1597	613.94	0.09802105597162278
1598	614.2	0.09928851388457374
1599	614.45	0.1006214785824942
1600	614.71	0.09961974541816657
1601	614.97	0.10081003627797591
1602	615.22	0.1006237908755403
1603	615.48	0.10093552431493502
1604	615.73	0.0996642946351605
1605	615.99	0.09825238393425095
1606	616.25	0.09736718015073803
1607	616.5	0.09597348257494567
1608	616.76	0.09631626365130252
1609	617.01	0.09652552466403999
1610	617.27	0.09858516610408041
1611	617.53	0.09778768271349772
1612	617.78	0.09668898166814258
1613	618.04	0.09514180652675577
1614	618.3	0.09449902706516972
1615	618.55	0.09704913342366794
1616	618.81	0.09696555528190887
1617	619.06	0.09955551158690926
1618	619.32	0.09889120667607287
1619	619.58	0.0995212305972194
1620	619.83	0.09863092680381794
1621	620.09	0.10041886291242938
1622	620.34	0.10102849775359082
1623	620.6	0.10129907927782242
1624	620.86	0.10147731862562004
1625	621.11	0.10209701610794936
1626	621.37	0.10156267473366587
1627	621.62	0.10146280745266373
1628	621.88	0.10349604099191315
1629	622.14	0.10577586572124706
1630	622.39	0.10459171047942997
1631	622.65	0.10298532633336951
1632	622.9	0.10201429154665959
1633	623.16	0.10109717815220022
1634	623.42	0.10030244552176548
1635	623.67	0.10136877023022633
1636	623.93	0.1010993753301197
1637	624.18	0.10103279389117074
1638	624.44	0.09803494551957964
1639	624.7	0.09629860134073878
1640	624.95	0.09581267088949097
1641	625.21	0.09663177461320357
1642	625.46	0.10056381945795435
1643	625.72	0.1005693727379942
1644	625.98	0.10253429094923076
1645	626.23	0.10105223002261995
1646	626.49	0.10400627470816967
1647	626.74	0.10268064860253484
1648	627.0	0.10223943509686903
1649	627.25	0.10060310180241205
1650	627.51	0.09961727069534826
1651	627.77	0.10057209200299255
1652	628.02	0.10109713639356803
1653	628.28	0.1006977048564929
1654	628.53	0.09949590018542126
1655	628.79	0.09715546043388665
1656	629.04	0.09715294342064483
1657	629.3	0.09708953685544178
1658	629.56	0.09589429591151308
1659	629.81	0.09713832939224792
1660	630.07	0.09655934171612046
1661	630.32	0.09706965701299346
1662	630.58	0.09358806722202223
1663	630.83	0.09381518466788759
1664	631.09	0.09425210392233947
1665	631.35	0.0968304829175103
1666	631.6	0.09576187858457313
1667	631.86	0.09322988893307403
1668	632.11	0.09179248487056453
1669	632.37	0.09364138038385914
1670	632.62	0.0949023284232291
1671	632.88	0.09546069477642727
1672	633.14	0.09427625212354043
1673	633.39	0.09494776373941358
1674	633.65	0.09181270411906683
1675	633.9	0.0905691430341096
1676	634.16	0.0906564682539274
1677	634.41	0.09199076138431134
1678	634.67	0.09068338545541785
1679	634.93	0.08774638638472498
1680	635.18	0.08736337425524449
1681	635.44	0.08876328336843142
1682	635.69	0.09046995851492629
1683	635.95	0.08947399079172291
1684	636.2	0.08734441640509868
1685	636.46	0.08717880849414521
1686	636.71	0.08745255558951026
1687	636.97	0.08729986011739721
1688	637.22	0.08670695561848865
1689	637.48	0.08680122300598947
1690	637.74	0.08760445883052334
1691	637.99	0.08677656091470135
1692	638.25	0.08600424521469138
1693	638.5	0.08585468964092555
1694	638.76	0.08454568669906498
1695	639.01	0.08596161415806228
1696	639.27	0.08600304648851179
1697	639.52	0.08737873240659128
1698	639.78	0.086082607325484
1699	640.03	0.0873228689644712
1700	640.29	0.08856235765959486
1701	640.55	0.08885985189288595
1702	640.8	0.0878282836845973
1703	641.06	0.08678427997197971
1704	641.31	0.08481114337164876
1705	641.57	0.08544081295745608
1706	641.82	0.08470771663827396
1707	642.08	0.08534565179334158
1708	642.33	0.08424875243040626
1709	642.59	0.08308027968305792
1710	642.84	0.08268988086026671
1711	643.1	0.08356252392559776
1712	643.35	0.08486299977246459
1713	643.61	0.08556277872619461
1714	643.87	0.08510051507235679
1715	644.12	0.08517192887737968
1716	644.38	0.08639392691161729
1717	644.63	0.08510280512970864
1718	644.89	0.08352007702579538
1719	645.14	0.08247604661681984
1720	645.4	0.08249556795537605
1721	645.65	0.08272257267453206
1722	645.91	0.08308723771227505
1723	646.16	0.08314105410701206
1724	646.42	0.08338056193955229
1725	646.67	0.08395668582958651
1726	646.93	0.08524170805915382
1727	647.18	0.08599616042518227
1728	647.44	0.08614861126842935
1729	647.69	0.08725491366014224
1730	647.95	0.08844000344142186
1731	648.2	0.0882241463871263
1732	648.46	0.08689922267608566
1733	648.71	0.08637500909534787
1734	648.97	0.08624476197388509
1735	649.22	0.08625229986993047
1736	649.48	0.08741963219244428
1737	649.73	0.08777581611878799
1738	649.99	0.08856887857989176
1739	650.24	0.0870361470773301
1740	650.5	0.08646043153233757
1741	650.75	0.08599070163883529
1742	651.01	0.0869378745497987
1743	651.26	0.08870679112474578
1744	651.52	0.09027834191036718
1745	651.77	0.09197201609654049
1746	652.03	0.09118318760086383
1747	652.28	0.0929392065077917
1748	652.54	0.09101496175277807
1749	652.79	0.09100753561478919
1750	653.05	0.08980183435720662
1751	653.3	0.09203675768340522
1752	653.56	0.0965872009039683
1753	653.81	0.0985277693716754
1754	654.07	0.10110695034964287
1755	654.32	0.10316995905613979
1756	654.58	0.10895046839546874
1757	654.83	0.11307753647171548
1758	655.09	0.11985340868766281
1759	655.34	0.12662631355774603
1760	655.6	0.13562728640725139
1761	655.85	0.14155294210700017
1762	656.11	0.1435285953535378
1763	656.36	0.14489778184628038
1764	656.62	0.14652681568925727
1765	656.87	0.14689300018732868
1766	657.13	0.14593030414161182
1767	657.38	0.1386803946384624
1768	657.64	0.13070143697092085
1769	657.89	0.12199545861249239
1770	658.15	0.11879977687210685
1771	658.4	0.11622287216932839
1772	658.66	0.11136097185057298
1773	658.91	0.10650537229548451
1774	659.17	0.10263347606224907
1775	659.42	0.0987657491106918
1776	659.68	0.09382642181046241
1777	659.93	0.09234109270159457
1778	660.19	0.0911136860460377
1779	660.44	0.08824685194871579
1780	660.7	0.08364935245391994
1781	660.95	0.08217524185841771
1782	661.2	0.0831263720558498
1783	661.46	0.08261103457800809
1784	661.71	0.0818816593067977
1785	661.97	0.08191210813403982
1786	662.22	0.0814135921577642
1787	662.48	0.081006601642825
1788	662.73	0.07989963843038847
1789	662.99	0.07936244564417186
1790	663.24	0.07833296483240515
1791	663.5	0.07917859829368609
1792	663.75	0.07876253046721042
1793	664.01	0.08073561982069492
1794	664.26	0.07745711230811606
1795	664.52	0.07835960515017001
1796	664.77	0.07522612329149667
1797	665.02	0.07470215721315841
1798	665.28	0.07286799134850916
1799	665.53	0.07355791903465754
1800	665.79	0.07380127584492477
1801	666.04	0.07381973713092974
1802	666.3	0.074880473374548
1803	666.55	0.07466065313649616
1804	666.81	0.07631143269584872
1805	667.06	0.07443799206923515
1806	667.32	0.07407445519664073
1807	667.57	0.07257377064872145
1808	667.82	0.07208086964424792
1809	668.08	0.07076437305805564
1810	668.33	0.06939056538342694
1811	668.59	0.06951516347503
1812	668.84	0.06781970647283836
1813	669.1	0.06778501891314465
1814	669.35	0.06089733332971756
1815	669.61	0.06370136582918765
1816	669.86	0.06220128155188259
1817	670.11	0.06840280360172431
1818	670.37	0.0657605989673434
1819	670.62	0.06538727460496488
1820	670.88	0.0636191256868271
1821	671.13	0.06559032717500704
1822	671.39	0.06698291314836918
1823	671.64	0.06811072435993362
1824	671.9	0.06576701130384408
1825	672.15	0.06512757795660831
1826	672.4	0.06505193335892775
1827	672.66	0.06834336092460772
1828	672.91	0.06900410061562685
1829	673.17	0.07101940964091832
1830	673.42	0.07105355756993922
1831	673.68	0.07258980907704937
1832	673.93	0.07301006878283486
1833	674.18	0.07217792498114663
1834	674.44	0.07351015289893018
1835	674.69	0.07259255870378833
1836	674.95	0.07109238326717006
1837	675.2	0.06880231656956745
1838	675.46	0.0663802208722023
1839	675.71	0.06670483760564583
1840	675.96	0.0640230427668427
1841	676.22	0.06454184325068979
1842	676.47	0.06291154906784127
1843	676.73	0.06233795470329569
1844	676.98	0.06155863669920339
1845	677.23	0.06063235582967766
1846	677.49	0.05885310198572623
1847	677.74	0.05624077425350496
1848	678.0	0.056668705934478536
1849	678.25	0.05721678633247801
1850	678.51	0.05606534354321943
1851	678.76	0.05674873813967787
1852	679.01	0.056472144117027834
1853	679.27	0.0584110099362327
1854	679.52	0.05784834222110202
1855	679.78	0.05786573936407308
1856	680.03	0.055913610716420314
1857	680.28	0.054748737085797694
1858	680.54	0.054661225428621646
1859	680.79	0.056375003912926824
1860	681.05	0.05562491723018148
1861	681.3	0.05575333630303668
1862	681.55	0.05497441175508369
1863	681.81	0.05507440745447542
1864	682.06	0.05271485674564065
1865	682.32	0.05068933107469123
1866	682.57	0.04869512178301444
1867	682.82	0.04926344743330559
1868	683.08	0.050926273741191824
1869	683.33	0.05376776793155874
1870	683.59	0.05296113393100996
1871	683.84	0.05277075175385573
1872	684.09	0.05088117754358716
1873	684.35	0.051142267230085955
1874	684.6	0.049202880422298034
1875	684.86	0.04864941222918023
1876	685.11	0.046630734546825564
1877	685.36	0.04705145175087061
1878	685.62	0.045763426541552216
1879	685.87	0.048891849023342954
1880	686.13	0.04951862183209994
1881	686.38	0.051880978650452075
1882	686.63	0.050006322836534126
1883	686.89	0.04838332106983238
1884	687.14	0.0453410429594229
1885	687.4	0.045761382439019865
1886	687.65	0.04533753289596956
1887	687.9	0.04796618909763782
1888	688.16	0.04843259709692582
1889	688.41	0.0501379637507513
1890	688.66	0.049880068894651935
1891	688.92	0.05030063936570271
1892	689.17	0.05150824700796161
1893	689.43	0.052711080271348104
1894	689.68	0.05240897402894046
1895	689.93	0.051879534338515346
1896	690.19	0.05169088350242476
1897	690.44	0.053157875784528394
1898	690.69	0.05375412026794428
1899	690.95	0.05429808579628824
1900	691.2	0.05327743009646044
1901	691.46	0.053582326409214565
1902	691.71	0.051783972115762675
1903	691.96	0.04968055134429654
1904	692.22	0.04899329259336263
1905	692.47	0.04888997319295163
1906	692.72	0.05020706750639467
1907	692.98	0.04979669920941657
1908	693.23	0.04866573960791423
1909	693.49	0.04625499288166471
1910	693.74	0.04432678084926628
1911	693.99	0.043123166291658244
1912	694.25	0.04365561365078874
1913	694.5	0.04369410704360739
1914	694.75	0.04365531456674307
1915	695.01	0.04540272102681951
1916	695.26	0.04408826908985866
1917	695.51	0.044213916501901734
1918	695.77	0.043968730305311704
1919	696.02	0.044133945850377915
1920	696.27	0.0442091772046586
1921	696.53	0.042003636987299864
1922	696.78	0.04112201108060176
1923	697.04	0.04021250689932168
1924	697.29	0.041266583654215455
1925	697.54	0.042422641282967175
1926	697.8	0.04340553190482005
1927	698.05	0.04178941562696051
1928	698.3	0.04201292137717286
1929	698.56	0.04182815615978036
1930	698.81	0.042176523342377925
1931	699.06	0.04132886479481454
1932	699.32	0.04097781750756867
1933	699.57	0.040933412460661095
1934	699.82	0.038643366298639154
1935	700.08	0.039486585262872104
1936	700.33	0.03966801429524773
1937	700.58	0.04216057462183169
1938	700.84	0.041193687353341474
1939	701.09	0.0419350835272992
1940	701.34	0.04131013897969968
1941	701.6	0.04005846372390719
1942	701.85	0.03926068707164215
1943	702.1	0.03816336193815237
1944	702.36	0.03774871945959728
1945	702.61	0.038084423103485615
1946	702.86	0.03939383457978629
1947	703.12	0.04168096072549746
1948	703.37	0.04031341834735655
1949	703.62	0.040536811730111866
1950	703.88	0.04012830861763868
1951	704.13	0.04174173495292831
1952	704.38	0.041298579897788845
1953	704.64	0.038147790591045644
1954	704.89	0.036176618169587144
1955	705.14	0.03330417105359862
1956	705.4	0.03363123989222329
1957	705.65	0.03353394023033124
1958	705.9	0.03532834945032541
1959	706.16	0.037463575996421805
1960	706.41	0.03653863510295344
1961	706.66	0.03635384219656569
1962	706.92	0.03532506707885952
1963	707.17	0.034538869980090564
1964	707.42	0.0311047703799585
1965	707.68	0.03217314719344719
1966	707.93	0.03330155077074512
1967	708.18	0.03451265359894479
1968	708.44	0.03136363169576997
1969	708.69	0.029924483863118023
1970	708.94	0.030621729583280716
1971	709.19	0.03129802935037909
1972	709.45	0.03025476769670872
1973	709.7	0.031949731894238914
1974	709.95	0.03207587843333086
1975	710.21	0.03493450359041225
1976	710.46	0.03447806703296795
1977	710.71	0.03265746014059823
1978	710.97	0.03265274072869137
1979	711.22	0.03136950946119427
1980	711.47	0.03381864664479979
1981	711.73	0.032256260089697175
1982	711.98	0.032971267925812786
1983	712.23	0.03186341035005252
1984	712.48	0.03252371665311066
1985	712.74	0.032028237777806265
1986	712.99	0.03308968641203257
1987	713.24	0.03410491767928896
1988	713.5	0.034121403711917256
1989	713.75	0.031077444510206095
1990	714.0	0.02921632266565928
1991	714.26	0.029851409380775087
1992	714.51	0.03241015074930409
1993	714.76	0.033496322059841224
1994	715.01	0.03525457639954818
1995	715.27	0.03438747903176359
1996	715.52	0.03507611328085278
1997	715.77	0.033907104127373716
1998	716.03	0.03629514596857571
1999	716.28	0.03639633937835823
2000	716.53	0.03523238687724374
2001	716.78	0.034791946824081155
2002	717.04	0.03403090628646213
2003	717.29	0.033022585199958765
2004	717.54	0.030332256302145727
2005	717.8	0.03023523209911716
2006	718.05	0.031313878345097135
2007	718.3	0.03255854603290467
2008	718.55	0.031553159808457326
2009	718.81	0.030780183595203417
2010	719.06	0.028954246225038796
2011	719.31	0.02900325855209776
2012	719.57	0.029999216641685644
2013	719.82	0.03051304317543202
2014	720.07	0.029211769621012768
2015	720.32	0.02797386943967936
2016	720.58	0.02693509219090369
2017	720.83	0.027020520659660624
2018	721.08	0.026314784911036074
2019	721.33	0.026229122470600275
2020	721.59	0.024748137851779553
2021	721.84	0.0235210842868247
2022	722.09	0.022060341152200527
2023	722.35	0.02220187796255821
2024	722.6	0.022741645691153334
2025	722.85	0.02333871951489705
2026	723.1	0.024512959467017675
2027	723.36	0.02416366357556464
2028	723.61	0.025320119325886528
2029	723.86	0.0239276171618997
2030	724.11	0.02258184950730044
2031	724.37	0.023047915824639678
2032	724.62	0.0227351755877839
2033	724.87	0.02421727820320045
2034	725.12	0.02384765637654679
2035	725.38	0.024454805101144395
2036	725.63	0.023952694748498066
2037	725.88	0.023869108115148238
2038	726.13	0.023618533292412675
2039	726.39	0.0250798847887842
2040	726.64	0.02311522426026169
2041	726.89	0.02323292203728264
2042	727.14	0.022768743617015155
2043	727.4	0.023534243154211182
2044	727.65	0.023023960675295302
2045	727.9	0.020962202075464037
2046	728.15	0.019631322188006076
2047	728.41	0.020939165768804197
2048	728.66	0.02095940959159706
2049	728.91	0.023238245176901304
2050	729.16	0.021760797620273775
2051	729.42	0.02176534285450825
2052	729.67	0.020793686974590275
2053	729.92	0.022453863452882944
2054	730.17	0.02302226691254941
2055	730.43	0.02190750581767041
2056	730.68	0.020171566244397282
2057	730.93	0.019877312678858616
2058	731.18	0.019598276774498935
2059	731.44	0.01925766171506102
2060	731.69	0.019779396471108088
2061	731.94	0.019592971914571697
2062	732.19	0.018907639827355036
2063	732.45	0.017505361619102294
2064	732.7	0.01629836143578542
2065	732.95	0.017961628057589565
2066	733.2	0.01942132598226179
2067	733.45	0.01979489865806154
2068	733.71	0.018350198241917193
2069	733.96	0.018826599903835492
2070	734.21	0.018788965922093254
2071	734.46	0.019295140739686883
2072	734.72	0.017800840871501245
2073	734.97	0.0183280618217085
2074	735.22	0.018737579503534565
2075	735.47	0.018677488170911527
2076	735.72	0.01945973666420095
2077	735.98	0.019290519467968892
2078	736.23	0.01937681811482675
2079	736.48	0.019063355129411694
2080	736.73	0.018755432522721854
2081	736.99	0.019894678625915818
2082	737.24	0.019701168522626253
2083	737.49	0.019408509879951186
2084	737.74	0.01876095596456856
2085	737.99	0.01699072053585468
2086	738.25	0.01775790191535756
2087	738.5	0.017740283359629447
2088	738.75	0.0210256218890114
2089	739.0	0.020352671342724254
2090	739.25	0.019393076147987937
2091	739.51	0.019613917053468377
2092	739.76	0.019008038892213974
2093	740.01	0.01939606141160609
2094	740.26	0.018636193423838307
2095	740.52	0.018498876259855968
2096	740.77	0.016922478844027644
2097	741.02	0.016283379800553444
2098	741.27	0.019662828736328186
2099	741.52	0.02417506865613145
2100	741.78	0.028056069495733
2101	742.03	0.030532879891792902
2102	742.28	0.032127360703303035
2103	742.53	0.032614291617862834
2104	742.78	0.03103660446129232
2105	743.04	0.030361643583517256
2106	743.29	0.032168214245217874
2107	743.54	0.03692919744759929
2108	743.79	0.043617273730010966
2109	744.04	0.04792153793632786
2110	744.3	0.048578407264958295
2111	744.55	0.048609349762802206
2112	744.8	0.0452179693866258
2113	745.05	0.04377041414146178
2114	745.3	0.03959943023963533
2115	745.55	0.03956428458321025
2116	745.81	0.03888037081988155
2117	746.06	0.04468832787666899
2118	746.31	0.050043883164376496
2119	746.56	0.05620453108363427
2120	746.81	0.05672167950335119
2121	747.07	0.05801121092465367
2122	747.32	0.05701990149654315
2123	747.57	0.053339701195082245
2124	747.82	0.048057559977387365
2125	748.07	0.0424947778183741
2126	748.32	0.04098510746174333
2127	748.58	0.03851923312552105
2128	748.83	0.037095171355764095
2129	749.08	0.03316515985430392
2130	749.33	0.029733547851174394
2131	749.58	0.026282629749245723
2132	749.84	0.024883633109219996
2133	750.09	0.024573682832873228
2134	750.34	0.024003563429685307
2135	750.59	0.020894525214860363
2136	750.84	0.020122410388880782
2137	751.09	0.017019105390596923
2138	751.35	0.01635450593482067
2139	751.6	0.015517914133135469
2140	751.85	0.017946997615861715
2141	752.1	0.01982987093292815
2142	752.35	0.01696636112333552
2143	752.6	0.015403558419532226
2144	752.86	0.01429718149790489
2145	753.11	0.016424425835339138
2146	753.36	0.017341492872044006
2147	753.61	0.017069993048680898
2148	753.86	0.017200817299112228
2149	754.11	0.016822351349828596
2150	754.37	0.0180964622274956
2151	754.62	0.01761031917432282
2152	754.87	0.017284685742334105
2153	755.12	0.014452193314654402
2154	755.37	0.013529557076820034
2155	755.62	0.012396632068106497
2156	755.87	0.014765975139608395
2157	756.13	0.015526488196403093
2158	756.38	0.01621990295420754
2159	756.63	0.014148092540249319
2160	756.88	0.011210937393938816
2161	757.13	0.011563928813571697
2162	757.38	0.010560569659848557
2163	757.64	0.012951194816938613
2164	757.89	0.011973203736038315
2165	758.14	0.01103670362303344
2166	758.39	0.010913703399605748
2167	758.64	0.00843880584045259
2168	758.89	0.009542037915925533
2169	759.14	0.007419347473709453
2170	759.4	0.008023769882606654
2171	759.65	0.007602190649658558
2172	759.9	0.008244617090469003
2173	760.15	0.009484799487435983
2174	760.4	0.01162087357908842
2175	760.65	0.011286605491223449
2176	760.9	0.010547299595936935
2177	761.15	0.009311385529934393
2178	761.41	0.008773447570065873
2179	761.66	0.009481989232517335
2180	761.91	0.008585739112010049
2181	762.16	0.009762275271330903
2182	762.41	0.007795027920001724
2183	762.66	0.008819700113594744
2184	762.91	0.008141372614137998
2185	763.17	0.0090224298085341
2186	763.42	0.00803413559985515
2187	763.67	0.007523995271670678
2188	763.92	0.0072259963481923345
2189	764.17	0.007247647031301138
2190	764.42	0.008358038352414485
2191	764.67	0.007858944085140054
2192	764.92	0.006688344611065794
2193	765.18	0.0065158681332407875
2194	765.43	0.008730357329971322
2195	765.68	0.008403305715699305
2196	765.93	0.007049851412705518
2197	766.18	0.0060623772617474925
2198	766.43	0.00667149458633122
2199	766.68	0.007078542769230575
2200	766.93	0.007307090637059616
2201	767.18	0.008683811864006977
2202	767.44	0.0077262926689010275
2203	767.69	0.008010060181319084
2204	767.94	0.005428898528441195
2205	768.19	0.0062778579344079655
2206	768.44	0.005477980173284644
2207	768.69	0.006354680495229761
2208	768.94	0.005636602133470281
2209	769.19	0.005934086477438941
2210	769.44	0.0057246918055608165
2211	769.7	0.007516500387238542
2212	769.95	0.0068196196082904725
2213	770.2	0.00662989417313907
2214	770.45	0.004902245758744622
2215	770.7	0.0047057653093604546
2216	770.95	0.005593861137812364
2217	771.2	0.00726714843274838
2218	771.45	0.006411528384642512
2219	771.7	0.006412748563283041
2220	771.95	0.006521198835347283
2221	772.21	0.0067030463350143815
2222	772.46	0.006339307627519525
2223	772.71	0.006059567384134962
2224	772.96	0.007578427463945964
2225	773.21	0.008696204644196862
2226	773.46	0.007725354011167654
2227	773.71	0.00791840548593463
2228	773.96	0.009611936371108049
2229	774.21	0.01129886837258505
2230	774.46	0.012080069694632295
2231	774.72	0.01163803653717281
2232	774.97	0.013575701566195364
2233	775.22	0.015110285631638659
2234	775.47	0.014312936442258811
2235	775.72	0.009407098745896375
2236	775.97	0.0024233097458981057
2237	776.22	0.003128074352323401
2238	776.47	0.014197801214501926
2239	776.72	0.03653383671576946
2240	776.97	0.05610368579835004
2241	777.22	0.07045341347880049
2242	777.47	0.07328595916157038
2243	777.73	0.06745359299632572
2244	777.98	0.0539488932775527
2245	778.23	0.04444278102555199
2246	778.48	0.04114151918938211
2247	778.73	0.04164242266018384
2248	778.98	0.03783531298024945
2249	779.23	0.03162328718645428
2250	779.48	0.02589638130218122
2251	779.73	0.023554012710601063
2252	779.98	0.022228102710549563
2253	780.23	0.02010184005736966
2254	780.48	0.017183761680458737
2255	780.73	0.013304055978490908
2256	780.98	0.011165562662776934
2257	781.24	0.009575809412371558
2258	781.49	0.010858621004243937
2259	781.74	0.011524488479999928
2260	781.99	0.011623821606781742
2261	782.24	0.01001761735091955
2262	782.49	0.009087101917494941
2263	782.74	0.008545568007378046
2264	782.99	0.007545939952559255
2265	783.24	0.0067662139689696615
2266	783.49	0.005347215854485526
2267	783.74	0.005440597729505781
2268	783.99	0.0032568759238438827
2269	784.24	0.004042574686580147
2270	784.49	0.003735327049811832
2271	784.74	0.004053202237041725
2272	784.99	0.002084808307883518
2273	785.24	0.0034791331298784367
2274	785.49	0.005538477536995351
2275	785.75	0.003348245069882294
2276	786.0	-0.0006339044057313559
2277	786.25	-0.001352961254333429
2278	786.5	0.0005031150005913448
2279	786.75	0.0034739846247992257
2280	787.0	0.0013340412297039583
2281	787.25	0.0020088698469029193
2282	787.5	0.0008744634479590369
2283	787.75	0.0023033753045595268
2284	788.0	-0.000194138813850539
2285	788.25	0.0020125513552667895
2286	788.5	0.0023819107820028385
2287	788.75	0.004653188361613811
2288	789.0	0.00411695665358653
2289	789.25	0.005435367269650028
2290	789.5	0.006292143514292657
2291	789.75	0.005675749867651778
2292	790.0	0.0037530796266179514
2293	790.25	0.0033938649966146345
2294	790.5	1.1349211968478268e-05
2295	790.75	-0.0017942277825340608
2296	791.0	-0.0020277412069488188
2297	791.25	-0.0013466501009481296
2298	791.5	0.001847226572356031
2299	791.75	0.0036530448017894346
2300	792.01	0.0063711932708909735
2301	792.26	0.011840563449222172
2302	792.51	0.018206999356507728
2303	792.76	0.027783870577899966
2304	793.01	0.02952390769376345
2305	793.26	0.030368366608989728
2306	793.51	0.02657863355467449
2307	793.76	0.02803287465789689
2308	794.01	0.02846806611357791
2309	794.26	0.02981611349934496
2310	794.51	0.026211395468504817
2311	794.76	0.02274505652370483
2312	795.01	0.017829642142412783
2313	795.26	0.014665799234756041
2314	795.51	0.011082426719811023
2315	795.76	0.009608406650237072
2316	796.01	0.006419783720696778
2317	796.26	0.004563392744503847
2318	796.51	0.00375399182303697
2319	796.76	0.0043246680058651454
2320	797.01	0.004797280511851132
2321	797.26	0.0026697211888261074
2322	797.51	0.002382895288850953
2323	797.76	0.00015477336093717986
2324	798.01	6.373644461196704e-06
2325	798.26	-0.002884517029637601
2326	798.51	-0.0028952958758117764
2327	798.76	-0.0018609827328844308
2328	799.01	-0.0015455898709717045
2329	799.26	-0.0006893844729212104
2330	799.51	-0.0019556457457279297
2331	799.76	-0.0017909523395132285
2332	800.01	-0.004453707204001109
2333	800.26	-0.004153007278356373
2334	800.51	-0.00481502213184104
2335	800.76	-0.00359819251932509
2336	801.01	-0.004049807934587146
2337	801.26	-0.003489201227100114
2338	801.51	-0.0036565049052467435
2339	801.76	-0.003971612367200859
2340	802.01	-0.004125746171256113
2341	802.26	-0.0051042417956412706
2342	802.51	-0.007222404998986159
2343	802.76	-0.008293163120923527
2344	803.01	-0.007999505979833656
2345	803.26	-0.005676930526296642
2346	803.51	-0.004527931638102667
2347	803.76	-0.004980842340385899
2348	804.01	-0.006296388301269766
2349	804.26	-0.005436676044302577
2350	804.51	-0.004402790388902726
2351	804.76	-0.0031297021780137754
2352	805.01	-0.003829168709521928
2353	805.26	-0.0035478867151959997
2354	805.51	-0.0038783470250443666
2355	805.76	-0.003205910833955279
2356	806.01	-0.007126901905459726
2357	806.26	-0.00806958741129795
2358	806.51	-0.008622204650016875
2359	806.76	-0.0038643285351503895
2360	807.01	-0.0020342218833076173
2361	807.26	-0.0015353025847217386
2362	807.51	-0.0002977792618960237
2363	807.76	0.0018962836907027159
2364	808.01	0.0061209852603673134
2365	808.26	0.013223088955256493
2366	808.5	0.024426536622753556
2367	808.75	0.03390693684140286
2368	809.0	0.03569723092741892
2369	809.25	0.030741575796225218
2370	809.5	0.02602258212522956
2371	809.75	0.028431218777303494
2372	810.0	0.02965138044434277
2373	810.25	0.02757933311849166
2374	810.5	0.017450964245252464
2375	810.75	0.00960599202131894
2376	811.0	0.0030039331045383366
2377	811.25	0.00015602964523951657
2378	811.5	-0.00371030456028644
2379	811.75	-0.005139130363845071
2380	812.0	-0.005244950404177898
2381	812.25	-0.004428285297621799
2382	812.5	-0.0020510135666860912
2383	812.75	-0.0023407842749101834
2384	813.0	-0.0019051297100373538
2385	813.25	-0.0035143742364942138
2386	813.5	-0.003913425324975073
2387	813.75	-0.004046015282007279
2388	814.0	-0.005058812364982568
2389	814.25	-0.005459386248171397
2390	814.5	-0.007883866285150018
2391	814.74	-0.00728876251404284
2392	814.99	-0.008919579894227717
2393	815.24	-0.006365707673976331
2394	815.49	-0.006718686813917817
2395	815.74	-0.005650398809384387
2396	815.99	-0.007773271727858126
2397	816.24	-0.008992532075801356
2398	816.49	-0.009103771796588861
2399	816.74	-0.010384177419868967
2400	816.99	-0.010085629775655316
2401	817.24	-0.011787908952050674
2402	817.49	-0.008632273980607341
2403	817.74	-0.00781767004396286
2404	817.99	-0.0005838003940035474
2405	818.24	0.005557253314201177
2406	818.49	0.010465341351131807
2407	818.74	0.010027353328226171
2408	818.98	0.00631799634202411
2409	819.23	0.004909027688352399
2410	819.48	0.0017449700798548295
2411	819.73	0.002192456878211846
2412	819.98	-0.0009467168242921764
2413	820.23	-0.0012216496182862746
2414	820.48	-0.005878531192953396
2415	820.73	-0.005332454374975676
2416	820.98	-0.0014327654711158433
2417	821.23	0.00787658484550674
2418	821.48	0.015849892829798234
2419	821.73	0.020092844426355727
2420	821.98	0.018871201349080602
2421	822.23	0.017513487715352966
2422	822.47	0.012150974405553266
2423	822.72	0.009313789333641881
2424	822.97	0.005322153237062033
2425	823.22	0.0038395329053983462
2426	823.47	0.004431932017572193
2427	823.72	0.004800816387546938
2428	823.97	0.005220728022315824
2429	824.22	0.0030761508910494284
2430	824.47	0.002575976863524121
2431	824.72	0.0019058332028627917
2432	824.97	0.0017989128789210607
2433	825.22	0.0002242952172978735
2434	825.46	-0.0015606345493945906
2435	825.71	-0.002722929297004531
2436	825.96	-0.003684814466385647
2437	826.21	-0.0036073977020911058
2438	826.46	-0.0037004357613334357
2439	826.71	-0.004719557744943578
2440	826.96	-0.008062395307689416
2441	827.21	-0.00842620595394146
2442	827.46	-0.00905588602754294
2443	827.71	-0.006890521065315215
2444	827.96	-0.008015023870690037
2445	828.2	-0.008707891455339296
2446	828.45	-0.010039380026931957
2447	828.7	-0.01034994540426954
2448	828.95	-0.009781663462139024
2449	829.2	-0.009315927881626315
2450	829.45	-0.009896621792735524
2451	829.7	-0.010274097708897596
2452	829.95	-0.010164920350328385
2453	830.2	-0.010083706850754215
2454	830.45	-0.011655314352081295
2455	830.69	-0.012261281983925183
2456	830.94	-0.012813202957892886
2457	831.19	-0.012394914769156079
2458	831.44	-0.01142998975825911
2459	831.69	-0.011784593265091722
2460	831.94	-0.011267128344432123
2461	832.19	-0.012896421457253116
2462	832.44	-0.01187788899214038
2463	832.69	-0.012118922749001011
2464	832.93	-0.011679588148420197
2465	833.18	-0.013447683158077317
2466	833.43	-0.013319747728042848
2467	833.68	-0.012478832513492528
2468	833.93	-0.012362064917982904
2469	834.18	-0.01308065611912753
2470	834.43	-0.014656685251578802
2471	834.68	-0.014020454898848032
2472	834.92	-0.012531461535784418
2473	835.17	-0.012126723292427137
2474	835.42	-0.013073304113741434
2475	835.67	-0.015679868452442597
2476	835.92	-0.01496664490500118
2477	836.17	-0.013734013135540304
2478	836.42	-0.011711668168943881
2479	836.67	-0.009974978965991865
2480	836.91	-0.011557956439126112
2481	837.16	-0.012390940108947313
2482	837.41	-0.012541095276785465
2483	837.66	-0.013968336739743376
2484	837.91	-0.01511963385134648
2485	838.16	-0.0174733005782281
2486	838.41	-0.016310906103299216
2487	838.66	-0.013776129278510664
2488	838.9	-0.014339412299399314
2489	839.15	-0.013335284410376458
2490	839.4	-0.014256754078815097
2491	839.65	-0.01276927854579274
2492	839.9	-0.012228228333415365
2493	840.15	-0.013482681514803599
2494	840.4	-0.012182013399971402
2495	840.64	-0.013443264602107846
2496	840.89	-0.01124005556734814
2497	841.14	-0.013566467187129519
2498	841.39	-0.012538428852706292
2499	841.64	-0.012887211318064168
2500	841.89	-0.013101043182903789
2501	842.14	-0.01163600148227148
2502	842.38	-0.01451321974082849
2503	842.63	-0.015144408574414243
2504	842.88	-0.01657350976191213
2505	843.13	-0.015504202766912112
2506	843.38	-0.018047642975051507
2507	843.63	-0.021069385214416828
2508	843.87	-0.021832789757228785
2509	844.12	-0.014680054402882697
2510	844.37	-0.008292114802022424
2511	844.62	-0.0037318736905670724
2512	844.87	-0.006752034521762887
2513	845.12	-0.010331355630706446
2514	845.37	-0.01110313637723609
2515	845.61	-0.009399857741555828
2516	845.86	-0.007691359480185789
2517	846.11	-0.007951170055341163
2518	846.36	-0.008285132452444971
2519	846.61	-0.009461579613412152
2520	846.86	-0.011434060542447819
2521	847.1	-0.013003415559643058
2522	847.35	-0.01595932179654322
2523	847.6	-0.016002026473989364
2524	847.85	-0.016341852636706955
2525	848.1	-0.013952646001147033
2526	848.35	-0.014338609989578525
2527	848.59	-0.014808321525319183
2528	848.84	-0.014279086195837468
2529	849.09	-0.015322128531029884
2530	849.34	-0.014815296758883496
2531	849.59	-0.015405785954820138
2532	849.84	-0.012571613491638559
2533	850.08	-0.01384947855808287
2534	850.33	-0.013196269494759293
2535	850.58	-0.014661432126217538
2536	850.83	-0.014765021698437915
2537	851.08	-0.014355875087669459
2538	851.32	-0.013902913094732211
2539	851.57	-0.012994853272063824
2540	851.82	-0.016143793649540883
2541	852.07	-0.01654130246353286
2542	852.32	-0.01862469488451869
2543	852.57	-0.016162674918650158
2544	852.81	-0.018146719838883635
2545	853.06	-0.015548689334880711
2546	853.31	-0.016989042158034956
2547	853.56	-0.014998366850711611
2548	853.81	-0.015454308276659931
2549	854.05	-0.01578692911521297
2550	854.3	-0.015391817896303742
2551	854.55	-0.015047336994038471
2552	854.8	-0.014150180270527078
2553	855.05	-0.017533348674926286
2554	855.29	-0.0184340171820101
2555	855.54	-0.01901822457051327
2556	855.79	-0.017319333629037738
2557	856.04	-0.01660708941947156
2558	856.29	-0.01585628925586617
2559	856.53	-0.015418410919428374
2560	856.78	-0.014704169594951404
2561	857.03	-0.013749163621840574
2562	857.28	-0.013172259645918102
2563	857.53	-0.01371038104606042
2564	857.77	-0.015936273414959137
2565	858.02	-0.015907032526677134
2566	858.27	-0.016976748162808683
2567	858.52	-0.016347763822167113
2568	858.77	-0.014936937224090972
2569	859.01	-0.012778254560769371
2570	859.26	-0.011153138504664331
2571	859.51	-0.012286277812270367
2572	859.76	-0.011710119611617595
2573	860.01	-0.011542579867973975
2574	860.25	-0.010733387847017335
2575	860.5	-0.013174473012395917
2576	860.75	-0.013720221963473715
2577	861.0	-0.015555108632251485
2578	861.25	-0.015113656060858148
2579	861.49	-0.01644231951492734
2580	861.74	-0.017602058746972654
2581	861.99	-0.018099483754013518
2582	862.24	-0.017947001694847114
2583	862.48	-0.014808955760180126
2584	862.73	-0.011259027162255311
2585	862.98	-0.008794598511892106
2586	863.23	-0.010884205450497501
2587	863.48	-0.013368508077788638
2588	863.72	-0.01554255771819689
2589	863.97	-0.015443869585517772
2590	864.22	-0.015615187398827786
2591	864.47	-0.014305096330331751
2592	864.71	-0.013126837994933957
2593	864.96	-0.014115644157052173
2594	865.21	-0.013341862708671187
2595	865.46	-0.01263715022529642
2596	865.7	-0.010776874902273054
2597	865.95	-0.010503162172445242
2598	866.2	-0.011369257506647204
2599	866.45	-0.014886921009508503
2600	866.7	-0.02097314725027094
2601	866.94	-0.029718982997581078
2602	867.19	-0.03532044684915281
2603	867.44	-0.03691077978116372
2604	867.69	-0.030712668806163468
2605	867.93	-0.020322485104351223
2606	868.18	-0.014375826932355673
2607	868.43	-0.013909929796254883
2608	868.68	-0.017520996878039374
2609	868.92	-0.018230271323123215
2610	869.17	-0.016443748392578367
2611	869.42	-0.01686844296495177
2612	869.67	-0.015208347193091401
2613	869.91	-0.013457825673281049
2614	870.16	-0.01139207581560936
2615	870.41	-0.0131717824406168
2616	870.66	-0.014772710978197448
2617	870.9	-0.015233766925630582
2618	871.15	-0.013995965238640579
2619	871.4	-0.012019959021609378
2620	871.65	-0.010214525590477641
2621	871.89	-0.011073916724228292
2622	872.14	-0.012287834291994718
2623	872.39	-0.012999300403632265
2624	872.64	-0.011967413134639011
2625	872.88	-0.012171006889598046
2626	873.13	-0.012085253486372405
2627	873.38	-0.011962046653236982
2628	873.63	-0.014400064442589636
2629	873.87	-0.015604306341329907
2630	874.12	-0.014444846745316535
2631	874.37	-0.011826232606539491
2632	874.62	-0.011840281391493679
2633	874.86	-0.012529464168312687
2634	875.11	-0.014100828001643924
2635	875.36	-0.014658025864167194
2636	875.6	-0.015514597423527308
2637	875.85	-0.016310805573574304
2638	876.1	-0.01709771264943076
2639	876.35	-0.018288444669092928
2640	876.59	-0.017683421840194107
2641	876.84	-0.017030489475834472
2642	877.09	-0.017953566082505465
2643	877.34	-0.018802318792078603
2644	877.58	-0.018984251041985603
2645	877.83	-0.01833302864893569
2646	878.08	-0.01763756256026012
2647	878.32	-0.017120329689539165
2648	878.57	-0.01608943013193067
2649	878.82	-0.01673329584240192
2650	879.07	-0.017353901647854462
2651	879.31	-0.017763291477995463
2652	879.56	-0.017719555924556887
2653	879.81	-0.017226106553502617
2654	880.06	-0.017025663561990957
2655	880.3	-0.015866490531112443
2656	880.55	-0.01848485564306135
2657	880.8	-0.019027515077348657
2658	881.04	-0.020065173440436603
2659	881.29	-0.021220427968351357
2660	881.54	-0.022235285302406343
2661	881.79	-0.02168252591295601
2662	882.03	-0.017600221253490193
2663	882.28	-0.01842354211244287
2664	882.53	-0.019103933749155685
2665	882.77	-0.020268580423888273
2666	883.02	-0.018082027465789664
2667	883.27	-0.018177690737178002
2668	883.51	-0.017483494400823946
2669	883.76	-0.01830501352243815
2670	884.01	-0.01965543449570189
2671	884.26	-0.019037563537551497
2672	884.5	-0.01905453501665949
2673	884.75	-0.016285015801135054
2674	885.0	-0.017202359493646832
2675	885.24	-0.017784484772682137
2676	885.49	-0.01851552011913387
2677	885.74	-0.019663371925956824
2678	885.98	-0.016817070003362078
2679	886.23	-0.01656394858573146
2680	886.48	-0.016392057397834593
2681	886.73	-0.019939141265466066
2682	886.97	-0.020897444625181075
2683	887.22	-0.01963994481589755
2684	887.47	-0.01756880069087169
2685	887.71	-0.016466637041459592
2686	887.96	-0.016675078560034647
2687	888.21	-0.017598840376958177
2688	888.45	-0.018863055303565975
2689	888.7	-0.02039100391565901
2690	888.95	-0.019177926625098887
2691	889.19	-0.01822842402734385
2692	889.44	-0.017260809876654827
2693	889.69	-0.018202860349491
2694	889.93	-0.01683387175767862
2695	890.18	-0.017432956428674956
2696	890.43	-0.01815628739883754
2697	890.67	-0.020384551178246835
2698	890.92	-0.01862477617302425
2699	891.17	-0.019832109549845184
2700	891.42	-0.020852477594286142
2701	891.66	-0.023148971174898905
2702	891.91	-0.022439829935234676
2703	892.16	-0.021443529596993485
2704	892.4	-0.021890805096688525
2705	892.65	-0.021085664789212998
2706	892.9	-0.020387854395458115
2707	893.14	-0.01915403066304551
2708	893.39	-0.01862603711136762
2709	893.64	-0.018011931845116493
2710	893.88	-0.015987858230207305
2711	894.13	-0.017708757196653463
2712	894.38	-0.019303013111639483
2713	894.62	-0.020168408145526416
2714	894.87	-0.018433735620434114
2715	895.12	-0.016852481626639763
2716	895.36	-0.01720135632980119
2717	895.61	-0.016626611087540124
2718	895.86	-0.016780231370570504
2719	896.1	-0.01639910518196938
2720	896.35	-0.01637852937400575
2721	896.6	-0.015571084690126618
2722	896.84	-0.015831917842228097
2723	897.09	-0.016936054205260398
2724	897.33	-0.018896262036587876
2725	897.58	-0.018855012524788918
2726	897.83	-0.018479919452893963
2727	898.07	-0.017741754776604196
2728	898.32	-0.01834865102237382
2729	898.57	-0.01923454590166506
2730	898.81	-0.01980254156613489
2731	899.06	-0.020639087401085138
2732	899.31	-0.022950146684758067
2733	899.55	-0.022784266527721538
2734	899.8	-0.02091020536636061
2735	900.05	-0.01743499811768682
2736	900.29	-0.017017526238581264
2737	900.54	-0.019081538211636308
2738	900.79	-0.01903783672449911
2739	901.03	-0.019152980571594806
2740	901.28	-0.018354336062965618
2741	901.52	-0.020382588633179433
2742	901.77	-0.022387134552231756
2743	902.02	-0.02347801560929306
2744	902.26	-0.021310245170253345
2745	902.51	-0.019882584633288465
2746	902.76	-0.017394916742869186
2747	903.0	-0.019286280430790323
2748	903.25	-0.018637059251377555
2749	903.5	-0.02009846930165511
2750	903.74	-0.020328720199929276
2751	903.99	-0.020832705119714905
2752	904.23	-0.021011400725671606
2753	904.48	-0.019812708772591572
2754	904.73	-0.021028560689281092
2755	904.97	-0.020772039217052327
2756	905.22	-0.021674636970766804
2757	905.47	-0.020171130340467802
2758	905.71	-0.02003585399955693
2759	905.96	-0.018895579059730938
2760	906.2	-0.019277165447586293
2761	906.45	-0.019768911803103174
2762	906.7	-0.020199464318727052
2763	906.94	-0.019760969301951113
2764	907.19	-0.018888089147090448
2765	907.44	-0.017089913688497986
2766	907.68	-0.01594493417936449
2767	907.93	-0.015362589377545095
2768	908.17	-0.014507070398080385
2769	908.42	-0.016431738053260897
2770	908.67	-0.01631702182353563
2771	908.91	-0.019791337366723366
2772	909.16	-0.020434348910015283
2773	909.4	-0.020741351051977282
2774	909.65	-0.018963519555715923
2775	909.9	-0.01807220058310008
2776	910.14	-0.018251116995098342
2777	910.39	-0.017275022673874603
2778	910.63	-0.017149345613497798
2779	910.88	-0.018801671301748424
2780	911.13	-0.02188073719161801
2781	911.37	-0.02175849792845222
2782	911.62	-0.020424048955006102
2783	911.86	-0.018550402190459586
2784	912.11	-0.01889325930115391
2785	912.36	-0.019589986918028914
2786	912.6	-0.019580422857210768
2787	912.85	-0.020408015539138666
2788	913.09	-0.020851596664068398
2789	913.34	-0.022701918273142684
2790	913.59	-0.020557319799252863
2791	913.83	-0.021389811924518595
2792	914.08	-0.019451684924811065
2793	914.32	-0.021609841185798645
2794	914.57	-0.02086196214876146
2795	914.82	-0.022147708375232236
2796	915.06	-0.02131782086383028
2797	915.31	-0.020796359291584764
2798	915.55	-0.021103576011669636
2799	915.8	-0.022214678538209263
2800	916.05	-0.021390041655866478
2801	916.29	-0.01898776092780225
2802	916.54	-0.01756695298170048
2803	916.78	-0.01916197597502966
2804	917.03	-0.02165992902963148
2805	917.27	-0.021652866155434186
2806	917.52	-0.01986690339892567
2807	917.77	-0.019375719094076545
2808	918.01	-0.020083612805351828
2809	918.26	-0.020109533574457314
2810	918.5	-0.019023971805751494
2811	918.75	-0.018209851314746554
2812	919.0	-0.018409826682602867
2813	919.24	-0.018081418753866665
2814	919.49	-0.01728564888152322
2815	919.73	-0.018339298712447986
2816	919.98	-0.019071432610627853
2817	920.22	-0.02015895833389446
2818	920.47	-0.019264413783588685
2819	920.72	-0.018359227711260157
2820	920.96	-0.018294555582293832
2821	921.21	-0.018210952429382615
2822	921.45	-0.019378014769485485
2823	921.7	-0.018745963639528004
2824	921.94	-0.019988465557879802
2825	922.19	-0.02031919266560795
2826	922.43	-0.020595824565811563
2827	922.68	-0.022106648206092358
2828	922.93	-0.022538198058100818
2829	923.17	-0.022177684585902996
2830	923.42	-0.019051144233739457
2831	923.66	-0.018388663732797357
2832	923.91	-0.018940177046509132
2833	924.15	-0.02012565553181133
2834	924.4	-0.020932894385237204
2835	924.64	-0.02052372788913246
2836	924.89	-0.02054867863983459
2837	925.14	-0.020964115825711626
2838	925.38	-0.0217662368032676
2839	925.63	-0.024000122187863966
2840	925.87	-0.02489918105572076
2841	926.12	-0.027672693111578932
2842	926.36	-0.026765575111630593
2843	926.61	-0.025745070747065342
2844	926.85	-0.032326232615703374
2845	927.1	-0.030609057137047035
2846	927.35	-0.029279177563052643
2847	927.59	-0.021132256281928795
2848	927.84	-0.020703973883862685
2849	928.08	-0.02158355195170049
2850	928.33	-0.020235620618778608
2851	928.57	-0.020344842551448868
2852	928.82	-0.020710311895216105
2853	929.06	-0.02088377792262617
2854	929.31	-0.021116238876982968
2855	929.55	-0.020289765624295783
2856	929.8	-0.021354215466381457
2857	930.04	-0.021385974253851144
2858	930.29	-0.021129825561409243
2859	930.54	-0.019978264030533613
2860	930.78	-0.01977369213464277
2861	931.03	-0.01840326499482031
2862	931.27	-0.019328782203089506
2863	931.52	-0.019296367027771606
2864	931.76	-0.020055431894696933
2865	932.01	-0.01762443974361674
2866	932.25	-0.017174338292225047
2867	932.5	-0.018961414143825177
2868	932.74	-0.020225456963888222
2869	932.99	-0.02267692796792494
2870	933.23	-0.02057291731917006
2871	933.48	-0.021319805569667748
2872	933.72	-0.020167844464571538
2873	933.97	-0.01989236463041117
2874	934.21	-0.02215981913763687
2875	934.46	-0.023456897115968364
2876	934.7	-0.02582063669258173
2877	934.95	-0.02291561453441096
2878	935.19	-0.01956933052523213
2879	935.44	-0.018167152255357564
2880	935.68	-0.018450052486731684
2881	935.93	-0.020395927893276416
2882	936.18	-0.020749448715012837
2883	936.42	-0.020762164882091323
2884	936.67	-0.020473031168620457
2885	936.91	-0.02173223140228415
2886	937.16	-0.024613442915345965
2887	937.4	-0.024111133629953985
2888	937.65	-0.02243347023886494
2889	937.89	-0.02027312255564075
2890	938.14	-0.02172738796170612
2891	938.38	-0.024035934944243033
2892	938.63	-0.027932197586899826
2893	938.87	-0.029447276786673304
2894	939.12	-0.030539129898352342
2895	939.36	-0.03188802106936307
2896	939.61	-0.03138567475745016
2897	939.85	-0.029122900886870168
2898	940.1	-0.023539773127455907
2899	940.34	-0.022685336853092895
2900	940.59	-0.022448497743217145
2901	940.83	-0.02123657399135615
2902	941.08	-0.021745937981742056
2903	941.32	-0.022186153831781963
2904	941.57	-0.024370020917787692
2905	941.81	-0.02195049706300416
2906	942.06	-0.021059782321642115
2907	942.3	-0.020397401735926645
2908	942.55	-0.021409784666404662
2909	942.79	-0.01956552124010742
2910	943.03	-0.01974098672102457
2911	943.28	-0.020723832616242947
2912	943.52	-0.024846728285374882
2913	943.77	-0.02327541491167051
2914	944.01	-0.02164177623697605
2915	944.26	-0.018204775859143082
2916	944.5	-0.018184629313744725
2917	944.75	-0.02041455405748729
2918	944.99	-0.0231412221418017
2919	945.24	-0.024303819939194657
2920	945.48	-0.02527624202327161
2921	945.73	-0.03006301925444982
2922	945.97	-0.029298017359885034
2923	946.22	-0.02667734545801201
2924	946.46	-0.02086681161646995
2925	946.71	-0.0224943115004027
2926	946.95	-0.022805882797499295
2927	947.2	-0.021409670601980138
2928	947.44	-0.020039025328861475
2929	947.69	-0.020755894845709482
2930	947.93	-0.020914250539806615
2931	948.17	-0.020388117558603598
2932	948.42	-0.01871652071203941
2933	948.66	-0.019779506365095834
2934	948.91	-0.019462118951180222
2935	949.15	-0.018939287190985078
2936	949.4	-0.01791554045855384
2937	949.64	-0.01990472681315895
2938	949.89	-0.0212795697217313
2939	950.13	-0.02163892237197249
2940	950.38	-0.020473831517151073
2941	950.62	-0.020841952387479424
2942	950.87	-0.02144396873285461
2943	951.11	-0.023397542952550067
2944	951.35	-0.022370552710228114
2945	951.6	-0.02297802793178226
2946	951.84	-0.021096530825817
2947	952.09	-0.021205503803437317
2948	952.33	-0.02020364156732962
2949	952.58	-0.021579503722447404
2950	952.82	-0.020503369757597954
2951	953.07	-0.01995377328144349
2952	953.31	-0.019687028412090544
2953	953.56	-0.021108187000360643
2954	953.8	-0.021879921121667124
2955	954.04	-0.01895383254008017
2956	954.29	-0.017046179146211454
2957	954.53	-0.015752082660256947
2958	954.78	-0.01717566907865352
2959	955.02	-0.01784410977157124
2960	955.27	-0.01848794636040232
2961	955.51	-0.018991245203995036
2962	955.76	-0.01976126177149843
2963	956.0	-0.02013133234049825
2964	956.24	-0.019543281183251878
2965	956.49	-0.020438830404972415
2966	956.73	-0.02096464447171222
2967	956.98	-0.0216070005331073
2968	957.22	-0.023125240595054518
2969	957.47	-0.023961149470164762
2970	957.71	-0.022936292930346585
2971	957.95	-0.02223034631167783
2972	958.2	-0.021821327776906083
2973	958.44	-0.023155494036480512
2974	958.69	-0.021549310511889488
2975	958.93	-0.021533784104800092
2976	959.18	-0.021190551640021177
2977	959.42	-0.02294416333825625
2978	959.66	-0.02148790871901479
2979	959.91	-0.020197396487181194
2980	960.15	-0.01809943114304021
2981	960.4	-0.01865804714468976
2982	960.64	-0.01974606875045754
2983	960.89	-0.020981483441948102
2984	961.13	-0.03237829827942777
2985	961.37	-0.033379837211353874
2986	961.62	-0.03387393389510159
2987	961.86	-0.023153615698100014
2988	962.11	-0.023655081324112308
2989	962.35	-0.02115636100686668
2990	962.59	-0.020820111228302494
2991	962.84	-0.017569166127845565
2992	963.08	-0.019789467126600947
2993	963.33	-0.019540079278998906
2994	963.57	-0.020806188862388462
2995	963.81	-0.01952875714899196
2996	964.06	-0.01968138090980547
2997	964.3	-0.021536996217616865
2998	964.55	-0.019931257983372183
2999	964.79	-0.022340029873101186
