194,56	-73,93538
194,83	-73,93538
195,09	-67,79538
195,36	-44,00872
195,63	-20,36872
195,90	-3,08205
196,17	-6,34872
196,44	-9,48872
196,71	-6,37538
196,97	-2,15538
197,24	5,13795
197,51	-1,98205
197,78	1,75128
198,05	2,81128
198,32	7,58462
198,59	1,69128
198,86	2,54462
199,12	0,27795
199,39	3,31795
199,66	2,61128
199,93	7,81128
200,20	7,19795
200,47	2,85128
200,74	2,00462
201,00	1,28462
201,27	2,12462
201,54	-2,39538
201,81	3,31128
202,08	-1,82872
202,35	1,99795
202,61	0,39795
202,88	16,29795
203,15	11,33795
203,42	6,93795
203,69	-3,23538
203,96	-1,02205
204,23	0,38462
204,49	-2,12872
204,76	6,79128
205,03	10,57795
205,30	12,09128
205,57	6,21128
205,84	6,54462
206,10	13,23128
206,37	14,87128
206,64	16,81795
206,91	15,16462
207,18	10,63128
207,45	9,55128
207,71	5,61795
207,98	10,05128
208,25	5,03128
208,52	2,85128
208,79	0,75128
209,06	3,94462
209,32	7,06462
209,59	9,07128
209,86	0,18462
210,13	2,01128
210,40	4,97795
210,67	15,19128
210,93	13,45128
211,20	5,45795
211,47	3,35795
211,74	8,65795
212,01	9,56462
212,28	13,87795
212,54	14,65128
212,81	16,45795
213,08	12,57795
213,35	10,33128
213,62	14,09795
213,88	17,23128
214,15	13,25128
214,42	8,14462
214,69	7,41128
214,96	8,32462
215,23	16,70462
215,49	15,39795
215,76	15,38462
216,03	12,87128
216,30	7,71128
216,57	3,91795
216,83	2,45128
217,10	5,77795
217,37	11,95795
217,64	18,33795
217,91	19,88462
218,17	9,89795
218,44	-2,61538
218,71	-3,11538
218,98	3,69128
219,25	13,73128
219,51	15,59795
219,78	15,56462
220,05	10,86462
220,32	7,09795
220,59	6,99795
220,85	6,91128
221,12	10,94462
221,39	16,79795
221,66	16,05795
221,93	10,66462
222,19	2,70462
222,46	7,61795
222,73	11,75128
223,00	17,89128
223,27	12,97795
223,53	12,64462
223,80	10,73128
224,07	13,72462
224,34	18,16462
224,61	16,30462
224,87	10,58462
225,14	3,54462
225,41	4,69128
225,68	12,11795
225,94	14,15128
226,21	14,79128
226,48	9,65128
226,75	10,49795
227,02	6,92462
227,28	8,49128
227,55	4,82462
227,82	6,97128
228,09	-0,53538
228,36	-2,13538
228,62	-0,54205
228,89	6,61795
229,16	10,37128
229,43	9,78462
229,69	9,05795
229,96	9,81795
230,23	6,55128
230,50	10,17795
230,76	6,57795
231,03	7,95795
231,30	7,48462
231,57	11,53795
231,84	11,19795
232,10	6,75128
232,37	6,27795
232,64	3,94462
232,91	5,72462
233,17	7,83128
233,44	10,88462
233,71	10,35795
233,98	4,73795
234,24	4,26462
234,51	10,82462
234,78	13,96462
235,05	18,51128
235,31	13,35795
235,58	11,80462
235,85	4,82462
236,12	0,50462
236,39	7,28462
236,65	11,11128
236,92	23,70462
237,19	21,24462
237,46	30,65795
237,72	22,10462
237,99	16,37128
238,26	6,56462
238,53	12,82462
238,79	12,93795
239,06	12,43128
239,33	2,17795
239,60	1,11795
239,86	-2,27538
240,13	-1,40872
240,40	-2,72205
240,67	5,71128
240,93	8,52462
241,20	10,26462
241,47	3,27795
241,73	3,89128
242,00	4,95128
242,27	7,30462
242,54	7,71128
242,80	7,51795
243,07	9,79795
243,34	9,99128
243,61	20,26462
243,87	14,05795
244,14	12,87795
244,41	2,41795
244,68	6,43128
244,94	7,73795
245,21	10,07795
245,48	11,89795
245,74	8,23795
246,01	11,39795
246,28	8,61128
246,55	9,09795
246,81	2,69128
247,08	4,17128
247,35	6,65795
247,62	6,68462
247,88	2,03128
248,15	4,55128
248,42	15,33128
248,68	16,30462
248,95	11,16462
249,22	3,76462
249,49	7,44462
249,75	7,73795
250,02	9,37795
250,29	6,42462
250,56	10,27795
250,82	13,49128
251,09	14,41128
251,36	17,04462
251,62	7,96462
251,89	9,96462
252,16	13,47128
252,43	22,67795
252,69	19,91795
252,96	10,05128
253,23	7,02462
253,49	8,63795
253,76	11,92462
254,03	16,79795
254,29	17,41795
254,56	17,27128
254,83	9,63128
255,10	3,85795
255,36	2,79128
255,63	6,06462
255,90	12,61128
256,16	13,36462
256,43	7,00462
256,70	8,27795
256,96	8,58462
257,23	11,48462
257,50	9,61128
257,77	11,85795
258,03	11,88462
258,30	13,83795
258,57	6,55795
258,83	7,77128
259,10	4,73795
259,37	6,95128
259,63	4,03128
259,90	7,98462
260,17	7,56462
260,43	10,81795
260,70	7,08462
260,97	13,07795
261,24	13,39795
261,50	14,29128
261,77	10,43128
262,04	7,43795
262,30	3,95795
262,57	2,04462
262,84	5,65128
263,10	14,12462
263,37	18,43795
263,64	12,19128
263,90	4,70462
264,17	1,67795
264,44	4,29128
264,70	3,97128
264,97	7,16462
265,24	13,40462
265,50	17,87795
265,77	17,83795
266,04	13,77795
266,30	10,03795
266,57	4,05128
266,84	1,55795
267,10	1,85795
267,37	11,24462
267,64	14,17128
267,90	18,68462
268,17	14,90462
268,44	11,91128
268,70	4,78462
268,97	-2,92872
269,24	0,41128
269,50	4,15795
269,77	10,77128
270,04	12,56462
270,30	9,93795
270,57	11,85128
270,84	4,33128
271,10	9,29128
271,37	5,86462
271,64	14,24462
271,90	21,73128
272,17	23,58462
272,44	20,73795
272,70	11,95795
272,97	8,65795
273,24	5,99795
273,50	7,92462
273,77	12,63128
274,04	14,08462
274,30	11,04462
274,57	7,06462
274,84	11,51795
275,10	12,41128
275,37	13,58462
275,64	7,13128
275,90	2,39795
276,17	0,54462
276,43	4,90462
276,70	5,17128
276,97	2,82462
277,23	5,75795
277,50	7,19128
277,77	5,25795
278,03	-4,94872
278,30	-0,98205
278,57	0,99795
278,83	3,23795
279,10	3,34462
279,37	1,42462
279,63	2,08462
279,90	4,50462
280,16	10,44462
280,43	15,62462
280,70	13,51795
280,96	18,80462
281,23	17,61128
281,50	13,55128
281,76	7,13128
282,03	6,19795
282,29	8,67128
282,56	8,92462
282,83	6,13128
283,09	3,27795
283,36	4,63795
283,63	6,49128
283,89	9,23128
284,16	9,09795
284,42	10,57128
284,69	12,13795
284,96	11,19128
285,22	8,80462
285,49	8,57128
285,76	8,39128
286,02	14,57128
286,29	17,03795
286,55	16,56462
286,82	10,03795
287,09	3,61795
287,35	7,51795
287,62	6,45795
287,88	8,58462
288,15	2,34462
288,42	0,03128
288,68	3,76462
288,95	6,94462
289,22	14,22462
289,48	11,85128
289,75	14,05795
290,01	13,47128
290,28	8,96462
290,55	10,05795
290,81	5,23128
291,08	11,56462
291,34	12,88462
291,61	18,00462
291,88	17,65128
292,14	10,11795
292,41	9,07795
292,67	13,52462
292,94	18,95795
293,21	18,28462
293,47	15,77128
293,74	14,83128
294,00	10,65795
294,27	5,06462
294,54	2,89795
294,80	6,71795
295,07	13,49795
295,33	12,06462
295,60	13,64462
295,86	10,10462
296,13	8,61128
296,40	4,38462
296,66	6,48462
296,93	18,54462
297,19	25,09128
297,46	22,79795
297,73	18,37128
297,99	13,93795
298,26	10,81128
298,52	4,47128
298,79	4,74462
299,05	2,08462
299,32	9,11128
299,59	13,88462
299,85	18,70462
300,12	15,23795
300,38	11,46462
300,65	10,31128
300,92	15,21128
301,18	16,55128
301,45	22,50462
301,71	18,13128
301,98	22,85128
302,24	26,01795
302,51	29,63795
302,78	29,27795
303,04	24,79795
303,31	28,33128
303,57	31,70462
303,84	33,50462
304,10	26,99128
304,37	25,68462
304,63	30,03795
304,90	36,71128
305,17	38,52462
305,43	34,51795
305,70	40,39128
305,96	40,75795
306,23	43,15128
306,49	41,01128
306,76	41,27795
307,03	42,01795
307,29	40,19795
307,56	42,53795
307,82	45,64462
308,09	47,45795
308,35	47,64462
308,62	52,28462
308,88	50,85795
309,15	52,93128
309,42	50,80462
309,68	53,67795
309,95	54,60462
310,21	50,85795
310,48	51,67128
310,74	52,58462
311,01	61,27795
311,27	59,43128
311,54	55,25795
311,80	49,13795
312,07	55,60462
312,34	60,83795
312,60	58,71128
312,87	58,99128
313,13	63,46462
313,40	65,45128
313,66	65,87128
313,93	58,13128
314,19	65,33128
314,46	63,65128
314,72	69,53795
314,99	66,54462
315,25	62,57128
315,52	58,69128
315,78	56,56462
316,05	57,61795
316,32	58,03128
316,58	58,92462
316,85	62,12462
317,11	62,73128
317,38	61,43795
317,64	62,51795
317,91	62,93128
318,17	65,51795
318,44	64,93795
318,70	62,03128
318,97	64,33128
319,23	69,48462
319,50	72,33128
319,76	70,28462
320,03	66,53795
320,29	69,57795
320,56	72,27128
320,82	73,93795
321,09	76,34462
321,36	80,93795
321,62	82,73128
321,89	80,59128
322,15	78,82462
322,42	81,77795
322,68	90,29128
322,95	100,07795
323,21	108,09128
323,48	110,18462
323,74	112,59128
324,01	116,78462
324,27	124,90462
324,54	134,97795
324,80	155,77795
325,07	176,78462
325,33	195,09795
325,60	192,09128
325,86	185,19128
326,13	167,24462
326,39	157,04462
326,66	144,76462
326,92	144,56462
327,19	148,78462
327,45	159,93128
327,72	176,57795
327,98	188,91795
328,25	195,38462
328,51	184,94462
328,78	171,68462
329,04	159,48462
329,31	149,78462
329,57	143,37128
329,84	139,83128
330,10	141,78462
330,37	145,78462
330,63	145,35128
330,90	145,32462
331,16	147,27795
331,43	150,68462
331,69	155,91795
331,96	156,32462
332,22	153,66462
332,49	151,99128
332,75	145,83128
333,01	140,44462
333,28	134,73795
333,54	134,02462
333,81	143,35128
334,07	146,25128
334,34	146,79795
334,60	144,53128
334,87	146,34462
335,13	154,73795
335,40	152,60462
335,66	149,37795
335,93	144,84462
336,19	146,83128
336,46	153,34462
336,72	149,95128
336,99	151,85128
337,25	150,45795
337,52	155,03795
337,78	159,29128
338,05	156,21795
338,31	160,53795
338,57	162,61795
338,84	164,15128
339,10	162,45795
339,37	158,52462
339,63	163,00462
339,90	164,13128
340,16	164,40462
340,43	161,60462
340,69	165,11795
340,96	163,27128
341,22	166,99128
341,49	160,28462
341,75	162,14462
342,01	164,91128
342,28	173,49128
342,54	186,12462
342,81	192,41795
343,07	200,76462
343,34	202,85795
343,60	210,80462
343,87	209,53128
344,13	212,41795
344,40	221,12462
344,66	232,70462
344,92	247,64462
345,19	247,91128
345,45	253,58462
345,72	256,53795
345,98	260,89128
346,25	258,59795
346,51	254,33795
346,78	249,25795
347,04	252,61128
347,30	249,81795
347,57	252,28462
347,83	249,81795
348,10	255,15795
348,36	258,30462
348,63	264,38462
348,89	263,91795
349,15	264,09795
349,42	260,17128
349,68	257,91128
349,95	255,10462
350,21	259,50462
350,48	261,99795
350,74	265,69795
351,01	263,04462
351,27	265,49128
351,53	265,54462
351,80	266,70462
352,06	270,62462
352,33	275,21795
352,59	276,54462
352,86	277,89795
353,12	279,21128
353,38	289,62462
353,65	283,21795
353,91	279,76462
354,18	272,91128
354,44	279,44462
354,70	274,82462
354,97	265,88462
355,23	258,51128
355,50	256,67128
355,76	259,91128
356,03	259,20462
356,29	265,71795
356,55	267,19795
356,82	266,50462
357,08	261,80462
357,35	260,39128
357,61	268,11128
357,87	274,47128
358,14	278,62462
358,40	275,80462
358,67	280,89128
358,93	284,70462
359,20	291,97795
359,46	294,69795
359,72	298,55795
359,99	305,70462
360,25	320,91795
360,52	336,22462
360,78	342,87128
361,04	338,61128
361,31	325,54462
361,57	312,69128
361,84	304,76462
362,10	305,26462
362,36	308,55128
362,63	310,91128
362,89	309,55795
363,16	309,10462
363,42	308,97795
363,68	304,83128
363,95	303,41128
364,21	294,30462
364,47	297,06462
364,74	295,79128
365,00	298,40462
365,27	294,89128
365,53	294,88462
365,79	299,38462
366,06	306,36462
366,32	311,63795
366,59	305,28462
366,85	301,33795
367,11	294,07795
367,38	296,21795
367,64	295,77795
367,91	296,29128
368,17	294,93795
368,43	292,09795
368,70	295,25128
368,96	296,11128
369,22	306,31795
369,49	307,47795
369,75	306,07128
370,02	297,68462
370,28	292,84462
370,54	293,83795
370,81	293,65128
371,07	294,87795
371,33	303,94462
371,60	296,61128
371,86	292,22462
372,13	281,11128
372,39	286,03128
372,65	292,01795
372,92	295,39128
373,18	302,26462
373,44	301,45128
373,71	295,93795
373,97	288,99128
374,23	288,93128
374,50	299,29795
374,76	302,85795
375,03	302,57795
375,29	298,03128
375,55	299,20462
375,82	297,29795
376,08	296,41128
376,34	301,84462
376,61	296,94462
376,87	291,88462
377,13	278,65128
377,40	284,38462
377,66	294,39128
377,92	303,41128
378,19	308,11795
378,45	306,93795
378,72	302,31795
378,98	299,83795
379,24	296,22462
379,51	299,77795
379,77	298,93128
380,03	290,32462
380,30	293,45128
380,56	293,53128
380,82	304,03795
381,09	300,65795
381,35	303,24462
381,61	300,93128
381,88	306,21128
382,14	310,43128
382,40	318,73795
382,67	316,49795
382,93	312,91128
383,19	306,57128
383,46	305,12462
383,72	308,06462
383,98	310,56462
384,25	318,49128
384,51	323,66462
384,77	326,47795
385,04	328,45128
385,30	324,77795
385,56	333,53128
385,83	340,17795
386,09	347,19795
386,35	347,11128
386,62	343,50462
386,88	347,24462
387,14	345,59128
387,41	340,90462
387,67	338,12462
387,93	336,26462
388,20	338,53128
388,46	333,59128
388,72	334,75795
388,99	334,49128
389,25	337,85795
389,51	334,96462
389,78	335,97128
390,04	337,05795
390,30	342,73128
390,56	341,68462
390,83	339,50462
391,09	343,38462
391,35	345,56462
391,62	353,60462
391,88	356,19128
392,14	363,43795
392,41	364,13128
392,67	361,10462
392,93	361,94462
393,20	359,38462
393,46	363,45795
393,72	361,64462
393,99	361,82462
394,25	362,44462
394,51	355,20462
394,77	358,61795
395,04	355,75795
395,30	365,59795
395,56	366,07795
395,83	364,67128
396,09	361,81795
396,35	365,31128
396,62	367,08462
396,88	375,92462
397,14	375,43795
397,40	390,78462
397,67	394,35128
397,93	395,49128
398,19	391,20462
398,46	390,75795
398,72	399,36462
398,98	402,54462
399,24	409,75795
399,51	415,72462
399,77	423,65795
400,03	423,62462
400,30	421,71795
400,56	428,86462
400,82	432,78462
401,08	428,13128
401,35	418,04462
401,61	417,27128
401,87	417,98462
402,14	419,34462
402,40	416,40462
402,66	424,80462
402,92	423,33128
403,19	424,03795
403,45	423,50462
403,71	423,03795
403,98	423,37795
404,24	418,53128
404,50	418,62462
404,76	424,38462
405,03	431,13128
405,29	437,04462
405,55	439,09795
405,81	444,07795
406,08	444,51128
406,34	445,61128
406,60	448,09128
406,87	458,13795
407,13	464,25128
407,39	457,81795
407,65	446,14462
407,92	434,27795
408,18	429,39795
408,44	425,99128
408,70	419,67795
408,97	417,99795
409,23	416,05795
409,49	413,95795
409,75	409,05795
410,02	404,62462
410,28	401,98462
410,54	403,43128
410,80	408,12462
411,07	412,10462
411,33	415,07795
411,59	404,79795
411,85	409,37128
412,12	410,45795
412,38	417,39795
412,64	413,01795
412,90	406,39795
413,17	403,14462
413,43	397,13795
413,69	397,99795
413,95	397,46462
414,22	396,84462
414,48	389,23795
414,74	385,00462
415,00	385,35128
415,27	387,90462
415,53	392,53795
415,79	390,13128
416,05	391,43128
416,32	390,55128
416,58	399,06462
416,84	403,07128
417,10	400,05128
417,37	394,51128
417,63	391,30462
417,89	395,67795
418,15	394,71128
418,41	392,45128
418,68	390,97128
418,94	392,51795
419,20	391,35128
419,46	391,59795
419,73	391,26462
419,99	396,56462
420,25	393,62462
420,51	408,37128
420,78	406,82462
421,04	402,38462
421,30	383,49795
421,56	385,67795
421,82	393,72462
422,09	401,07795
422,35	397,19128
422,61	398,99795
422,87	425,80462
423,14	428,10462
423,40	428,77128
423,66	397,87795
423,92	402,65795
424,18	401,45795
424,45	402,27128
424,71	394,92462
424,97	396,87128
425,23	397,81128
425,49	401,63128
425,76	407,65795
426,02	417,69795
426,28	426,75128
426,54	426,87128
426,81	427,09128
427,07	425,73128
427,33	423,24462
427,59	426,04462
427,85	431,25128
428,12	443,77795
428,38	440,91128
428,64	427,75128
428,90	406,90462
429,16	397,47128
429,43	391,46462
429,69	388,13128
429,95	383,94462
430,21	384,05128
430,47	388,51795
430,74	383,09795
431,00	378,54462
431,26	370,11795
431,52	371,69128
431,78	374,74462
432,05	378,29795
432,31	387,39795
432,57	385,46462
432,83	382,19128
433,09	376,09795
433,35	380,19795
433,62	381,70462
433,88	380,13128
434,14	379,17128
434,40	381,59795
434,66	386,90462
434,93	387,13128
435,19	390,55795
435,45	390,21128
435,71	401,59795
435,97	405,33128
436,23	406,57795
436,50	402,88462
436,76	400,16462
437,02	404,11795
437,28	400,63795
437,54	406,27795
437,81	403,23128
438,07	407,05128
438,33	407,25795
438,59	409,99128
438,85	408,93795
439,11	399,12462
439,38	397,60462
439,64	393,25128
439,90	397,55795
440,16	396,82462
440,42	399,06462
440,68	403,65795
440,95	401,89795
441,21	409,79128
441,47	415,33128
441,73	421,14462
441,99	423,02462
442,25	419,71128
442,52	422,28462
442,78	415,69128
443,04	416,07128
443,30	414,77795
443,56	420,75128
443,82	425,28462
444,08	429,77128
444,35	429,93128
444,61	424,69795
444,87	417,39795
445,13	420,29128
445,39	414,94462
445,65	416,07128
445,92	400,73795
446,18	402,43128
446,44	400,36462
446,70	403,73128
446,96	403,09795
447,22	402,35128
447,48	401,23128
447,75	399,52462
448,01	401,16462
448,27	395,66462
448,53	393,40462
448,79	393,13128
449,05	399,86462
449,31	398,81795
449,58	397,53795
449,84	399,60462
450,10	408,21128
450,36	408,83128
450,62	411,25128
450,88	413,30462
451,14	420,38462
451,41	423,69128
451,67	421,77795
451,93	416,55128
452,19	413,29128
452,45	414,84462
452,71	415,87795
452,97	412,86462
453,23	417,69128
453,50	422,45128
453,76	429,45128
454,02	425,52462
454,28	424,85795
454,54	423,37795
454,80	422,51128
455,06	411,44462
455,32	400,75128
455,59	388,59128
455,85	387,52462
456,11	386,19128
456,37	387,45795
456,63	386,82462
456,89	390,93128
457,15	402,23795
457,41	411,77128
457,68	425,05795
457,94	426,70462
458,20	435,53795
458,46	441,39795
458,72	455,02462
458,98	472,63128
459,24	487,52462
459,50	495,25128
459,76	485,77795
460,03	469,74462
460,29	463,95795
460,55	466,10462
460,81	473,97795
461,07	473,26462
461,33	480,81128
461,59	491,05795
461,85	494,39128
462,11	494,74462
462,37	493,31795
462,64	502,25128
462,90	504,01128
463,16	511,45128
463,42	524,13795
463,68	540,91128
463,94	552,15128
464,20	559,26462
464,46	562,52462
464,72	571,07128
464,98	573,27128
465,24	584,97128
465,51	592,96462
465,77	603,17128
466,03	582,98462
466,29	551,59795
466,55	516,78462
466,81	501,37795
467,07	495,11128
467,33	489,94462
467,59	493,22462
467,85	488,47795
468,11	481,69795
468,38	468,65128
468,64	466,60462
468,90	462,96462
469,16	465,33128
469,42	463,27128
469,68	465,91128
469,94	470,80462
470,20	476,03795
470,46	478,41795
470,72	475,20462
470,98	467,96462
471,24	463,33128
471,50	456,37128
471,77	450,21795
472,03	446,97128
472,29	436,90462
472,55	434,65795
472,81	434,09128
473,07	437,98462
473,33	430,71128
473,59	428,24462
473,85	423,77128
474,11	428,19795
474,37	424,28462
474,63	423,42462
474,89	429,69795
475,15	437,91128
475,41	450,95128
475,68	454,26462
475,94	459,82462
476,20	463,86462
476,46	474,12462
476,72	474,63795
476,98	480,67795
477,24	480,13795
477,50	487,95128
477,76	494,77128
478,02	507,97795
478,28	520,31795
478,54	524,88462
478,80	534,70462
479,06	543,29128
479,32	560,07795
479,58	559,59795
479,84	563,88462
480,10	557,34462
480,36	563,27128
480,63	564,60462
480,89	560,73128
481,15	555,33795
481,41	547,99795
481,67	549,76462
481,93	551,13795
482,19	550,91795
482,45	553,63128
482,71	551,55128
482,97	551,37795
483,23	552,50462
483,49	556,07128
483,75	566,42462
484,01	571,55128
484,27	577,04462
484,53	585,20462
484,79	603,05128
485,05	610,07128
485,31	616,78462
485,57	613,27795
485,83	624,13795
486,09	629,06462
486,35	638,49128
486,61	642,49128
486,87	651,49795
487,13	662,71128
487,39	675,77128
487,65	682,50462
487,91	683,27795
488,17	680,87128
488,43	678,13795
488,70	683,75128
488,96	693,02462
489,22	700,76462
489,48	708,45795
489,74	715,90462
490,00	730,13795
490,26	740,65795
490,52	757,09128
490,78	769,85128
491,04	783,97128
491,30	799,41128
491,56	814,42462
491,82	824,87795
492,08	832,03128
492,34	847,04462
492,60	860,93128
492,86	873,56462
493,12	879,22462
493,38	890,21128
493,64	898,16462
493,90	903,96462
494,16	902,72462
494,42	903,49795
494,68	906,75795
494,94	922,24462
495,20	931,79128
495,46	940,59795
495,72	938,15795
495,98	941,56462
496,24	942,26462
496,50	949,03795
496,76	964,08462
497,02	978,37128
497,28	992,85795
497,54	1009,53128
497,80	1026,43795
498,06	1045,55128
498,32	1056,86462
498,58	1086,45128
498,84	1112,30462
499,10	1146,25795
499,36	1179,69128
499,62	1220,81795
499,88	1258,35795
500,14	1281,10462
500,40	1296,38462
500,66	1311,19795
500,92	1319,55128
501,18	1309,21795
501,44	1282,05128
501,69	1252,75128
501,95	1233,86462
502,21	1214,51128
502,47	1190,23795
502,73	1160,84462
502,99	1137,57795
503,25	1119,59795
503,51	1108,27128
503,77	1096,33795
504,03	1091,84462
504,29	1085,71128
504,55	1079,92462
504,81	1063,29128
505,07	1046,44462
505,33	1033,20462
505,59	1026,47128
505,85	1026,70462
506,11	1025,01795
506,37	1025,53128
506,63	1022,06462
506,89	1022,57128
507,15	1024,42462
507,41	1024,38462
507,67	1024,20462
507,93	1026,50462
508,19	1031,07128
508,45	1032,34462
508,71	1030,72462
508,97	1041,15795
509,23	1083,39795
509,49	1153,50462
509,74	1227,30462
510,00	1271,69795
510,26	1286,99128
510,52	1283,57795
510,78	1343,86462
511,04	1445,91795
511,30	1452,36462
511,56	1316,21128
511,82	1131,64462
512,08	1043,90462
512,34	1040,57128
512,60	1034,99795
512,86	1038,26462
513,12	1041,67128
513,38	1070,91795
513,64	1130,27795
513,90	1222,76462
514,16	1353,35128
514,42	1480,24462
514,67	1590,05795
514,93	1653,77795
515,19	1679,05795
515,45	1718,92462
515,71	1842,34462
515,97	1867,11128
516,23	1711,47128
516,49	1429,84462
516,75	1245,95795
517,01	1192,52462
517,27	1159,66462
517,53	1126,14462
517,79	1098,93128
518,05	1078,03795
518,31	1067,58462
518,56	1059,35795
518,82	1059,79795
519,08	1058,41128
519,34	1073,59795
519,60	1096,57795
519,86	1154,03795
520,12	1244,78462
520,38	1401,41128
520,64	1612,98462
520,90	1828,55128
521,16	2004,01795
521,42	2098,00462
521,68	2136,00462
521,93	2204,29128
522,19	2393,85128
522,45	2468,74462
522,71	2201,24462
522,97	1723,17795
523,23	1338,26462
523,49	1213,07795
523,75	1151,59795
524,01	1095,82462
524,27	1036,78462
524,53	989,89795
524,79	950,69795
525,04	923,89795
525,30	895,02462
525,56	874,70462
525,82	855,37795
526,08	843,90462
526,34	827,47128
526,60	824,65128
526,86	813,67128
527,12	810,36462
527,38	800,78462
527,63	805,50462
527,89	815,51795
528,15	830,39795
528,41	844,85128
528,67	861,89128
528,93	877,03795
529,19	880,71128
529,45	882,24462
529,71	896,31128
529,97	904,17795
530,22	890,86462
530,48	852,86462
530,74	820,59795
531,00	805,60462
531,26	799,10462
531,52	791,51128
531,78	778,07795
532,04	768,97128
532,30	763,95128
532,55	771,17795
532,81	769,52462
533,07	762,49795
533,33	751,78462
533,59	745,17128
533,85	743,45795
534,11	751,09795
534,37	758,55128
534,62	766,66462
534,88	758,29795
535,14	752,36462
535,40	750,57128
535,66	758,00462
535,92	762,59795
536,18	765,30462
536,44	758,31128
536,69	747,69128
536,95	738,48462
537,21	736,33128
537,47	741,03128
537,73	745,63795
537,99	742,49795
538,25	741,52462
538,51	738,15795
538,76	737,71795
539,02	736,00462
539,28	740,28462
539,54	746,94462
539,80	746,33128
540,06	741,84462
540,32	738,21795
540,57	736,79128
540,83	735,54462
541,09	726,59795
541,35	718,11795
541,61	712,11795
541,87	708,33795
542,13	716,39128
542,38	718,58462
542,64	720,90462
542,90	718,21795
543,16	709,76462
543,42	714,39128
543,68	709,89128
543,94	712,65128
544,19	709,12462
544,45	711,50462
544,71	711,77795
544,97	711,25795
545,23	703,77128
545,49	702,44462
545,74	694,59128
546,00	699,82462
546,26	690,67795
546,52	699,40462
546,78	700,27128
547,04	708,72462
547,29	703,63128
547,55	697,79795
547,81	696,76462
548,07	698,61795
548,33	699,66462
548,59	700,69128
548,84	700,77795
549,10	699,63128
549,36	698,86462
549,62	696,70462
549,88	698,05795
550,14	696,98462
550,39	694,49128
550,65	697,60462
550,91	699,87795
551,17	699,58462
551,43	698,91795
551,69	699,56462
551,94	710,34462
552,20	715,73795
552,46	724,61795
552,72	723,19128
552,98	724,75128
553,24	724,04462
553,49	729,22462
553,75	732,05128
554,01	735,41795
554,27	734,06462
554,53	733,33128
554,78	721,97128
555,04	711,09128
555,30	698,58462
555,56	690,97795
555,82	691,31128
556,07	688,92462
556,33	687,93128
556,59	679,36462
556,85	674,28462
557,11	675,25128
557,37	673,01795
557,62	665,03795
557,88	656,59795
558,14	657,91795
558,40	656,11795
558,66	654,43795
558,91	645,66462
559,17	650,31128
559,43	652,89795
559,69	653,09795
559,95	648,58462
560,20	642,87795
560,46	648,61128
560,72	652,37795
560,98	661,77128
561,24	656,63128
561,49	658,27128
561,75	655,41128
562,01	662,27795
562,27	667,40462
562,52	670,44462
562,78	671,25128
563,04	671,79128
563,30	667,99128
563,56	668,07795
563,81	674,09795
564,07	686,84462
564,33	701,97795
564,59	704,66462
564,85	709,57795
565,10	724,91795
565,36	741,94462
565,62	762,99128
565,88	765,63128
566,13	781,56462
566,39	794,73128
566,65	818,87795
566,91	838,35128
567,17	849,74462
567,42	863,25128
567,68	859,47128
567,94	862,05128
568,20	851,15795
568,45	848,37795
568,71	838,16462
568,97	824,65795
569,23	821,01128
569,49	811,45128
569,74	803,90462
570,00	779,53128
570,26	775,84462
570,52	779,61128
570,77	775,79795
571,03	750,22462
571,29	717,40462
571,55	697,19795
571,80	676,97795
572,06	659,61795
572,32	646,24462
572,58	650,07128
572,83	647,06462
573,09	639,62462
573,35	629,65795
573,61	622,92462
573,86	620,88462
574,12	612,19128
574,38	611,75128
574,64	607,73128
574,89	611,03128
575,15	616,47795
575,41	616,13128
575,67	613,05128
575,92	604,89795
576,18	611,71795
576,44	621,16462
576,70	638,23795
576,95	668,49795
577,21	707,32462
577,47	747,14462
577,73	778,88462
577,98	792,52462
578,24	802,77128
578,50	836,54462
578,76	883,82462
579,01	852,97795
579,27	765,27795
579,53	671,42462
579,79	637,25128
580,04	620,33795
580,30	595,71795
580,56	580,86462
580,81	570,55795
581,07	566,76462
581,33	563,25795
581,59	560,83795
581,84	563,45795
582,10	566,82462
582,36	566,91795
582,62	564,61128
582,87	563,99795
583,13	573,50462
583,39	574,30462
583,64	577,04462
583,90	567,52462
584,16	566,03128
584,42	561,77128
584,67	562,49795
584,93	565,73128
585,19	566,37795
585,45	567,41795
585,70	561,90462
585,96	563,82462
586,22	562,70462
586,47	560,85128
586,73	559,55128
586,99	557,22462
587,25	560,38462
587,50	560,01795
587,76	565,44462
588,02	573,02462
588,27	585,07795
588,53	600,01128
588,79	604,06462
589,04	603,75128
589,30	613,55128
589,56	623,87795
589,82	629,17795
590,07	619,82462
590,33	605,83795
590,59	593,13795
590,84	581,66462
591,10	582,43128
591,36	586,13795
591,61	588,20462
591,87	592,89795
592,13	596,25128
592,39	600,65128
592,64	603,48462
592,90	602,61128
593,16	608,61128
593,41	611,33128
593,67	619,16462
593,93	614,61128
594,18	614,77128
594,44	612,90462
594,70	610,79128
594,95	605,50462
595,21	603,30462
595,47	596,51128
595,73	588,74462
595,98	580,09795
596,24	576,11128
596,50	565,97128
596,75	562,02462
597,01	559,13128
597,27	559,73128
597,52	554,67128
597,78	551,41795
598,04	549,44462
598,29	538,57128
598,55	536,31795
598,81	529,81795
599,06	532,70462
599,32	526,38462
599,58	532,19128
599,83	527,68462
600,09	528,18462
600,35	523,57795
600,60	525,98462
600,86	529,43795
601,12	529,17128
601,37	530,31128
601,63	522,75795
601,89	519,72462
602,14	515,78462
602,40	516,57128
602,66	513,78462
602,91	508,91795
603,17	511,63795
603,43	514,79128
603,68	521,79795
603,94	517,63795
604,20	513,91795
604,45	507,01128
604,71	506,19795
604,97	506,35795
605,22	507,93795
605,48	507,89128
605,74	510,03128
605,99	510,30462
606,25	507,87795
606,51	503,81128
606,76	496,29795
607,02	502,22462
607,27	500,00462
607,53	506,16462
607,79	501,51795
608,04	498,99795
608,30	495,95795
608,56	493,34462
608,81	500,63795
609,07	501,85795
609,33	509,67128
609,58	511,85795
609,84	514,33795
610,10	512,27795
610,35	505,78462
610,61	506,38462
610,86	502,21795
611,12	505,03795
611,38	501,57128
611,63	500,23795
611,89	498,02462
612,15	500,22462
612,40	496,94462
612,66	494,63128
612,92	487,39795
613,17	494,95795
613,43	497,97128
613,68	502,77128
613,94	498,43128
614,20	496,35128
614,45	494,65128
614,71	501,86462
614,97	499,14462
615,22	501,92462
615,48	498,73795
615,73	505,35795
615,99	506,69128
616,25	507,79128
616,50	511,80462
616,76	512,73795
617,01	515,35795
617,27	508,07795
617,53	507,95128
617,78	513,77128
618,04	520,79128
618,30	523,93795
618,55	511,47795
618,81	510,31795
619,06	504,43795
619,32	506,40462
619,58	502,44462
619,83	504,39128
620,09	502,39128
620,34	501,07795
620,60	496,92462
620,86	497,03128
621,11	496,90462
621,37	504,55795
621,62	505,45795
621,88	502,79128
622,14	495,10462
622,39	497,25128
622,65	500,48462
622,90	500,07795
623,16	499,07795
623,42	498,20462
623,67	493,95128
623,93	493,19795
624,18	488,88462
624,44	497,91128
624,70	498,69795
624,95	498,71795
625,21	494,71795
625,46	492,50462
625,72	499,79128
625,98	497,91128
626,23	497,93128
626,49	490,75795
626,74	492,16462
627,00	493,43795
627,25	493,81128
627,51	495,09128
627,77	490,10462
628,02	484,13795
628,28	480,80462
628,53	481,25128
628,79	486,69128
629,04	482,60462
629,30	480,99128
629,56	481,74462
629,81	480,19128
630,07	480,75795
630,32	477,08462
630,58	486,46462
630,83	483,01128
631,09	482,29128
631,35	475,81795
631,60	478,43795
631,86	480,37128
632,11	480,43128
632,37	472,86462
632,62	467,15128
632,88	463,22462
633,14	465,27128
633,39	466,44462
633,65	473,66462
633,90	478,06462
634,16	479,21128
634,41	471,58462
634,67	469,33795
634,93	470,57128
635,18	473,61795
635,44	468,93795
635,69	465,97795
635,95	467,75795
636,20	475,10462
636,46	471,96462
636,71	468,75128
636,97	463,50462
637,22	466,15795
637,48	461,47795
637,74	463,37795
637,99	464,57128
638,25	466,74462
638,50	461,13128
638,76	460,65795
639,01	456,51795
639,27	454,24462
639,52	451,68462
639,78	456,24462
640,03	455,84462
640,29	451,63128
640,55	447,13128
640,80	446,63795
641,06	443,35128
641,31	447,44462
641,57	448,33128
641,82	454,11795
642,08	453,01128
642,33	454,61795
642,59	455,33795
642,84	456,17128
643,10	453,51128
643,35	451,51795
643,61	450,12462
643,87	452,07795
644,12	453,51795
644,38	450,47795
644,63	453,44462
644,89	458,39795
645,14	463,08462
645,40	461,57128
645,65	462,61128
645,91	464,24462
646,16	474,57128
646,42	479,09128
646,67	481,33128
646,93	481,39795
647,18	484,07128
647,44	487,10462
647,69	487,24462
647,95	483,97795
648,20	485,19795
648,46	485,42462
648,71	487,55128
648,97	489,60462
649,22	491,05795
649,48	490,06462
649,73	487,38462
649,99	482,82462
650,24	486,73795
650,50	490,61128
650,75	495,43795
651,01	493,55128
651,26	492,17795
651,52	490,46462
651,77	488,67128
652,03	490,87128
652,28	492,32462
652,54	502,43128
652,79	512,81795
653,05	524,55795
653,30	530,05795
653,56	532,83128
653,81	540,17128
654,07	553,05128
654,32	568,39795
654,58	588,07128
654,83	611,45795
655,09	633,07128
655,34	657,53795
655,60	681,91128
655,85	704,19795
656,11	728,47128
656,36	740,82462
656,62	749,65795
656,87	740,73128
657,13	722,65128
657,38	705,59128
657,64	683,88462
657,89	664,45795
658,15	633,51128
658,40	606,10462
658,66	585,43128
658,91	567,12462
659,17	554,15128
659,42	539,57128
659,68	529,98462
659,93	516,33795
660,19	505,67128
660,44	503,33795
660,70	502,60462
660,95	499,44462
661,20	491,63795
661,46	483,79128
661,71	475,58462
661,97	468,29795
662,22	466,27795
662,48	465,21795
662,73	461,44462
662,99	460,21795
663,24	458,23795
663,50	451,61795
663,75	445,28462
664,01	434,05795
664,26	437,85795
664,52	429,90462
664,77	433,61795
665,02	431,24462
665,28	432,25128
665,53	428,49128
665,79	427,05128
666,04	426,18462
666,30	423,69795
666,55	420,11795
666,81	412,29128
667,06	408,58462
667,32	406,83128
667,57	405,97795
667,82	402,45128
668,08	399,17795
668,33	397,04462
668,59	393,57795
668,84	391,29128
669,10	386,33128
669,35	401,66462
669,61	391,21128
669,86	393,46462
670,11	372,91795
670,37	378,47795
670,62	375,73128
670,88	377,34462
671,13	369,53128
671,39	363,99128
671,64	360,66462
671,90	363,10462
672,15	365,58462
672,40	365,34462
672,66	362,14462
672,91	367,69795
673,17	371,11128
673,42	376,90462
673,68	374,13128
673,93	372,65128
674,18	372,38462
674,44	372,91795
674,69	373,97128
674,95	374,43128
675,20	368,50462
675,46	363,62462
675,71	354,90462
675,96	355,87128
676,22	348,35795
676,47	347,76462
676,73	342,51795
676,98	342,57128
677,23	342,69128
677,49	343,57128
677,74	346,63795
678,00	339,40462
678,25	334,81795
678,51	334,21795
678,76	330,23795
679,01	330,95128
679,27	324,09128
679,52	322,17128
679,78	319,17795
680,03	320,39128
680,28	321,13128
680,54	318,36462
680,79	311,44462
681,05	312,71795
681,30	309,78462
681,55	311,57795
681,81	312,66462
682,06	320,11128
682,32	322,30462
682,57	323,52462
682,82	317,26462
683,08	313,00462
683,33	302,27795
683,59	304,49795
683,84	301,53795
684,09	305,23795
684,35	299,67128
684,60	304,73128
684,86	303,77128
685,11	309,53128
685,36	307,17795
685,62	311,46462
685,87	300,19795
686,13	296,23795
686,38	288,03128
686,63	294,68462
686,89	299,65795
687,14	310,07128
687,40	306,79128
687,65	306,36462
687,90	300,31795
688,16	301,49795
688,41	297,53128
688,66	294,81795
688,92	294,95128
689,17	293,50462
689,43	292,11795
689,68	292,72462
689,93	294,33795
690,19	295,59128
690,44	289,98462
690,69	287,64462
690,95	288,17795
691,20	294,34462
691,46	292,93795
691,71	295,93795
691,96	294,39795
692,22	297,89795
692,47	292,71795
692,72	289,99128
692,98	287,53795
693,23	288,37128
693,49	289,21128
693,74	289,01128
693,99	287,53795
694,25	285,66462
694,50	282,68462
694,75	281,48462
695,01	273,49128
695,26	275,64462
695,51	274,17795
695,77	274,40462
696,02	271,04462
696,27	270,89128
696,53	276,70462
696,78	278,26462
697,04	278,74462
697,29	275,01795
697,54	272,73795
697,80	268,53795
698,05	268,07128
698,30	265,84462
698,56	264,14462
698,81	264,42462
699,06	264,64462
699,32	262,45128
699,57	261,79795
699,82	264,26462
700,08	263,82462
700,33	261,89795
700,58	257,53128
700,84	258,73128
701,09	254,37795
701,34	252,92462
701,60	254,29795
701,85	255,56462
702,10	256,57795
702,36	257,19795
702,61	253,33795
702,86	249,21128
703,12	241,79795
703,37	244,95795
703,62	243,48462
703,88	244,53795
704,13	239,70462
704,38	241,39795
704,64	246,96462
704,89	250,26462
705,14	254,51795
705,40	252,30462
705,65	249,42462
705,90	240,91128
706,16	234,32462
706,41	235,99795
706,66	237,57128
706,92	237,09128
707,17	239,13795
707,42	244,91795
707,68	241,00462
707,93	236,69795
708,18	231,88462
708,44	240,99795
708,69	241,95128
708,94	240,55128
709,19	235,56462
709,45	237,63795
709,70	234,09128
709,95	233,85128
710,21	225,31128
710,46	224,05128
710,71	228,07795
710,97	229,38462
711,22	230,61795
711,47	222,73795
711,73	223,30462
711,98	224,15795
712,23	222,19795
712,48	220,05795
712,74	217,37128
712,99	219,10462
713,24	216,97128
713,50	219,93128
713,75	225,71795
714,00	232,21795
714,26	230,09128
714,51	230,09795
714,76	232,87795
715,01	238,16462
715,27	246,49795
715,52	249,81128
715,77	254,02462
716,03	250,57128
716,28	251,53128
716,53	255,18462
716,78	252,82462
717,04	250,10462
717,29	245,09128
717,54	243,15795
717,80	236,17128
718,05	230,68462
718,30	225,87128
718,55	227,46462
718,81	222,73128
719,06	223,29128
719,31	219,84462
719,57	216,30462
719,82	213,45128
720,07	213,01128
720,32	212,16462
720,58	212,51128
720,83	208,67128
721,08	208,31795
721,33	204,10462
721,59	207,85128
721,84	210,21795
722,09	212,27795
722,35	208,52462
722,60	205,37795
722,85	203,18462
723,10	200,39128
723,36	198,94462
723,61	196,09128
723,86	197,66462
724,11	200,06462
724,37	195,61795
724,62	191,91795
724,87	187,19795
725,12	188,61128
725,38	188,08462
725,63	187,52462
725,88	184,65128
726,13	184,67795
726,39	179,30462
726,64	185,08462
726,89	185,27795
727,14	187,89795
727,40	185,95128
727,65	186,40462
727,90	190,61795
728,15	192,15128
728,41	187,50462
728,66	187,03795
728,91	181,79128
729,16	185,23128
729,42	185,45128
729,67	187,50462
729,92	181,31795
730,17	177,33128
730,43	176,76462
730,68	183,24462
730,93	184,03128
731,18	182,21128
731,44	179,16462
731,69	178,41795
731,94	177,99795
732,19	181,04462
732,45	182,73795
732,70	187,88462
732,95	182,72462
733,20	177,18462
733,45	174,07128
733,71	176,98462
733,96	176,57795
734,21	177,31128
734,46	176,17795
734,72	177,70462
734,97	176,38462
735,22	173,05128
735,47	174,25128
735,72	173,96462
735,98	173,05795
736,23	173,91795
736,48	174,13128
736,73	178,07795
736,99	175,25128
737,24	176,32462
737,49	175,61128
737,74	178,45795
737,99	183,75128
738,25	185,67128
738,50	184,74462
738,75	177,05795
739,00	178,13128
739,25	182,45795
739,51	182,48462
739,76	181,97795
740,01	181,51128
740,26	186,47795
740,52	190,61128
740,77	201,63128
741,02	207,32462
741,27	216,53795
741,52	223,37795
741,78	237,03795
742,03	245,72462
742,28	251,67795
742,53	259,51795
742,78	275,38462
743,04	296,45128
743,29	321,96462
743,54	341,81128
743,79	348,86462
744,04	343,70462
744,30	340,65128
744,55	341,79795
744,80	351,33128
745,05	350,67795
745,30	348,64462
745,55	343,58462
745,81	361,74462
746,06	388,13795
746,31	412,65128
746,56	418,01795
746,81	416,66462
747,07	416,00462
747,32	417,55795
747,57	420,33795
747,82	408,43795
748,07	386,39128
748,32	346,95795
748,58	313,92462
748,83	283,61795
749,08	264,80462
749,33	248,87128
749,58	236,39795
749,84	226,34462
750,09	212,29795
750,34	203,77795
750,59	198,33795
750,84	193,00462
751,09	193,66462
751,35	188,75128
751,60	190,11795
751,85	178,78462
752,10	168,88462
752,35	169,33128
752,60	168,55128
752,86	172,15795
753,11	163,03128
753,36	161,08462
753,61	157,60462
753,86	154,24462
754,11	151,27795
754,37	145,32462
754,62	144,91795
754,87	144,79795
755,12	150,27128
755,37	152,77128
755,62	153,59128
755,87	147,62462
756,13	144,29795
756,38	144,21128
756,63	148,49795
756,88	154,83795
757,13	154,01795
757,38	154,09795
757,64	146,38462
757,89	144,33128
758,14	146,09128
758,39	145,17128
758,64	147,99128
758,89	142,33128
759,14	144,49128
759,40	143,39128
759,65	142,17128
759,90	141,99128
760,15	136,80462
760,40	131,26462
760,65	125,91795
760,90	126,07128
761,15	128,13128
761,41	132,03795
761,66	130,59795
761,91	134,85795
762,16	130,37128
762,41	136,75128
762,66	132,85128
762,91	135,77128
763,17	133,31128
763,42	134,79128
763,67	137,71128
763,92	138,29795
764,17	138,49128
764,42	134,51795
764,67	134,57795
764,92	138,11795
765,18	138,25795
765,43	134,08462
765,68	137,67795
765,93	142,79795
766,18	144,11128
766,43	140,83795
766,68	138,96462
766,93	139,09795
767,18	136,90462
767,44	136,25128
767,69	132,14462
767,94	132,62462
768,19	128,26462
768,44	128,47795
768,69	127,92462
768,94	133,43795
769,19	135,30462
769,44	137,71128
769,70	131,19128
769,95	132,59128
770,20	132,74462
770,45	140,89795
770,70	143,35128
770,95	141,50462
771,20	134,83128
771,45	138,02462
771,70	138,35128
771,95	140,29128
772,21	140,60462
772,46	142,10462
772,71	144,11128
772,96	143,82462
773,21	144,65795
773,46	153,44462
773,71	158,12462
773,96	159,73128
774,21	162,29795
774,46	168,91795
774,72	181,49128
774,97	191,44462
775,22	203,73795
775,47	229,69128
775,72	266,58462
775,97	332,66462
776,22	422,75128
776,47	537,41795
776,72	625,76462
776,97	669,88462
777,22	662,65128
777,47	648,46462
777,73	641,39795
777,98	643,26462
778,23	610,51128
778,48	540,08462
778,73	441,72462
778,98	361,57795
779,23	303,98462
779,48	264,65128
779,73	229,63128
779,98	202,77795
780,23	187,01795
780,48	175,33128
780,73	170,43128
780,98	164,05128
781,24	159,65128
781,49	150,19128
781,74	140,89795
781,99	138,13128
782,24	135,05128
782,49	133,27128
782,74	129,37128
782,99	128,89795
783,24	125,99795
783,49	125,19795
783,74	121,43128
783,99	126,03795
784,24	122,41795
784,49	121,05128
784,74	117,13795
784,99	119,07795
785,24	115,42462
785,49	109,07128
785,75	113,70462
786,00	121,07795
786,25	121,58462
786,50	114,70462
786,75	106,70462
787,00	112,88462
787,25	112,19128
787,50	115,44462
787,75	111,24462
788,00	118,09128
788,25	111,73795
788,50	110,08462
788,75	104,15795
789,00	106,37795
789,25	104,53128
789,50	101,03795
789,75	101,09128
790,00	105,37795
790,25	106,21128
790,50	116,35128
790,75	120,49795
791,00	120,78462
791,25	118,27128
791,50	113,33128
791,75	116,71795
792,01	126,69795
792,26	142,96462
792,51	167,83795
792,76	176,81128
793,01	181,31795
793,26	169,47795
793,51	169,75795
793,76	183,53128
794,01	207,01128
794,26	215,92462
794,51	209,39795
794,76	191,75128
795,01	183,46462
795,26	177,34462
795,51	175,99128
795,76	166,84462
796,01	160,01795
796,26	149,24462
796,51	138,40462
796,76	124,76462
797,01	113,67128
797,26	110,07795
797,51	104,37128
797,76	107,37795
798,01	103,59795
798,26	107,11128
798,51	101,55128
798,76	95,81128
799,01	90,65795
799,26	85,03795
799,51	85,97128
799,76	84,02462
800,01	89,34462
800,26	86,37795
800,51	88,48462
800,76	84,14462
801,01	86,10462
801,26	82,33795
801,51	80,85795
801,76	80,62462
802,01	79,28462
802,26	81,84462
802,51	84,95795
802,76	86,35795
803,01	85,00462
803,26	79,03795
803,51	78,47795
803,76	79,55795
804,01	82,64462
804,26	79,50462
804,51	75,15795
804,76	72,04462
805,01	73,17128
805,26	72,77795
805,51	72,71128
805,76	71,17128
806,01	81,79795
806,26	85,53128
806,51	87,41128
806,76	75,20462
807,01	71,24462
807,26	71,15128
807,51	73,31795
807,76	77,83128
808,01	91,65128
808,26	118,46462
808,50	149,75795
808,75	171,59128
809,00	172,55795
809,25	164,65795
809,50	152,43128
809,75	162,57795
810,00	163,13795
810,25	153,93128
810,50	132,42462
810,75	114,14462
811,00	109,44462
811,25	100,42462
811,50	100,01795
811,75	97,31795
812,00	92,30462
812,25	85,84462
812,50	75,57128
812,75	73,31128
813,00	73,55128
813,25	74,96462
813,50	75,27128
813,75	71,71795
814,00	73,56462
814,25	74,54462
814,50	80,55795
814,74	80,88462
814,99	86,34462
815,24	81,77128
815,49	83,29795
815,74	79,99795
815,99	86,77795
816,24	90,21795
816,49	94,61128
816,74	101,05128
816,99	104,52462
817,24	115,65128
817,49	122,56462
817,74	152,61795
817,99	174,79128
818,24	196,96462
818,49	203,95795
818,74	204,33128
818,98	210,79128
819,23	213,54462
819,48	224,69795
819,73	217,03128
819,98	214,05795
820,23	205,33128
820,48	222,13128
820,73	246,09128
820,98	280,13128
821,23	300,21128
821,48	309,98462
821,73	312,08462
821,98	315,84462
822,23	315,96462
822,47	312,67795
822,72	293,64462
822,97	272,23795
823,22	249,96462
823,47	236,69795
823,72	224,25795
823,97	212,49128
824,22	198,33128
824,47	180,33795
824,72	166,95128
824,97	155,62462
825,22	146,14462
825,46	132,13795
825,71	118,27128
825,96	107,63795
826,21	97,24462
826,46	90,07795
826,71	83,73128
826,96	85,35795
827,21	80,09128
827,46	77,30462
827,71	69,47128
827,96	67,19795
828,20	66,14462
828,45	65,91795
828,70	67,03128
828,95	63,53128
829,20	61,19795
829,45	58,01795
829,70	58,07795
829,95	57,49795
830,20	56,07128
830,45	60,63795
830,69	59,73128
830,94	58,99128
831,19	54,55795
831,44	50,35795
831,69	52,05128
831,94	50,76462
832,19	54,07795
832,44	49,91128
832,69	48,34462
832,93	48,63128
833,18	53,65128
833,43	52,79795
833,68	49,53795
833,93	48,69128
834,18	50,33795
834,43	52,08462
834,68	48,78462
834,92	45,53795
835,17	46,30462
835,42	48,65795
835,67	52,14462
835,92	49,79128
836,17	47,15128
836,42	44,03795
836,67	37,25795
836,91	40,91795
837,16	42,57128
837,41	44,24462
837,66	48,10462
837,91	52,95795
838,16	58,81128
838,41	54,03128
838,66	46,52462
838,90	48,54462
839,15	46,47795
839,40	49,84462
839,65	44,53128
839,90	44,07128
840,15	45,53795
840,40	45,45795
840,64	48,88462
840,89	45,50462
841,14	50,04462
841,39	48,69128
841,64	48,79795
841,89	51,43128
842,14	48,74462
842,38	59,81128
842,63	62,41795
842,88	67,84462
843,13	64,73795
843,38	73,17795
843,63	90,54462
843,87	117,94462
844,12	134,97795
844,37	145,37795
844,62	139,35795
844,87	135,73128
845,12	137,71128
845,37	136,26462
845,61	125,62462
845,86	106,55795
846,11	90,42462
846,36	78,01128
846,61	70,37128
846,86	64,62462
847,10	62,65128
847,35	64,51128
847,60	61,31128
847,85	57,60462
848,10	49,71128
848,35	49,14462
848,59	50,35795
848,84	46,59128
849,09	47,11128
849,34	44,18462
849,59	44,69128
849,84	38,33128
850,08	39,58462
850,33	36,39795
850,58	36,09128
850,83	37,29128
851,08	35,49128
851,32	35,02462
851,57	32,32462
851,82	39,60462
852,07	41,53128
852,32	46,43795
852,57	41,07795
852,81	45,34462
853,06	38,60462
853,31	42,44462
853,56	37,96462
853,81	38,97795
854,05	39,15128
854,30	37,85795
854,55	37,80462
854,80	35,69795
855,05	46,17128
855,29	47,12462
855,54	48,56462
855,79	42,31128
856,04	42,43128
856,29	45,07795
856,53	47,81795
856,78	48,35128
857,03	44,56462
857,28	44,39128
857,53	45,91795
857,77	53,08462
858,02	49,82462
858,27	49,77795
858,52	48,64462
858,77	52,52462
859,01	56,67128
859,26	59,23128
859,51	62,41795
859,76	60,57795
860,01	59,59795
860,25	57,70462
860,50	59,57795
860,75	57,73128
861,00	58,24462
861,25	56,27128
861,49	58,29128
861,74	59,80462
861,99	63,41795
862,24	72,38462
862,48	83,89795
862,73	91,73795
862,98	91,72462
863,23	94,07128
863,48	97,29795
863,72	102,01128
863,97	100,30462
864,22	94,47128
864,47	81,20462
864,71	71,08462
864,96	70,60462
865,21	73,75128
865,46	72,96462
865,70	70,00462
865,95	67,61795
866,20	74,06462
866,45	85,56462
866,70	99,43128
866,94	118,09795
867,19	138,09128
867,44	174,12462
867,69	207,45128
867,93	226,61128
868,18	229,47795
868,43	224,19795
868,68	221,31795
868,92	210,63795
869,17	189,27795
869,42	170,21795
869,67	150,18462
869,91	137,27795
870,16	122,38462
870,41	120,69128
870,66	124,33795
870,90	132,93128
871,15	129,80462
871,40	122,95128
871,65	114,11128
871,89	109,67795
872,14	101,99128
872,39	94,28462
872,64	85,17795
872,88	75,39795
873,13	62,28462
873,38	52,03795
873,63	53,97795
873,87	51,17128
874,12	44,40462
874,37	33,55795
874,62	33,66462
874,86	37,61795
875,11	39,09795
875,36	37,85795
875,60	32,92462
875,85	33,17795
876,10	33,53128
876,35	35,85795
876,59	32,89795
876,84	28,22462
877,09	29,57795
877,34	30,59795
877,58	30,63128
877,83	26,91128
878,08	24,71128
878,32	23,01128
878,57	20,99128
878,82	23,27128
879,07	21,83128
879,31	22,98462
879,56	21,40462
879,81	21,96462
880,06	20,71795
880,30	17,59795
880,55	26,11128
880,80	27,55128
881,04	29,57795
881,29	31,67795
881,54	35,67128
881,79	34,39128
882,03	22,74462
882,28	23,55795
882,53	25,84462
882,77	30,63795
883,02	26,38462
883,27	24,75795
883,51	20,63128
883,76	21,94462
884,01	24,31128
884,26	22,99128
884,50	19,62462
884,75	13,32462
885,00	15,33795
885,24	14,83128
885,49	15,92462
885,74	20,03795
885,98	15,44462
886,23	13,06462
886,48	9,83795
886,73	17,51795
886,97	22,33795
887,22	18,41128
887,47	12,70462
887,71	9,13128
887,96	9,11128
888,21	13,00462
888,45	16,54462
888,70	20,74462
888,95	16,71128
889,19	12,69128
889,44	11,12462
889,69	14,67795
889,93	11,36462
890,18	14,19795
890,43	14,56462
890,67	19,62462
890,92	13,23128
891,17	15,47795
891,42	18,40462
891,66	26,80462
891,91	25,56462
892,16	24,93795
892,40	24,67795
892,65	23,41128
892,90	21,23795
893,14	17,19795
893,39	17,76462
893,64	15,91128
893,88	10,82462
894,13	12,43795
894,38	17,03128
894,62	17,99128
894,87	12,79795
895,12	5,88462
895,36	9,01128
895,61	9,27128
895,86	10,65128
896,10	7,63795
896,35	6,99128
896,60	4,70462
896,84	5,21128
897,09	6,91128
897,33	12,29128
897,58	13,00462
897,83	14,84462
898,07	13,07128
898,32	14,48462
898,57	14,59795
898,81	17,13128
899,06	20,53128
899,31	28,73128
899,55	28,68462
899,80	22,67128
900,05	14,33128
900,29	12,88462
900,54	19,97128
900,79	18,49128
901,03	17,50462
901,28	14,69128
901,52	20,43795
901,77	26,56462
902,02	29,45128
902,26	23,20462
902,51	19,45128
902,76	13,13795
903,00	19,41128
903,25	20,25128
903,50	27,28462
903,74	28,73128
903,99	32,96462
904,23	40,21795
904,48	46,85795
904,73	55,45795
904,97	57,93128
905,22	61,33128
905,47	56,53128
905,71	54,06462
905,96	46,20462
906,20	46,25795
906,45	40,50462
906,70	38,62462
906,94	32,75795
907,19	30,31128
907,44	25,01795
907,68	21,17795
907,93	20,43795
908,17	15,01795
908,42	17,35128
908,67	13,00462
908,91	20,27128
909,16	21,42462
909,40	21,61128
909,65	16,67128
909,90	13,59795
910,14	13,39128
910,39	9,66462
910,63	10,31795
910,88	13,93795
911,13	23,77128
911,37	21,82462
911,62	17,37128
911,86	11,97795
912,11	13,48462
912,36	16,83128
912,60	16,69128
912,85	20,43795
913,09	19,39795
913,34	22,91128
913,59	13,26462
913,83	14,08462
914,08	9,13795
914,32	17,05128
914,57	17,86462
914,82	20,59795
915,06	19,17128
915,31	15,85795
915,55	16,65795
915,80	18,58462
916,05	16,75128
916,29	10,75795
916,54	5,83795
916,78	10,53128
917,03	15,67795
917,27	15,10462
917,52	12,12462
917,77	13,41128
918,01	15,37795
918,26	11,87128
918,50	7,87128
918,75	5,73795
919,00	7,90462
919,24	6,73795
919,49	2,97795
919,73	5,83795
919,98	4,51128
920,22	8,89795
920,47	6,49795
920,72	6,41795
920,96	4,84462
921,21	4,99795
921,45	8,63795
921,70	7,99128
921,94	10,49795
922,19	10,80462
922,43	11,63795
922,68	17,45795
922,93	17,97795
923,17	14,89128
923,42	3,47795
923,66	3,09128
923,91	4,79128
924,15	9,87128
924,40	9,98462
924,64	10,00462
924,89	8,70462
925,14	8,20462
925,38	9,97128
925,63	14,98462
925,87	20,59795
926,12	27,22462
926,36	27,42462
926,61	26,73795
926,85	51,96462
927,10	50,95795
927,35	49,79128
927,59	26,17128
927,84	22,58462
928,08	23,67795
928,33	18,33795
928,57	20,59795
928,82	21,66462
929,06	22,23128
929,31	21,81128
929,55	17,23795
929,80	20,67128
930,04	18,37128
930,29	17,22462
930,54	13,30462
930,78	13,54462
931,03	10,22462
931,27	13,36462
931,52	12,85128
931,76	16,18462
932,01	7,67128
932,25	6,62462
932,50	10,55795
932,74	12,84462
932,99	17,73795
933,23	11,39795
933,48	13,01128
933,72	9,59795
933,97	9,05795
934,21	16,21128
934,46	19,09128
934,70	25,03795
934,95	16,73128
935,19	9,01795
935,44	2,71795
935,68	3,59128
935,93	7,66462
936,18	9,80462
936,42	9,18462
936,67	6,54462
936,91	8,71128
937,16	14,89128
937,40	13,74462
937,65	7,56462
937,89	2,50462
938,14	6,41128
938,38	14,05795
938,63	21,31795
938,87	25,67795
939,12	32,07128
939,36	40,33128
939,61	45,25128
939,85	39,92462
940,10	26,23795
940,34	20,51128
940,59	16,69795
940,83	12,58462
941,08	11,37128
941,32	10,55128
941,57	14,51128
941,81	7,73128
942,06	6,78462
942,30	4,83128
942,55	8,63795
942,79	3,99128
943,03	2,83795
943,28	4,66462
943,52	15,51795
943,77	11,81795
944,01	4,02462
944,26	-6,42872
944,50	-6,29538
944,75	3,45128
944,99	9,32462
945,24	9,96462
945,48	9,71128
945,73	24,44462
945,97	25,35795
946,22	19,26462
946,46	2,28462
946,71	5,86462
946,95	6,47795
947,20	1,63795
947,44	-2,76872
947,69	-0,91538
947,93	1,55795
948,17	0,84462
948,42	-3,30872
948,66	-0,97538
948,91	-1,73538
949,15	-2,71538
949,40	-6,09538
949,64	-3,37538
949,89	-0,64872
950,13	0,63795
950,38	-2,85538
950,62	-2,06872
950,87	-0,68872
951,11	5,23128
951,35	3,81795
951,60	4,23795
951,84	0,60462
952,09	-0,65538
952,33	-1,16872
952,58	2,12462
952,82	-0,19538
953,07	-2,59538
953,31	-1,46205
953,56	3,31795
953,80	4,09795
954,04	-5,88872
954,29	-12,70872
954,53	-15,28205
954,78	-12,68872
955,02	-8,91538
955,27	-5,78872
955,51	-4,62205
955,76	-4,40205
956,00	-4,80205
956,24	-4,70205
956,49	-2,66872
956,73	0,07795
956,98	0,46462
957,22	6,09128
957,47	7,87795
957,71	6,47128
957,95	2,91128
958,20	2,01128
958,44	7,77795
958,69	3,75795
958,93	2,09128
959,18	-0,50205
959,42	4,37795
959,66	1,46462
959,91	-3,98872
960,15	-8,75538
960,40	-7,27538
960,64	-3,90872
960,89	-0,62872
961,13	31,42462
961,37	35,48462
961,62	36,91795
961,86	5,92462
962,11	6,95795
962,35	0,06462
962,59	-0,86872
962,84	-9,88205
963,08	-4,52205
963,33	-4,44872
963,57	-0,60205
963,81	-4,21538
964,06	-2,77538
964,30	2,81128
964,55	-0,60205
964,79	6,62462
965,04	6,22462
965,28	7,34462
965,52	-0,72205
965,77	-5,47538
966,01	-0,88205
966,26	-0,74205
966,50	2,17128
966,74	3,12462
966,99	5,82462
967,23	4,42462
967,48	1,73795
967,72	-1,74872
967,96	-5,56205
968,21	-2,76872
968,45	-2,86872
968,69	0,25128
968,94	4,73795
969,18	1,89795
969,43	-1,33538
969,67	-7,16872
969,91	-2,30872
970,16	1,71795
970,40	1,51128
970,65	-1,11538
970,89	-6,32872
971,13	-6,08205
971,38	-5,81538
971,62	3,55128
971,86	2,71128
972,11	4,09128
972,35	-1,47538
972,60	0,89795
972,84	4,01795
973,08	4,12462
973,33	0,76462
973,57	0,17795
973,81	2,20462
974,06	2,33795
974,30	-3,15538
974,55	-2,02205
974,79	2,27795
975,03	4,30462
975,28	1,99128
975,52	-3,77538
975,76	-2,46205
976,01	-4,47538
976,25	-1,02872
976,50	-2,86205
976,74	0,75128
976,98	2,55128
977,23	2,29128
977,47	2,35795
977,71	-0,13538
977,96	-3,53538
978,20	-9,38205
978,44	-11,82872
978,69	-3,24205
978,93	0,90462
979,17	3,09795
979,42	-0,48872
979,66	-1,89538
979,90	1,13795
980,15	7,20462
980,39	8,67795
980,64	3,89128
980,88	2,97795
981,12	4,13128
981,37	2,77795
981,61	-0,00205
981,85	-4,59538
982,10	-1,58872
982,34	-9,42872
982,58	-6,47538
982,83	-11,36872
983,07	-8,43538
983,31	-9,18205
983,56	-7,99538
983,80	-5,70205
984,04	-4,79538
984,29	0,83795
984,53	1,37795
984,77	1,27128
985,02	0,93128
985,26	-4,83538
985,50	1,79128
985,75	-1,71538
985,99	3,89128
986,23	-3,64205
986,48	-2,28872
986,72	-3,14872
986,96	2,11795
987,20	3,23795
987,45	1,07795
987,69	-6,88872
987,93	-4,28872
988,18	0,99795
988,42	5,84462
988,66	3,11128
988,91	-1,16872
989,15	-3,06205
989,39	-5,36205
989,64	-8,44205
989,88	-6,56872
990,12	-6,11538
990,37	-2,30205
990,61	-3,36205
990,85	-4,70205
991,10	-7,40205
991,34	-8,22872
991,58	-7,59538
991,82	-7,94205
992,07	-8,41538
992,31	-5,20872
992,55	-6,35538
992,80	-7,76205
993,04	-6,47538
993,28	0,91795
993,53	2,05128
993,77	-1,00872
994,01	-8,36872
994,25	-8,45538
994,50	-7,61538
994,74	-1,77538
994,98	-3,01538
995,23	-3,13538
995,47	-2,97538
995,71	-2,48205
995,95	-1,62872
996,20	0,87795
996,44	3,05795
996,68	0,08462
996,93	-6,23538
997,17	-6,14872
997,41	-4,44205
997,65	-5,56205
997,90	-8,54205
998,14	-9,52872
998,38	-5,38205
998,63	-4,24872
998,87	-4,42205
999,11	-8,76205
999,35	-7,99538
999,60	-9,03538
999,84	-6,75538
1000,08	0,57128
1000,32	4,17128
1000,57	4,25128
1000,81	3,81128
1001,05	3,27795
1001,30	6,26462
1001,54	0,49795
1001,78	5,04462
1002,02	3,87795
1002,27	5,77795
1002,51	-1,36205
1002,75	-2,96872
1002,99	-6,97538
1003,24	-7,88205
1003,48	-5,32872
1003,72	-9,64872
1003,96	-5,94872
1004,21	-5,77538
1004,45	2,85128
1004,69	1,29128
1004,93	0,30462
1005,18	-1,06205
1005,42	1,45795
1005,66	-2,72872
1005,90	-4,70205
1006,15	-9,84205
1006,39	-3,92872
1006,63	0,89795
1006,87	5,77128
1007,12	2,24462
1007,36	0,70462
1007,60	1,94462
1007,84	0,76462
1008,09	-0,82872
1008,33	-5,88872
1008,57	-3,67538
1008,81	-1,92872
1009,06	-1,72205
1009,30	-1,85538
1009,54	-1,65538
1009,78	1,39128
1010,03	1,95128
1010,27	-1,76205
1010,51	-1,35538
1010,75	-1,82872
1010,99	2,67128
1011,24	2,96462
1011,48	11,52462
1011,72	9,27795
1011,96	11,07128
1012,21	4,55128
1012,45	3,30462
1012,69	1,71795
1012,93	-2,00205
1013,18	0,10462
1013,42	-1,11538
1013,66	1,45128
1013,90	-1,67538
1014,14	-1,70872
1014,39	-0,67538
1014,63	-0,35538
1014,87	2,23128
1015,11	-1,78205
1015,35	-5,71538
1015,60	-2,15538
1015,84	1,59795
1016,08	2,85795
1016,32	-3,26872
1016,57	-7,20205
1016,81	-5,02205
1017,05	-4,46872
1017,29	-2,02872
1017,53	-2,24872
1017,78	-2,34205
1018,02	-5,57538
1018,26	-3,38205
1018,50	-4,45538
1018,74	0,55795
1018,99	-4,17538
1019,23	-8,00872
1019,47	-12,65538
1019,71	-8,81538
1019,95	-2,79538
1020,20	-1,77538
1020,44	-4,08872
1020,68	-4,76872
1020,92	0,89795
1021,16	0,87128
1021,41	0,01795
1021,65	-6,91538
1021,89	-7,66205
1022,13	-9,54872
1022,37	-10,06872
1022,61	-10,98205
1022,86	-12,59538
1023,10	-5,44872
1023,34	-3,54872
1023,58	0,15128
1023,82	-6,86872
1024,07	-6,47538
1024,31	-4,40872
1024,55	-3,70872
1024,79	-0,31538
1025,03	-6,74205
1025,27	-2,83538
1025,52	-8,46872
1025,76	-6,95538
1026,00	-5,40872
1026,24	-4,52872
1026,48	-4,19538
1026,73	-5,12872
1026,97	1,94462
1027,21	4,14462
1027,45	4,28462
1027,69	-0,83538
1027,93	0,77795
1028,18	-0,25538
1028,42	2,13128
1028,66	1,58462
1028,90	1,73128
1029,14	0,25128
1029,38	-2,90872
1029,62	-0,51538
1029,87	-0,40872
1030,11	3,79128
1030,35	-1,24205
1030,59	-2,08205
1030,83	-6,84205
1031,07	-7,92872
1031,32	-10,08872
1031,56	-2,16872
1031,80	2,43795
1032,04	7,05795
1032,28	-0,59538
1032,52	-0,30205
1032,76	-1,29538
1033,01	-1,34205
1033,25	-1,16205
1033,49	-1,95538
1033,73	-1,65538
1033,97	-7,74205
1034,21	-11,43538
1034,45	-12,85538
1034,70	-12,54205
1034,94	-8,88205
1035,18	17,97128
1035,42	21,10462
1035,66	25,53795
1035,90	3,97795
1036,14	-2,08872
1036,39	-3,58872
1036,63	-9,96872
1036,87	2,61128
1037,11	-1,50872
1037,35	1,61795
1037,59	-0,81538
1037,83	4,11128
1038,07	12,97128
1038,32	7,37128
1038,56	3,35128
1038,80	2,13128
1039,04	5,74462
1039,28	9,25795
1039,52	3,48462
1039,76	-0,73538
1040,00	-2,17538
1040,25	-5,58205
1040,49	-3,78872
1040,73	-4,60205
1040,97	-3,81538
1041,21	-1,28872
1041,45	-0,34872
1041,69	6,41795
1041,93	0,13795
1042,17	-1,09538
1042,42	-8,54872
1042,66	-7,17538
1042,90	-5,06872
1043,14	-8,03538
1043,38	-3,84205
1043,62	-6,41538
1043,86	-2,54205
1044,10	-1,86205
1044,34	4,09128
1044,59	5,81128
1044,83	2,89795
1045,07	-1,63538
1045,31	-1,65538
1045,55	-1,95538
1045,79	-9,76205
1046,03	-7,24872
1046,27	-3,14872
1046,51	2,25795
1046,75	-2,82205
1047,00	-6,67538
1047,24	-4,29538
1047,48	-3,66872
1047,72	-2,40872
1047,96	-4,84872
1048,20	-1,99538
1048,44	-0,86872
1048,68	-1,28205
1048,92	-3,53538
1049,16	-9,44872
1049,40	-8,96872
1049,64	-10,20205
1049,89	-3,80872
1050,13	-3,32872
1050,37	3,99795
1050,61	2,79795
1050,85	5,51795
1051,09	1,41795
1051,33	1,69795
1051,57	2,69128
1051,81	0,88462
1052,05	0,27795
1052,29	3,24462
1052,53	0,22462
1052,77	6,93128
1053,02	1,58462
1053,26	5,61128
1053,50	-1,46872
1053,74	-3,78205
1053,98	-3,78872
1054,22	-7,54872
1054,46	-5,34872
1054,70	-4,47538
1054,94	-4,87538
1055,18	-5,12205
1055,42	-2,73538
1055,66	-0,55538
1055,90	-3,30872
1056,14	-5,11538
1056,38	-0,16872
1056,62	-0,38872
1056,86	0,17795
1057,11	-2,53538
1057,35	-2,09538
1057,59	-9,62205
1057,83	-6,83538
1058,07	-2,17538
1058,31	9,39128
1058,55	7,91795
1058,79	3,92462
1059,03	-5,36205
1059,27	-5,13538
1059,51	-4,88872
1059,75	-2,82205
1059,99	-6,22205
1060,23	-6,58872
1060,47	-0,44872
1060,71	3,55795
1060,95	-1,70205
1061,19	-8,57538
1061,43	-11,63538
1061,67	-3,15538
1061,91	-1,26205
1062,15	-4,06205
1062,39	-8,18872
1062,64	-4,78205
1062,88	-2,89538
1063,12	0,05795
1063,36	3,89128
1063,60	10,29128
1063,84	18,79128
1064,08	40,87128
1064,32	86,92462
1064,56	118,30462
1064,80	108,70462
1065,04	75,29128
1065,28	41,14462
1065,52	28,78462
1065,76	14,45128
1066,00	12,65795
1066,24	7,11795
1066,48	6,30462
1066,72	2,91128
1066,96	-0,13538
1067,20	-5,55538
1067,44	-6,76205
1067,68	-5,94205
1067,92	-6,28205
1068,16	-4,33538
1068,40	-1,09538
1068,64	3,37128
1068,88	3,15128
1069,12	-1,70205
1069,36	0,21795
1069,60	-3,47538
1069,84	5,07128
1070,08	0,90462
1070,32	5,49128
1070,56	-1,57538
1070,80	-1,68205
1071,04	8,75795
1071,28	9,63128
1071,52	12,55128
1071,76	-1,82872
1072,00	0,11128
1072,24	-3,80205
1072,48	-2,90872
1072,72	-4,39538
1072,96	0,94462
1073,20	-2,54205
1073,44	1,27128
1073,68	-1,07538
1073,92	3,35795
1074,16	-2,90205
1074,40	-2,78872
1074,64	-5,48872
1074,88	-4,34205
1075,12	-3,46872
1075,36	-2,91538
1075,60	-0,40872
1075,84	-2,84872
1076,08	-2,43538
1076,32	-4,28872
1076,56	-6,58872
1076,80	-6,81538
1077,04	-10,88872
1077,28	-9,49538
1077,52	-13,78205
1077,76	-14,14205
1078,00	-12,54872
1078,24	-0,98205
1078,48	1,72462
1078,71	1,30462
1078,95	-5,07538
1079,19	-7,44872
1079,43	-13,24872
1079,67	-13,39538
1079,91	-8,61538
1080,15	-3,78872
1080,39	-3,61538
1080,63	-3,10205
1080,87	-2,50872
1081,11	-2,77538
1081,35	-3,34872
1081,59	-0,50205
1081,83	-2,00872
1082,07	-6,20205
1082,31	-7,84205
1082,55	-6,95538
1082,79	-4,39538
1083,03	-3,42872
1083,27	-7,42205
1083,51	-6,72872
1083,75	-8,41538
1083,99	-0,14205
1084,22	-1,02872
1084,46	-1,78872
1084,70	-1,52872
1084,94	-2,79538
1085,18	-3,18205
1085,42	-9,94205
1085,66	-7,91538
1085,90	-7,96205
1086,14	-1,13538
1086,38	5,13795
1086,62	1,65795
1086,86	3,01128
1087,10	-2,92205
1087,34	1,19795
1087,58	-5,92872
1087,82	-6,86872
1088,06	-3,93538
1088,29	2,59795
1088,53	0,85128
1088,77	-3,62872
1089,01	-5,28205
1089,25	-3,04205
1089,49	-0,18205
1089,73	-3,18872
1089,97	-1,73538
1090,21	-3,92205
1090,45	-2,84872
1090,69	-4,98205
1090,93	-5,78205
1091,17	-9,02872
1091,40	-3,99538
1091,64	-4,30872
1091,88	-2,97538
1092,12	-9,22872
1092,36	-7,14872
1092,60	-7,13538
1092,84	-3,05538
1093,08	-1,14205
1093,32	0,92462
1093,56	0,69128
1093,80	4,55128
1094,04	1,93128
1094,27	-1,26205
1094,51	-2,50205
1094,75	0,09128
1094,99	1,76462
1095,23	-1,52872
1095,47	25,18462
1095,71	23,79128
1095,95	22,76462
1096,19	-5,44205
1096,43	-3,15538
1096,66	-8,05538
1096,90	-9,33538
1097,14	-9,14205
1097,38	-8,54205
1097,62	-6,14872
1097,86	-7,40872
1098,10	-2,94872
1098,34	-1,18872
1098,58	-3,70872
1098,81	-2,89538
1099,05	-2,81538
1099,29	5,72462
1099,53	8,11128
1099,77	6,91128
1100,01	-2,08872
1100,25	-4,10205
1100,49	-4,17538
1100,73	4,95128
1100,96	9,74462
1101,20	12,62462
1101,44	2,69128
1101,68	-2,06872
1101,92	-5,47538
1102,16	-2,60872
1102,40	-0,68205
1102,64	1,67128
1102,87	3,69795
1103,11	0,55795
1103,35	-0,16872
1103,59	-3,00872
1103,83	-4,31538
1104,07	-1,18205
1104,31	0,39795
1104,55	1,19128
1104,78	-5,09538
1105,02	-1,86205
1105,26	-4,72205
1105,50	-2,27538
1105,74	-8,70872
1105,98	-5,44205
1106,22	-1,06872
1106,45	0,26462
1106,69	-2,19538
1106,93	-5,37538
1107,17	-5,16205
1107,41	-4,46205
1107,65	-7,08205
1107,89	-5,00205
1108,12	-4,25538
1108,36	-8,49538
1108,60	-7,90872
1108,84	-7,04872
1109,08	-4,45538
1109,32	-4,72205
1109,55	-6,76872
1109,79	-0,16872
1110,03	-3,50872
1110,27	-1,68205
1110,51	-6,16872
1110,75	-7,09538
1110,99	-7,88205
1111,22	-10,62872
1111,46	-10,19538
1111,70	-11,12205
1111,94	-14,55538
1112,18	-14,99538
1112,42	-12,91538
1112,65	-6,30872
1112,89	-2,93538
1113,13	-5,14205
1113,37	-4,58872
1113,61	-2,99538
1113,85	4,79128
1114,08	3,11128
1114,32	-1,28205
1114,56	-4,04205
1114,80	-4,64872
1115,04	1,11128
1115,28	-3,44872
1115,51	-0,96872
1115,75	-0,78205
1115,99	0,38462
1116,23	-0,23538
1116,47	-0,96205
1116,70	-1,14205
1116,94	-5,15538
1117,18	-3,32205
1117,42	-5,36205
1117,66	-0,32205
1117,90	-8,13538
1118,13	-8,31538
1118,37	-14,61538
1118,61	-13,60872
1118,85	-10,26872
1119,09	-11,06872
1119,32	-6,84872
1119,56	-6,19538
1119,80	-5,91538
1120,04	-10,24872
1120,28	-7,52872
1120,51	-5,64205
1120,75	-3,81538
1120,99	-9,65538